2025-11-05 16:34:43 - fedit - INFO - loss data:
2025-11-05 16:34:43 - fedit - INFO - [0.5297665463929826, 0.973171591758728, 0.5384503482756289, 0.5538343643355701, 0.5020543586994921, 0.5343159238497417, 0.5203058764870678, 1.4921449293072024, 1.143272125058704, 0.43012622247139615, 0.2707018640336173, 0.6490953906904906, 0.6039515444162217, 0.4631602561899594, 0.3282974734902382, 0.15485954309503236, 0.955630898475647, 0.2319524123126434, 0.2605426753205913, 0.6802261747045122, 0.25623308983159526, 0.4271595977661895, 0.43985555099134216, 0.42210563355022007, 0.5281491823908355, 0.508101524785161, 0.3709273150171897, 0.3383344638377729, 0.2889649983156811, 0.6327160295437683, 0.7621724084019661, 0.3775360584259033, 0.21332577926417193, 0.16670432616956532, 0.7199536990374327, 0.47598177691300714, 0.31668590372428296, 0.6777135320007801, 0.48602021113038063, 0.4239856513837973, 0.3494331681036523, 0.7687366228889335, 0.38277929096172253, 0.4580395834313499, 0.32152388244867325, 0.31028045198717524, 0.3597131728505095, 0.4985530972480774, 0.274276080940451, 0.26099367501835025, 0.2202797057953748, 0.2864208985120058, 0.23723442513595122, 1.3341650913469494, 0.3109512243083575, 0.30292558692621463, 0.285178699841102, 0.3891259186590711, 0.3897518031299114, 0.5980334356427193, 0.26555108596822097, 0.6888365484774113, 0.19833917077630758, 0.07585293972208872, 0.5753508119119538, 0.5120134528049014, 0.7435065768659115, 0.26845583053571836, 1.1822932660579681, 0.2548132548108697, 0.5950635648332536, 0.32574664912935986, 0.40640747851946135, 0.6126676127314568, 0.23309560199127052, 0.3367638603191484, 0.9504093776146572, 0.2726990477078491, 0.16772200401970955, 0.6215102039277554, 0.29026990570127964, 0.4341614246368408, 0.46571377106010914, 1.5021963705393402, 0.1785707459793937, 0.5666959434747696, 0.7348025689522426, 0.2739347765843073, 0.5355913593349132, 0.7916401645375623, 0.42147979885339737, 0.18781095329869651, 1.037788763642311, 0.38453194964677095, 0.3077572174370289, 0.24092573220176355, 0.8039242600401243, 0.36860787123441696, 0.29704168500999606, 0.3872087568872505, 0.2019616946991947, 0.850604735314846, 0.25591192936355417, 0.5652407464970435, 0.71151964366436, 0.522718146443367, 0.36918316781520844, 0.21371298138466147, 0.5111937448382378, 0.2713414886578297, 0.20817390928222312, 0.17898771379675185, 0.2671229247127485, 0.7400934056124904, 0.33409229665994644, 0.32918738946318626, 0.2528077219848079, 0.21974734775722027, 0.24986197799444199, 0.45071807131171227, 0.3143139754530865, 0.21765468269586563, 0.21385840685328558, 0.1914164289418194, 0.19092537994895661, 0.5448721330612898, 0.3970003202557564, 0.46748434007167816, 0.22685099579393864, 0.22500226658756856, 0.36474851320381274, 1.5646329021879606, 0.16080086229679486, 0.39674710177562456, 0.7046191940704982, 0.30528951862028664, 0.5957882702350616, 0.3143979609012604, 0.5598331019282341, 0.19666939063204658, 0.19917167676612735, 0.21308309144594453, 0.4733210081855456, 0.4242574404925108, 0.19956807088520792, 0.22448406973853707, 0.17631342525904378, 0.2649383660671967, 0.3911663016511334, 0.20320293948882157, 0.25737443559065265, 0.46294938320560114, 0.17175807847330968, 0.13567678978142794, 0.29733377332533045, 0.1606832966208458, 0.6820013020963718, 0.42426511769493425, 0.22767088109893457, 0.2526933297684247, 0.23932724840983394, 0.08865451801102608, 1.0370198662082355, 0.3928574372199364, 1.5786223626799054, 0.4042364799727996, 0.633511603047902, 0.32285926842855084, 0.35228096445401513, 0.3010863481710354, 0.24935313262190523, 0.4976818128488958, 0.3475219858344644, 0.2939722489876052, 0.9351967345509264, 0.654067802642073, 0.8738727304153144, 0.649715476536325, 1.0184179991483688, 0.4606429004872387, 0.4871036261320114, 0.13271905875040424, 0.37425042858177965, 0.32185797253623605, 0.4631260757080533, 0.7230264246463776, 0.4272804636169564, 0.21055399939756503, 0.26962670768526464, 0.5459060234328111, 0.354628946831716, 0.4222604554485191, 0.21585557361443836, 0.41671763236323994, 0.5097183833519617, 0.5066687106820089, 0.20777597185224295, 0.4460814065215263, 0.14805449997740133, 0.1980621825903654]
2025-11-08 11:46:45 - fedit - INFO - loss data:
2025-11-08 11:46:45 - fedit - INFO - [0.5226068462837826, 0.9047990590333939, 0.5189680241217667, 0.5402796866579188, 0.4799793165709291, 0.5574836979309719, 0.5142107627221516, 1.3602551819135746, 0.8266612241665522, 0.39898135513067245, 0.2648396538599627, 0.6555975526571274, 0.585488391870802, 0.4122357057141406, 0.4079270139336586, 0.17035416319655877, 0.9730710983276367, 0.22384009481821623, 0.2998589729624135, 0.298870482527127, 0.2304152165576604, 0.40180850490610787, 0.509938389888157, 0.4723149831924174, 0.5522977308266692, 0.47517167404294014, 0.38295469459409665, 0.3590664650228891, 0.2660480937497183, 0.5622288825159723, 0.5742281414568424, 0.33239589631557465, 0.25299356225878, 0.19233853942326581, 1.0219084446628888, 0.5379893109202385, 0.30126153882592915, 0.5956020429730415, 0.48840116150677204, 0.36948613449931145, 0.37856029426412924, 0.4310228409753605, 0.18141044011960428, 0.4227560642692778, 0.35731994236509, 0.3161724093591883, 0.4804220162332058, 0.33236414566636086, 0.3050935110077262, 0.27471475675702095, 0.3065021925351836, 0.36637253748873866, 0.21389449804412128, 1.6031377151918909, 0.28809208394442165, 0.3276309577578848, 0.3993629111597935, 0.3925927604238192, 0.3899138644337654, 0.3746905103325844, 0.27689260177846464, 0.43977750837802887, 0.19907970460397856, 0.08268967217411825, 0.5708643934792943, 0.4336804053322836, 0.7187798265367746, 0.22881991442825111, 1.7284073531627655, 0.33330581593327224, 0.48442380448492867, 0.5197091863919923, 0.45706786723299464, 0.6513573080301285, 0.28294403952631086, 0.373955625250484, 0.7595736881097158, 0.3237273076342212, 0.16753055717088666, 0.7422743588685989, 0.27246186551120544, 0.49836549162864685, 0.44561011270561723, 1.762994109229608, 0.1735513941050562, 0.6642934938427061, 0.9464181276659172, 0.2738548877338568, 0.27629957314242015, 0.5065969830999771, 0.2778773754835129, 0.23056250355403982, 1.4569527357816696, 0.47144144163890317, 0.23956072889268398, 0.2643919231902276, 1.1259773075580597, 0.29023703932762146, 0.1907961353038748, 0.3881969700256983, 0.22932058655553395, 0.1473944027093239, 0.22676200360398402, 0.5142999666942549, 0.3438198082149029, 0.29042522981762886, 0.3017027145251632, 0.19589023519721296, 0.12013143952935934, 0.45401708471278346, 0.20985921015297726, 0.24487180023321084, 0.37061448871172614, 0.8133391235023737, 0.09378881938755512, 0.3315106938992228, 0.27444601373163735, 0.1990613266825676, 0.20461824862286448, 0.40967107005417347, 0.33575543897927973, 0.21251411642879248, 0.27385355811566114, 0.19951441922476365, 0.15386079202982642, 0.6248915810137987, 0.3993920013308525, 0.21421295031905174, 0.2652517091482878, 0.23942495534777058, 0.4052539555181284, 2.138057911236371, 0.18279450971426237, 0.4064212635422897, 0.6117354308565457, 0.2422394853617464, 0.8068854510784149, 0.38964460976421833, 0.17629771120846272, 0.22934614453050825, 0.18688143556937575, 0.25039683756503195, 0.28063325335582096, 0.3405266683548689, 0.18706401996314526, 0.16869958064385823, 0.13601654668649038, 0.2856482042531882, 0.4248119447794225, 0.2291169712940852, 0.23779442417737726, 0.22793620079755783, 0.14830492914964755, 0.17771308344454156, 0.3153165095219655, 0.31877036578953266, 0.8403758756402466, 0.5168836861848831, 0.19839341778840336, 0.27201370426425425, 0.2336884868819089, 0.0741538718653222, 1.0673441601296265, 0.20210998369730077, 1.7078774637646146, 0.41378407801191014, 0.8393179198557681, 0.2973838502334224, 0.3748661739130815, 0.26083866165330016, 0.2547232440080155, 0.15391319328919054, 0.6614322549663484, 0.320689630927518, 1.303076282557514, 0.7885907801932522, 0.7122846400099141, 0.8613897921251399, 0.7670622393488884, 0.30624937774105504, 0.4896277189254761, 0.1979693565517664, 0.4087012217126109, 0.3456980342666308, 0.4993005877530033, 0.890015497803688, 0.5070138175717809, 0.23066125175153668, 0.5476787947118282, 0.6280262693762779, 0.3504634427704981, 0.4412596130912954, 0.4925343563987149, 0.42022636501739424, 0.5174839840167098, 0.278518202714622, 0.19723721380744663, 0.4345732888376171, 0.15606525939490112, 0.2129807241881887]
2025-11-09 16:41:30 - fedit - INFO - loss data:
2025-11-09 16:41:30 - fedit - INFO - [0.5234082132916559, 0.9546744525432587, 0.5426917617971247, 0.5483209807425737, 0.4875554330646992, 0.5588313043117523, 0.5317336249032191, 1.411747318133712, 1.0379021399550967, 0.45546139280001324, 0.2891892924264539, 0.7412426727823913, 0.7692003978246993, 0.5991685049874442, 0.3695784620940685, 0.17027097893878818, 0.8767698295414448, 0.22160707408006095, 0.2501746192574501, 0.3078880433957238, 0.22829125908508352, 0.40292217090544813, 0.5381735089191352, 0.42004333270920646, 0.5898594094647301, 0.5915399231016636, 0.3870227701134152, 0.3257133472673219, 0.3236683840778741, 0.6673209228637543, 0.8436104618012905, 0.3305964581668377, 0.2505830818166336, 0.10029950838846464, 0.8776229922530345, 0.5196943071981271, 0.31565297857547797, 0.8741193544119596, 0.6901860237121582, 0.27622570532063645, 0.3702809982267874, 0.37428556839850813, 0.23204340583955246, 0.429126750677824, 0.3673022501170635, 0.322801512030382, 0.3420527124156555, 0.3819049671292305, 0.332648161887413, 0.2861560881137848, 0.26794715293429117, 0.37482367704312003, 0.2267514293720726, 1.5241863932150106, 0.2740427618070195, 0.3058349083770405, 0.440789078672727, 0.3418040260051688, 0.5366892069578171, 0.48415161669254303, 0.30106424232797013, 0.43700746819376945, 0.24684199557772704, 0.09730633433168155, 0.5428049229085445, 0.411831466650421, 0.8707699440419674, 0.2827921150074828, 1.2781138122081757, 0.3205011049285531, 0.46187096446131665, 0.48055250449106096, 0.34022490375421266, 0.7305607497692108, 0.25395295012629393, 0.3427727897510384, 0.708271020402511, 0.30343593222399556, 0.17976776457461793, 0.5757557339966297, 0.2590642128553655, 0.45608163997530937, 0.35900843201670796, 1.597357264296575, 0.1706894691791806, 0.3530402723699808, 1.0618197781344254, 0.3175707086920738, 0.2465346629985354, 0.806620602392488, 0.30364383943378925, 0.19309150313845638, 1.1764297634363174, 0.5518441979180683, 0.26605992019176483, 0.3186250842575516, 0.7859404819707075, 0.42173799499869347, 0.2740268545846144, 0.3417969797220495, 0.24555029761460093, 0.24405381549149752, 0.2644798852164637, 0.7218251686011041, 0.24778526090085506, 0.2133775856345892, 0.3947800360620022, 0.23148239879972404, 0.20969560742378235, 0.32318060410519445, 0.19594767565528554, 0.18188798347754137, 0.3315127002715599, 0.7250861654227431, 0.14933205023407936, 0.31466327434671776, 0.26546171883290465, 0.2599571458995342, 0.26959176547825336, 0.44243915751576424, 0.3636944218744318, 0.21651860792189837, 0.3104322853764253, 0.22495619399798295, 0.1549611408263445, 0.758476234972477, 0.34866315871477127, 0.3763645514845848, 0.3194384668022394, 0.21069304406788056, 0.4511605720996158, 1.6194525172135659, 0.17126637803804542, 0.416060413995927, 0.7734983811775844, 0.31499841596399036, 0.8639293871819973, 0.41512422636151314, 0.21924300491809845, 0.23201792811354, 0.2526883091777563, 0.2236633077263832, 0.2641730761776368, 0.47352716233581305, 0.25505489524867797, 0.29523088596761227, 0.22930634083847204, 0.23550530270274195, 0.5154138751741912, 0.20952006781266796, 0.24550315759495484, 0.40640972395028385, 0.31066410133304695, 0.13833892146067228, 0.2978650274287377, 0.24326935037970543, 0.6871951414893072, 0.5108750814365016, 0.3488957818065371, 0.2751148029635049, 0.24372765258664175, 0.07337114703841507, 1.1224665852884452, 0.16879473704611883, 1.7002182470427618, 0.40026755405194836, 0.8937331651422111, 0.3823571494883961, 0.29808182145158446, 0.29883826337754726, 0.23338135444353542, 0.1605899503454566, 0.7518104632540296, 0.3735981888603419, 0.9325304973042674, 0.9136950206011534, 0.9927130465927932, 0.5594779421974506, 0.8507304191589355, 0.37098797800188715, 0.6621586158871651, 0.2148868865850899, 0.37832649306140165, 0.41068550751854976, 0.5336028340018608, 0.8224867731332779, 0.5499914810908112, 0.2020447296090424, 0.5527912198819898, 0.7195663290719191, 0.2647880648395845, 0.39533728547394276, 0.3604193619555897, 0.5295565926159421, 0.6089397358397642, 0.223659049586526, 0.17980218758540495, 0.5087149317630313, 0.33027663667287144, 0.17407146164526544]
2025-11-10 15:00:30 - fedit - INFO - loss data:
2025-11-10 15:00:30 - fedit - INFO - [0.5234082132916559, 0.9546744525432587, 0.5426917617971247, 0.5483209807425737, 0.4875554330646992, 0.5588313043117523, 0.5317336249032191, 1.411747318133712, 1.0379021399550967, 0.45546139280001324, 0.2891892924264539, 0.7412426727823913, 0.7692003978246993, 0.5991685049874442, 0.3695784620940685, 0.17027097893878818, 0.8767698295414448, 0.22160707408006095, 0.2501746192574501, 0.3078880433957238, 0.22829125908508352, 0.40292217090544813, 0.5381735089191352, 0.42004333270920646, 0.5898594094647301, 0.5915399231016636, 0.3870227701134152, 0.3257133472673219, 0.3236683840778741, 0.6673209228637543, 0.8436104618012905, 0.3305964581668377, 0.2505830818166336, 0.10029950838846464, 0.8776229922530345, 0.5196943071981271, 0.31565297857547797, 0.8741193544119596, 0.6901860237121582, 0.27622570532063645, 0.3702809982267874, 0.37428556839850813, 0.23204340583955246, 0.429126750677824, 0.3673022501170635, 0.322801512030382, 0.3420527124156555, 0.3819049671292305, 0.332648161887413, 0.2861560881137848, 0.26794715293429117, 0.37482367704312003, 0.2267514293720726, 1.5241863932150106, 0.2740427618070195, 0.3058349083770405, 0.440789078672727, 0.3418040260051688, 0.5366892069578171, 0.48415161669254303, 0.30106424232797013, 0.43700746819376945, 0.24684199557772704, 0.09730633433168155, 0.5428049229085445, 0.411831466650421, 0.8707699440419674, 0.2827921150074828, 1.2781138122081757, 0.3205011049285531, 0.46187096446131665, 0.48055250449106096, 0.34022490375421266, 0.7305607497692108, 0.25395295012629393, 0.3427727897510384, 0.708271020402511, 0.30343593222399556, 0.17976776457461793, 0.5757557339966297, 0.2590642128553655, 0.45608163997530937, 0.35900843201670796, 1.597357264296575, 0.1706894691791806, 0.3530402723699808, 1.0618197781344254, 0.3175707086920738, 0.2465346629985354, 0.806620602392488, 0.30364383943378925, 0.19309150313845638, 1.1764297634363174, 0.5518441979180683, 0.26605992019176483, 0.3186250842575516, 0.7859404819707075, 0.42173799499869347, 0.2740268545846144, 0.3417969797220495, 0.24555029761460093, 0.24405381549149752, 0.2644798852164637, 0.7218251686011041, 0.24778526090085506, 0.2133775856345892, 0.3947800360620022, 0.23148239879972404, 0.20969560742378235, 0.32318060410519445, 0.19594767565528554, 0.18188798347754137, 0.3315127002715599, 0.7250861654227431, 0.14933205023407936, 0.31466327434671776, 0.26546171883290465, 0.2599571458995342, 0.26959176547825336, 0.44243915751576424, 0.3636944218744318, 0.21651860792189837, 0.3104322853764253, 0.22495619399798295, 0.1549611408263445, 0.758476234972477, 0.34866315871477127, 0.3763645514845848, 0.3194384668022394, 0.21069304406788056, 0.4511605720996158, 1.6194525172135659, 0.17126637803804542, 0.416060413995927, 0.7734983811775844, 0.31499841596399036, 0.8639293871819973, 0.41512422636151314, 0.21924300491809845, 0.23201792811354, 0.2526883091777563, 0.2236633077263832, 0.2641730761776368, 0.47352716233581305, 0.25505489524867797, 0.29523088596761227, 0.22930634083847204, 0.23550530270274195, 0.5154138751741912, 0.20952006781266796, 0.24550315759495484, 0.40640972395028385, 0.31066410133304695, 0.13833892146067228, 0.2978650274287377, 0.24326935037970543, 0.6871951414893072, 0.5108750814365016, 0.3488957818065371, 0.2751148029635049, 0.24372765258664175, 0.07337114703841507, 1.1224665852884452, 0.16879473704611883, 1.7002182470427618, 0.40026755405194836, 0.8937331651422111, 0.3823571494883961, 0.29808182145158446, 0.29883826337754726, 0.23338135444353542, 0.1605899503454566, 0.7518104632540296, 0.3735981888603419, 0.9325304973042674, 0.9136950206011534, 0.9927130465927932, 0.5594779421974506, 0.8507304191589355, 0.37098797800188715, 0.6621586158871651, 0.2148868865850899, 0.37832649306140165, 0.41068550751854976, 0.5336028340018608, 0.8224867731332779, 0.5499914810908112, 0.2020447296090424, 0.5527912198819898, 0.7195663290719191, 0.2647880648395845, 0.39533728547394276, 0.3604193619555897, 0.5295565926159421, 0.6089397358397642, 0.223659049586526, 0.17980218758540495, 0.5087149317630313, 0.33027663667287144, 0.17407146164526544]
2025-11-11 06:32:49 - fedit - INFO - loss data:
2025-11-11 06:32:49 - fedit - INFO - [0.5136758966202086, 0.9891325682401657, 0.5332709010690451, 0.5545544582936499, 0.5000684154885155, 0.5506208886702855, 0.49055192513125284, 1.2440932180111608, 0.9654067415330145, 0.4490929072101911, 0.2825790785223944, 0.8753896057605743, 0.5972228006205775, 0.5650355980864593, 0.35929863527417183, 0.17309818115706244, 0.9458557292819023, 0.25561444779547554, 0.344580401001232, 0.5325843907077796, 0.2229573748667132, 0.41724032358082086, 0.45967652433282635, 0.40946317795250153, 0.5953517061554723, 0.5986455716192722, 0.3939560047830596, 0.3860132942597071, 0.309783818369562, 0.479986656118523, 0.5040737399831414, 0.2985150460153818, 0.33391546853818, 0.147583070754384, 1.3835904084973865, 0.4676932593186697, 0.3102705699391663, 0.7363326027989388, 0.4793533645570278, 0.4305747039616108, 0.39749861096165007, 0.4777622859586369, 0.23451660927385093, 0.490913697414928, 0.3256747697790464, 0.3279682663638913, 0.4046740112826228, 0.3118337132036686, 0.280211869095053, 0.2897125739190314, 0.2558402429250154, 0.39419952366087174, 0.22562592441220963, 1.2030997255972276, 0.29064806894813144, 0.3073631502838448, 0.4775696980456511, 0.27731689934929216, 0.42738795280456543, 0.5087588131427765, 0.2823024036007978, 0.5027909204363823, 0.24424470482128008, 0.08774669409852193, 0.5073594736556213, 0.43934872407804837, 0.6424869853071868, 0.25317417537527426, 1.4182581901550293, 0.3481400345141689, 0.5111431241966784, 0.53306250167916, 0.5988378680565141, 1.2110264003276825, 0.22237128047554783, 0.3936059375603994, 0.637063555419445, 0.30833650421765113, 0.17661145954070062, 0.9307257905602455, 0.31354362186458373, 0.29611095041036606, 0.25412058304791574, 1.9300342588262125, 0.17869284179305395, 0.5418068352155387, 0.7775577039768299, 0.4407416780789693, 0.3592396808618849, 0.4949244028992123, 0.2782167452387512, 0.19229840955725222, 1.7774308919906616, 0.4772113688628782, 0.24871178669854999, 0.2951359591845955, 0.8794498840967814, 0.40882501378655434, 0.2931727680067221, 0.306371363500754, 0.22844854783680704, 0.2546633236343041, 0.2773424629122019, 0.5885581326271807, 0.4133139103651047, 0.28318583592772484, 0.3544001877307892, 0.20225471692780655, 0.17182761058211327, 0.2656169105321169, 0.23604838476693701, 0.19513599521347455, 0.4354124224475527, 0.7630873142995618, 0.1681599412113428, 0.3233521250741822, 0.27314083029826486, 0.16753123933449388, 0.16879737842828035, 0.4183425004594028, 0.3677398441964156, 0.18787822406738997, 0.25689380510843224, 0.20366841726123341, 0.1781052773197492, 0.6268345303833485, 0.3343381956219673, 0.31935273110866547, 0.28766671288758516, 0.226857856375637, 0.39955459597913434, 1.903717660212091, 0.18227772711414017, 0.4214579638168968, 0.7828793674707413, 0.2915562817028591, 0.704380976036191, 0.3141326867043972, 0.22979488596320152, 0.19564252802067333, 0.23260616045445204, 0.20243634664538232, 0.3089158245258861, 0.35461257165297866, 0.23782667972975308, 0.2244093646960599, 0.16906913315566877, 0.2927339132875204, 0.47096192671193016, 0.22748961154785421, 0.2532726303105811, 0.3132614477404526, 0.19458361295983195, 0.20444212513393722, 0.3220073441043496, 0.3976845443248749, 0.6344978854888015, 0.7428432835472955, 0.2399900124541351, 0.28483057483052365, 0.2340974577192572, 0.08845700278567771, 1.136407385269801, 0.13643407748895697, 1.6180340068207846, 0.42557792289351876, 0.8905294552784074, 0.26675334490007824, 0.31686875844995177, 0.31457332645853364, 0.24894522557446325, 0.2532841627718881, 0.7418773248636474, 0.4248089116687576, 1.099681647701396, 0.717611791166876, 0.8512191477098635, 0.7279631653800607, 0.6960259824991226, 0.3370327761566097, 0.6667890027165413, 0.17476644905077088, 0.4472646950320764, 0.3667944483148555, 0.5027581191706386, 0.8710192739963531, 0.5310489531098441, 0.23260087587616662, 0.5758898684077642, 0.7156911231577396, 0.22193010962967363, 0.4950352957980199, 0.4586612648434109, 0.43835145897335476, 0.6052131069203218, 0.29928172349796767, 0.15861869709832327, 0.49496039138598874, 0.20130570019994465, 0.17221981721619767]
2025-11-13 15:45:17 - fedit - INFO - loss data:
2025-11-13 15:45:17 - fedit - INFO - [0.5075580911202864, 1.132986307144165, 0.5829750819301063, 0.5640055353028907, 0.5276124312409333, 0.5608090559641521, 0.5656563676893711, 1.4496463598062594, 1.191276754770014, 0.49245746930440265, 0.30774852188042134, 0.8227534741163254, 1.0750462781976569, 0.8038123053099429, 0.4323277585208416, 0.19169765698413055, 1.1882229074835777, 0.23858039332036343, 0.34368588775396347, 0.4886862920015119, 0.2238682099975201, 0.4367592301999038, 0.5864023718371755, 0.47114304453134537, 0.58243203535676, 0.5553445536643267, 0.43444232860899934, 0.3878427738267364, 0.3216605389660055, 0.6545499735935167, 0.7003421422559768, 0.3302373234182596, 0.3810950008531412, 0.08965665847063065, 0.8481796301073499, 0.49832374850908917, 0.31484962285806734, 0.9058296382427216, 0.7790340557694435, 0.3564644089589516, 0.3839553360760744, 0.5851086112247272, 0.2657191858937343, 0.4856157600879669, 0.3513290484746297, 0.3662740768539527, 0.38758765223125613, 0.3414241122081876, 0.3343422251443068, 0.3337426669895649, 0.2387902760370211, 0.47222632190419567, 0.24898562828214685, 1.2134232829635343, 0.35792841974438894, 0.35264913504472883, 0.5838900183637937, 0.3609912617442509, 0.387893944978714, 0.5545729994773865, 0.32591638477548723, 0.5648241341114044, 0.29216016815709217, 0.10363768385624487, 0.5857566214270062, 0.47873325544324785, 0.7485849671065807, 0.30312859471000375, 1.3035910725593567, 0.38678965748598176, 0.6393937597361704, 0.5475385149067733, 0.5423204397613353, 0.9142322689294815, 0.30121887147878157, 0.40432819520885294, 0.6155539304018021, 0.36683791627486545, 0.20044258436590265, 0.6898049488663673, 0.27493873735268914, 0.35772090777754784, 0.3272281997400569, 1.6329930919137867, 0.2314238093001121, 0.7163106873631477, 0.8598970907429855, 0.3688977534572283, 0.40322113460437814, 0.5573627675573031, 0.3930116668343544, 0.23653674380232892, 1.6475009322166443, 0.5636787997050718, 0.27081757597625256, 0.35336195384817465, 0.9476006776094437, 0.47952577471733093, 0.34767078422009945, 0.3578031241065926, 0.24644295043415493, 0.3341871630400419, 0.3077537044036117, 0.7280624597998602, 0.48347236029803753, 0.4090254195034504, 0.3810923136770725, 0.2724802547858821, 0.2432798109948635, 0.3114453175415596, 0.25483569004572926, 0.2324548214673996, 0.4549623394588707, 0.599299630658193, 0.18165242671966553, 0.3657051636172193, 0.32175311276858504, 0.31193529535084963, 0.21940610278397799, 0.4697025828063488, 0.41703633308507404, 0.2288710493594408, 0.32317289009113753, 0.2592916475638511, 0.20874996669590473, 0.7252851016819477, 0.3291974328458309, 0.40144316107034683, 0.47400213219225407, 0.29239753207990105, 0.4262215830560308, 1.7131096002246653, 0.22944105644192964, 0.5760118484196037, 0.7502929071585338, 0.3309680792902197, 0.7110918462276459, 0.3332336712628603, 0.30660561472177505, 0.33085224467019236, 0.2658601189032197, 0.2772335648875345, 0.3335459931857056, 0.4085867330431938, 0.25091355169812835, 0.25512846000492573, 0.1897409498381118, 0.3412739671766758, 0.5394688198963801, 0.2594798203143809, 0.32504943870128944, 0.2632771142359291, 0.24153392296284437, 0.18540205977187724, 0.3605225062263863, 0.34429821744561195, 0.7698990964692913, 1.052339476843675, 0.21985017934015819, 0.38448406110583533, 0.2777309310932954, 0.1280096755363047, 1.1932076613108318, 0.4389849045779556, 1.8270571463637881, 0.5264957252551209, 1.3767538097771732, 0.3076094678706593, 0.3505633994936943, 0.41894226893782616, 0.29344912182975125, 0.36482097590342166, 0.7686660882396003, 0.40473403347035247, 1.1947177851365671, 0.7668394600706441, 0.8460412898233959, 0.8158726521900722, 0.8839197307825089, 0.5510390275581316, 0.6480471566319466, 0.24898109171125624, 0.4598891291428696, 0.427972265953819, 0.5537818184291774, 0.9346266388893127, 0.5667296732691202, 0.22027476263147863, 0.7081742906434969, 0.7487263344228268, 0.35281857874776634, 0.5108713697303425, 0.5542306722038322, 0.487726135386361, 0.6865115434759193, 0.45398994881127563, 0.23457371816039085, 0.5504415687173605, 0.21847904127623352, 0.22759912628680468]
2025-11-14 05:33:53 - fedit - INFO - loss data:
2025-11-14 05:33:53 - fedit - INFO - [0.528281907466325, 1.0606944262981415, 0.5613937425342472, 0.5681418074915807, 0.5302300373358386, 0.5445703168710072, 0.533393356949091, 1.607005737349391, 1.4166060893072023, 0.49057402710119885, 0.2880011958623072, 0.8528697714209557, 0.9620189592242241, 0.7521148145731007, 0.40728089213371277, 0.19137438197309772, 1.0057069808244705, 0.240198322183763, 0.29069169184991295, 0.4996324076448218, 0.24419662727344654, 0.42261053311999097, 0.6392515136292787, 0.43904638207621044, 0.5200205337670114, 0.5041560530662537, 0.4064248322951372, 0.4031877239996737, 0.32961447604677896, 0.7718842249702323, 0.6843806952238083, 0.35618534311652184, 0.2936743528892597, 0.16285586062197885, 0.879859461552567, 0.5379176326096058, 0.3576272793735067, 0.8184702172875404, 0.7151724994182587, 0.4020487780993183, 0.41752761974930763, 0.5797046399251982, 0.39057698131849367, 0.4813453521993425, 0.35655508438746136, 0.33268989134757293, 0.4582778667099774, 0.3433040417730808, 0.3376351118619953, 0.29744129586550927, 0.29128050804138184, 0.2898441923575269, 0.24851359330892187, 1.555811029051741, 0.3349036113359034, 0.3651465271232706, 0.41192930936813354, 0.5703006312251091, 0.38852309435606003, 0.5663002580404282, 0.3104868067044114, 0.7126410342752934, 0.2753002750022071, 0.09369613867519158, 0.6117286127474573, 0.553203421221538, 0.9187772423028946, 0.31165234748983667, 1.2747646570205688, 0.37595589257155854, 0.7254531302799782, 0.42003788552392507, 0.472282715480436, 0.7386547550559044, 0.3513900712132454, 0.39084912396290084, 0.7431407223145168, 0.36142745200130677, 0.20689805278776807, 0.658179484307766, 0.32071560538477367, 0.520890336483717, 0.5444256669434253, 1.4102118323472412, 0.22699032080951534, 0.5323642893927172, 0.9050113366295893, 0.33092186227440834, 0.4100061480633237, 0.6149211819801066, 0.4057718478143215, 0.25499672845118876, 1.2902027070522308, 0.5551345514302903, 0.42365974374115467, 0.3073959773672479, 0.9808747048179309, 0.4017796888947487, 0.3586812956879536, 0.32634167869885766, 0.29314943154652917, 0.5257051829248667, 0.3251099485734647, 0.5196333854858364, 0.6471605040132999, 0.5285558924078941, 0.34749944135546684, 0.2813670670406686, 0.34551944583654404, 0.40501662623137236, 0.26049584100200307, 0.26227965445390766, 0.31763571173360106, 0.7694954850118269, 0.32706792280077934, 0.3345692231585937, 0.3196483736274519, 0.30522033385932446, 0.23053733445703983, 0.5112644173204899, 0.4041615357840216, 0.25983155332505703, 0.3064201465719158, 0.23844231904617377, 0.21521843215894132, 0.6305530834943056, 0.3493153490126133, 0.4301348999142647, 0.27747162990272045, 0.3137345237463906, 0.3968652321200352, 1.6148123972650086, 0.22315455227055483, 0.5538657830670627, 0.6729340801636379, 0.40422095943774494, 0.6676813755184412, 0.3647196963429451, 0.4469737038016319, 0.31272641031278503, 0.23143005277961493, 0.2812280338257551, 0.5537778056330152, 0.41018895246088505, 0.21082448379860985, 0.27559299687189714, 0.17833846096570294, 0.2968516400349992, 0.49181153832210434, 0.27926215612226063, 0.3241282052469331, 0.34166358837059563, 0.2435042668133974, 0.19718779314571294, 0.3498681943331446, 0.20069893822073936, 0.9571835257940822, 0.6585132289263937, 0.19898069942636148, 0.38686051678777944, 0.28769117945893885, 0.11876831358919542, 1.080508661766847, 0.2910013318178244, 1.5878831677966647, 0.5503258717556794, 0.8571955043483864, 0.33068911565674675, 0.39756342520316446, 0.3166703556974729, 0.33011332737257726, 0.46630554404109714, 0.40980745948230224, 0.41255142182732624, 0.9415719757477442, 0.8610069742426276, 0.8766840534018618, 0.7161854981843914, 0.9683653116226196, 0.525386911562898, 0.5326328836381435, 0.19278545387917095, 0.4512889666313475, 0.3946963698292772, 0.4998709506947886, 0.8287854939699173, 0.5119623074477369, 0.30030614933507005, 0.3761825121261857, 0.6769296067456405, 0.591634436111365, 0.4860437166961757, 0.39850557719667756, 0.5154439109481044, 0.6102426217661964, 0.5021439266524145, 0.22787729491080555, 0.4969633255492557, 0.1915968507528305, 0.2504151077320178]
2025-11-14 14:42:24 - fedit - INFO - loss data:
2025-11-14 14:42:24 - fedit - INFO - [0.5258469540964473, 1.02151657640934, 0.5759238361973654, 0.5599796457423104, 0.538509661597865, 0.5580547774831455, 0.5629722332315785, 1.4737321420883138, 1.5272507551643584, 0.4517683225373427, 0.3003313043038361, 0.8821064159274101, 0.9737378744916483, 0.7235554791986942, 0.5447329767048359, 0.1970762916530172, 0.7279079966247082, 0.23596102232760233, 0.27489263457911356, 0.3678795555882971, 0.250374328617578, 0.41723038020378833, 0.7977404157383716, 0.42757928123076755, 0.5634264687283171, 0.6091253161430359, 0.4127498314800587, 0.3706503804735463, 0.3011655411259695, 0.8679800768467513, 0.5483598839491606, 0.3833524100482464, 0.27806819727023446, 0.10148252670963605, 0.688917069359579, 0.519312534481287, 0.3257551528668652, 0.8698371723294258, 0.8442264199256897, 0.30014273524284363, 0.444939065192427, 0.44839607111432334, 0.28733926542724175, 0.41127629536721444, 0.3528785320619742, 0.3612988976732133, 0.5065016858279705, 0.376596225425601, 0.3603894088772081, 0.2945515666570928, 0.2801313945515589, 0.43228538831075036, 0.2543188174074102, 1.603068049469342, 0.3300844605287744, 0.3545512513379858, 0.4495378533999125, 0.45623262971639633, 0.5090575069189072, 0.4847089536488056, 0.3246886150113174, 0.6240249127149582, 0.30851686692663605, 0.1128013394501717, 0.5959971911377377, 0.41216729987751355, 0.8113435637205839, 0.3181860763579607, 1.4476592242717743, 0.43069464061409235, 0.4213033327056716, 0.3168865562678548, 0.42703622139313, 0.7496383786201477, 0.32065869619448983, 0.4313124767645742, 0.8055228516459465, 0.3742020568913884, 0.19733784994347264, 0.646753329783678, 0.33824772594703567, 0.6566890850663185, 0.48617413705505896, 1.573545814915137, 0.22157633978187935, 0.5336000099778175, 0.9498193822801113, 0.4112508917848269, 0.36482063257558783, 0.6693693705730968, 0.4199957810342312, 0.2491725507657975, 1.4129540622234344, 0.5819519660012289, 0.534859798848629, 0.5106144611324582, 0.8419492517908415, 0.44719094783067703, 0.4412954437235991, 0.4569789225028621, 0.3344173522459136, 0.2956651207059622, 0.3349450819871642, 0.7363028060644865, 0.4077565483748913, 0.37287551537156105, 0.4782215151935816, 0.3605387653741572, 0.2202582973986864, 0.49157947177688277, 0.23174067157254152, 0.18748921022883483, 0.35146802320232384, 0.8886731248348951, 0.1944609209895134, 0.34279515660767046, 0.3261196376247839, 0.35287803411483765, 0.23834678251296282, 0.5700867753475904, 0.4566445721966492, 0.2584939207881689, 0.3475931576231406, 0.2648371432627004, 0.1758804011291691, 0.8423405960202217, 0.43815429508686066, 0.36551975831389427, 0.5150742307305336, 0.2732240171836955, 0.49611451230302916, 1.6334654781967402, 0.23147822119709516, 0.5582364079062686, 0.7562996024886768, 0.38042384492499487, 0.8485725894570351, 0.436235174536705, 0.2930866926908493, 0.34202952351835036, 0.2815080154687166, 0.2710865583609451, 0.28627739350001014, 0.5863590613007545, 0.28685633424255585, 0.2922971653086799, 0.20021028614913422, 0.24948051678282873, 0.5845029809408717, 0.26262222768531907, 0.32222538298697445, 0.4792663971228259, 0.275315260545661, 0.1575055750377942, 0.33871823868581225, 0.21854381635785103, 0.7176182027906179, 0.778049925963084, 0.28061241284012794, 0.3902393864336038, 0.2634360613212699, 0.10607646179075042, 1.2287964671850204, 0.3318251803575549, 1.860454860660765, 0.5499379769193403, 1.0761713270436633, 0.46853960677981377, 0.4243143300215403, 0.34874037094414234, 0.2863416006764421, 0.23285321975126863, 0.8584664228061835, 0.40965984839325154, 1.0448988634679053, 1.0240651555359364, 1.1046679964555162, 0.7249017722372497, 0.9538076519966125, 0.41429447365755384, 0.6730405129492283, 0.28186783442894614, 0.4540769901465286, 0.47359141434232394, 0.5892394330691207, 1.044966995716095, 0.5979597678577357, 0.24063770394687625, 0.6042512838136066, 0.736654410759608, 0.2597003270472799, 0.4577297012914311, 0.5899733081459999, 0.6409624587330554, 0.6826299391686916, 0.26870304346084595, 0.24051627569964953, 0.5616178617558696, 0.3002360157136406, 0.2215700179338455]
2025-11-21 16:06:21 - fedit - INFO - loss data:
2025-11-21 16:06:21 - fedit - INFO - [0.5135431693955547, 0.6626675153772037, 0.5049911482880513, 0.41795517752567923, 0.7023653783835471, 0.8161809591407125, 0.41472451318986714, 0.44343162002041936, 0.4469585904408069, 0.661359394295141, 1.299113055691123, 0.16935956726471585, 0.20156633279596764, 0.9852924196068974, 1.5362363058935713, 0.42701801926725447, 0.501852278644219, 0.5974117376531164, 0.4451104628155008, 0.3224292666146842, 2.6871926128864287, 0.8555808309465647, 0.47298140404745936, 0.6013310407147263, 0.3867496984700362, 0.42431536718822, 0.689626891993814, 0.27005226536033056, 0.606006667082444, 0.47773368529699467, 0.6558459039890405, 0.7650141169627507, 0.7750964747120936, 0.7437048606574536, 0.5486977896187455, 0.21046488420300494, 0.796546150619785, 0.8696088194847107, 0.4779702851718122, 0.7595326751470566, 0.3300984382008513, 0.12549957997495464, 1.2915371251602967, 0.6054326019116811, 0.3641744144881765, 0.304011813364923, 0.4765218099648202, 0.5874127364294095, 0.4447751626441324, 0.36694886639126617, 0.37890169552216924, 0.6126547079710734, 0.6276804500005462, 0.7747914691766102, 0.5701929007967314, 0.5717775461687283, 0.40299958499364963, 0.3761307440839689, 0.4932053810167501, 0.3432326197757253, 0.24653556641036026, 2.094981849193573, 0.37297481174270314, 0.47110281325876713, 0.9880445924672214, 0.5242198124527931, 0.6432815890213281, 0.7716932599533307, 1.4787928904547836, 0.28934608687025803, 0.898717653316756, 1.3517329464356105, 0.46393096347085455, 0.4564740611240268, 0.5811621768004966, 0.5259753054007887, 0.26053662459986904, 0.5441369690466672, 0.5595044343111416, 0.6117397586977671, 0.39940778146098765, 0.20037993436529378, 0.5930691671868166, 1.1883981199774505, 1.489133229944855, 0.3715884104770209, 0.2982601610943675, 0.9113697515955815, 1.4205455007730052, 1.041687678778544, 0.9039731280947173, 0.39062816133013084, 0.33254149965941904, 0.18837555250067306, 0.3403303608923771, 1.2643829421563582, 0.6533138543367386, 0.3223636642874529, 0.6149535297881812, 2.0088896771272022, 1.3376892805099487, 0.6192038934919741, 0.7265802280977369, 1.0123139545321465, 1.1720044314861298, 0.5759749993343245, 0.5407293679182807, 0.6062577962875366, 0.6046246639142434, 1.321208894252777, 0.620736941404931, 0.15200508819737782, 1.481566490465775, 0.6728592123949166, 0.799041393523415, 0.9779295120388269, 0.6138307191318635, 0.9406658939339898, 0.6350672042329705, 0.5762409692009289, 0.805442015454173, 0.6481468618980476, 0.7091912654689466, 0.8333897661756385, 0.5373373826344808, 0.22798606394014012, 1.4792926266789437, 0.9462820289745217, 0.8329031277786602, 0.6599409341812134, 0.6437631988277038, 0.8765092900022864, 0.6578248224797703, 1.2529169087608656, 0.5852514170110226, 0.5940654003645951, 0.573464423387001, 2.746866663297017, 2.079236533741156, 0.46115104927232975, 0.6203820978601773, 0.633111699035874, 0.5578935229529938, 0.5068087445192591, 0.4690152521876768, 0.5645812941559901, 1.134898990392685, 0.7273799188435077, 0.7455954393815427, 0.5819281592965126, 0.32242750273130477, 0.9493355892598629, 0.5840823254769757, 0.5076819246239734, 0.8221934512257576, 0.7119911362727483, 0.9880954264239832, 0.31530578550079774, 0.918358341169854, 0.8501394989266758, 0.701967120107094, 0.8947486151461348, 0.9199495349700252, 1.2529295583566031, 0.322873197371761, 1.455384207268556, 0.4056182070857003, 0.878170581224064, 1.1582375774780909, 0.2806176301712791, 0.4391189294024592, 0.9531866751966023, 1.0874529679616294, 0.7495538465678692, 1.275664574946418, 0.7516127810946532, 1.2303205910104293, 0.6735313281416893, 0.6859982757470309, 1.0339396633207798, 0.6706746503710747, 0.49421963741381963, 0.7033769052475691, 0.3117291804403067, 1.5720353722572327, 1.0108305474679018, 1.2709646760175626, 0.8958220732467318, 1.0010520743827025, 0.6150451548905536, 1.6136072962372392, 0.8583790498475233, 1.1514525264501572, 1.0377020736535392, 1.4245153337717056, 1.1314617562474627, 0.9774066717536362, 0.7436005855600039, 1.269325972054944, 1.266462264513528]
2025-11-21 19:06:02 - fedit - INFO - loss data:
2025-11-21 19:06:02 - fedit - INFO - [0.5135431693955547, 0.6626675153772037, 0.5049911482880513, 0.41795517752567923, 0.7023653783835471, 0.8161809591407125, 0.41472451318986714, 0.44343162002041936, 0.4469585904408069, 0.661359394295141, 1.299113055691123, 0.16935956726471585, 0.20156633279596764, 0.9852924196068974, 1.5362363058935713, 0.42701801926725447, 0.501852278644219, 0.5974117376531164, 0.4451104628155008, 0.3224292666146842, 2.6871926128864287, 0.8555808309465647, 0.47298140404745936, 0.6013310407147263, 0.3867496984700362, 0.42431536718822, 0.689626891993814, 0.27005226536033056, 0.606006667082444, 0.47773368529699467, 0.6558459039890405, 0.7650141169627507, 0.7750964747120936, 0.7437048606574536, 0.5486977896187455, 0.21046488420300494, 0.796546150619785, 0.8696088194847107, 0.4779702851718122, 0.7595326751470566, 0.3300984382008513, 0.12549957997495464, 1.2915371251602967, 0.6054326019116811, 0.3641744144881765, 0.304011813364923, 0.4765218099648202, 0.5874127364294095, 0.4447751626441324, 0.36694886639126617, 0.37890169552216924, 0.6126547079710734, 0.6276804500005462, 0.7747914691766102, 0.5701929007967314, 0.5717775461687283, 0.40299958499364963, 0.3761307440839689, 0.4932053810167501, 0.3432326197757253, 0.24653556641036026, 2.094981849193573, 0.37297481174270314, 0.47110281325876713, 0.9880445924672214, 0.5242198124527931, 0.6432815890213281, 0.7716932599533307, 1.4787928904547836, 0.28934608687025803, 0.898717653316756, 1.3517329464356105, 0.46393096347085455, 0.4564740611240268, 0.5811621768004966, 0.5259753054007887, 0.26053662459986904, 0.5441369690466672, 0.5595044343111416, 0.6117397586977671, 0.39940778146098765, 0.20037993436529378, 0.5930691671868166, 1.1883981199774505, 1.489133229944855, 0.3715884104770209, 0.2982601610943675, 0.9113697515955815, 1.4205455007730052, 1.041687678778544, 0.9039731280947173, 0.39062816133013084, 0.33254149965941904, 0.18837555250067306, 0.3403303608923771, 1.2643829421563582, 0.6533138543367386, 0.3223636642874529, 0.6149535297881812, 2.0088896771272022, 1.3376892805099487, 0.6192038934919741, 0.7265802280977369, 1.0123139545321465, 1.1720044314861298, 0.5759749993343245, 0.5407293679182807, 0.6062577962875366, 0.6046246639142434, 1.321208894252777, 0.620736941404931, 0.15200508819737782, 1.481566490465775, 0.6728592123949166, 0.799041393523415, 0.9779295120388269, 0.6138307191318635, 0.9406658939339898, 0.6350672042329705, 0.5762409692009289, 0.805442015454173, 0.6481468618980476, 0.7091912654689466, 0.8333897661756385, 0.5373373826344808, 0.22798606394014012, 1.4792926266789437, 0.9462820289745217, 0.8329031277786602, 0.6599409341812134, 0.6437631988277038, 0.8765092900022864, 0.6578248224797703, 1.2529169087608656, 0.5852514170110226, 0.5940654003645951, 0.573464423387001, 2.746866663297017, 2.079236533741156, 0.46115104927232975, 0.6203820978601773, 0.633111699035874, 0.5578935229529938, 0.5068087445192591, 0.4690152521876768, 0.5645812941559901, 1.134898990392685, 0.7273799188435077, 0.7455954393815427, 0.5819281592965126, 0.32242750273130477, 0.9493355892598629, 0.5840823254769757, 0.5076819246239734, 0.8221934512257576, 0.7119911362727483, 0.9880954264239832, 0.31530578550079774, 0.918358341169854, 0.8501394989266758, 0.701967120107094, 0.8947486151461348, 0.9199495349700252, 1.2529295583566031, 0.322873197371761, 1.455384207268556, 0.4056182070857003, 0.878170581224064, 1.1582375774780909, 0.2806176301712791, 0.4391189294024592, 0.9531866751966023, 1.0874529679616294, 0.7495538465678692, 1.275664574946418, 0.7516127810946532, 1.2303205910104293, 0.6735313281416893, 0.6859982757470309, 1.0339396633207798, 0.6706746503710747, 0.49421963741381963, 0.7033769052475691, 0.3117291804403067, 1.5720353722572327, 1.0108305474679018, 1.2709646760175626, 0.8958220732467318, 1.0010520743827025, 0.6150451548905536, 1.6136072962372392, 0.8583790498475233, 1.1514525264501572, 1.0377020736535392, 1.4245153337717056, 1.1314617562474627, 0.9774066717536362, 0.7436005855600039, 1.269325972054944, 1.266462264513528]
2025-11-21 21:49:25 - fedit - INFO - loss data:
2025-11-21 21:49:25 - fedit - INFO - [0.41253501265808673, 0.7049820602943118, 0.4497815459393538, 0.3136913665148028, 0.32915541116190844, 0.2360449882759304, 0.2986448308505465, 0.21455755890236192, 0.4736533761467962, 0.4337065967802818, 0.45477535469191416, 0.33526301888912047, 0.3735452866277251, 0.2992438301087185, 0.3036331013545282, 0.11695000535304037, 0.4770702609890386, 0.15658422365765243, 0.5210570254850955, 0.3459272668866271, 0.2615033240898358, 0.0769062195823709, 0.5524454876372777, 0.2648313425010461, 0.5758110156249521, 0.4100668165780656, 0.320595375860505, 0.026788458941155113, 0.45447662146551304, 0.2721168923175387, 0.25735790810237325, 0.4667978372779631, 0.2721386592050916, 0.23033123907710737, 0.7445292005625863, 0.21953276028701413, 1.3268731882174811, 0.2736631603897903, 0.29110250626810086, 0.3894758761549989, 0.28959323775294854, 0.4098902825887004, 0.21618805136268635, 0.34251904536564, 0.18953267778713434, 0.09762847876603094, 0.5763265725323244, 0.387136821413324, 0.23776389839541578, 0.2499076681366811, 0.08756552741870686, 0.019438666650482144, 0.6376578778560673, 0.4400217137673003, 0.28328380443827994, 0.13585042141768922, 0.6868609800164042, 0.46932378225028515, 0.4537812819083532, 0.3702165036229417, 0.2468220995414365, 0.24646712570414497, 0.16625638598114684, 0.7095074131842315, 0.36486268207608236, 0.13731498300718764, 0.13953467886853363, 0.13971736899661222, 0.6546375420601929, 0.4034571582451463, 0.24076216134967074, 0.1203616708982736, 0.3188108048800911, 0.2154941474145744, 0.2494677236481082, 0.15671874899465668, 0.01569678435400766, 0.4002551326747683, 0.3268028627941035, 0.27628154912068004, 0.2143316666728684, 0.09480694109851832, 0.1575132244583478, 0.16936165148702761, 0.33076198318471706, 0.4421290795064785, 0.26556819485914374, 0.45722836535423994, 0.3089739748975262, 0.3252206376388843, 0.23207689064096598, 0.43666045961373634, 0.37337834117087454, 0.303972339765592, 0.18992393579787742, 0.20315348290941548, 0.23596604963365408, 0.11562912839549529, 0.24743848577773536, 0.2663046179216478, 0.14223822858960677, 0.34587218594868063, 0.1561544234243532, 0.37241501128301024, 0.29315496433096433, 0.18775983522867873, 0.34661040978570434, 0.3166551629892377, 0.11812446717845482, 0.5744501287607771, 0.24001245287557443, 0.27342581892754514, 0.0817432459144454, 0.2780480190229259, 0.20303087253705598, 0.5195815817398184, 0.3374385397349085, 0.21286797823073964, 0.2602571491152048, 0.2417916016070743, 0.18787322269850656, 0.2620497322915232, 0.3499521228174368, 0.19346987443263475, 0.2543710801115243, 0.2331204227068358, 0.2866719151855234, 0.3444977630550663, 0.4506500426284743, 0.23867996955024345, 0.3387675099966058, 0.3414089299039915, 0.25265118848675716, 0.2838204600999446, 0.44168019299640465, 0.2791071832433559, 0.2535323383700516, 0.4251905807839899, 0.5219170753844082, 0.2525004866045146, 0.24932966012050184, 0.5071114783400091, 0.41345932349270464, 0.27849039112749907, 0.19281939716127358, 0.23043400850479623, 0.27061275610260965, 0.19282755145060837, 0.29506967266000844, 0.5584405852820385, 0.26171339939215355, 0.37664060454283443, 0.24122134677932733, 0.11190852884394235, 0.25678573257708354, 0.27545263314818297, 0.24112283578142524, 0.2374142566417483, 0.2684569604694843, 0.18149618332993173, 0.7931367540732026, 0.33221232674550266, 0.16974319044662986, 0.22291553182641796, 0.16841476141464906, 0.1472142381152432, 0.6956947267447647, 0.18463871828770556, 0.20966528832084602, 0.6017738791231654, 0.09197931530264516, 0.14517521030373043, 0.3750323456031485, 0.35545307528410175, 0.4029401539660552, 0.20767661130854062, 0.38764912293603027, 0.1646807125873036, 0.07319970762926258, 0.8188270887670418, 0.3404034077664655, 0.6549904655044277, 0.2620676952569435, 0.06455965254322758, 0.6176703472932179, 0.14601231922232916, 0.08238281358831695, 0.549829743745361, 0.06903338714813193, 0.16188167593597125, 0.9963069507165959, 1.081084506586194, 0.19761067539054367, 0.208208939001872, 0.14724515332648205, 0.5241070896753984, 0.4641172948348171, 0.4054731298238039, 0.4020458943164953, 0.3867038165529569]
2025-11-22 00:22:46 - fedit - INFO - loss data:
2025-11-22 00:22:46 - fedit - INFO - [0.45827353186905384, 0.28584106138676896, 0.17631854288364676, 0.6133110359272299, 0.5246300867551731, 0.4501277493312955, 0.7134610263482583, 0.26566622278187424, 0.24623162047749367, 0.7237969007032612, 1.064284771680832, 0.4827271986287087, 0.41394163488876073, 0.4227829178795218, 0.5916579241553943, 0.234551893886722, 1.3074104696512223, 0.5464248508214951, 0.19777905654063394, 0.42880975765839335, 0.18022821030657118, 1.1488998776767403, 0.37183538771932945, 1.6811243817210197, 0.43456129936708343, 0.5225251071155071, 0.3097099857185337, 1.1957555028299491, 0.15649838385482628, 0.5978391367956647, 1.1014939087132614, 0.39816370633586, 0.30181443168273997, 0.45395582619433605, 0.11189460766406475, 0.33922374310592807, 0.11206362123484723, 1.0824063171943028, 0.33439885400487884, 0.2704239029230343, 0.6433379681780934, 0.5683574303984642, 0.2920771880737374, 0.7262690363330132, 1.729785543969936, 0.38166541829705236, 0.27121704340882413, 1.0623239829069158, 0.27928938133021197, 0.8233819567132741, 0.10822495762179393, 1.0435389201151835, 1.0694712568064544, 0.11395924112681921, 0.4225564093018571, 0.2843863947317004, 0.2956900144151101, 0.4336971764763196, 0.12107055680341243, 0.5281418178540965, 0.30521762035787103, 0.48409958914077533, 1.4289717972278595, 0.5142973034332196, 0.26370431206893463, 0.36264626276679335, 0.8873474342282861, 0.2990862639310459, 0.5162845669741122, 1.6385612140099206, 0.36357968259188866, 0.3918987021121817, 2.116522779688239, 0.29973951688346767, 0.38827645538452393, 1.2790248605500285, 0.6363159502856434, 0.16431134325531377, 0.2591103879567527, 0.14692839741085967, 0.9973103133961558, 0.6903636664152145, 0.31949490989597207, 0.9308292596348717, 0.7278654273512075, 1.6720480594589995, 0.3701989973892018, 0.6067651169581545, 0.2687343336971632, 1.2470275156406894, 0.24061420676201425, 0.08272853333910461, 1.3460334309842437, 0.8927002615398831, 0.41997042051516476, 0.19429951862151607, 1.629416664224118, 0.5762540040886961, 0.26513983089049964, 0.2999989462498989, 0.30515969032361073, 0.9324432077507179, 0.28118697670288384, 0.1603833397384733, 0.11897775331744924, 0.04822363162957393, 2.0378035242358843, 0.20887971901490043, 1.4420318836346269, 0.23646680339394757, 1.0296441966551355, 1.0325958122339216, 1.4365483518049587, 0.6642287969589233, 0.5262362555844117, 0.3608119109942992, 0.42942507782330114, 0.2935761710628867, 0.5592753613445287, 1.4070566203445196, 0.2773328603672174, 0.7906232323497534, 0.3408828971441835, 0.28411464747041465, 0.39412579101044687, 0.22532473713444132, 1.029601917808759, 0.7083919952727027, 0.2941542764310725, 0.13615660778628405, 1.127091151972612, 0.24698012184817345, 0.5518794895304988, 0.09509869389779245, 0.34602255261658377, 0.9789426798621813, 0.4020229311517647, 0.4777400352888637, 0.5933444842696189, 0.36734262170890963, 0.48645582484702266, 0.9047162905335426, 0.25678386974355416, 0.3840452367439866, 0.35510893911123276, 0.3255417903678285, 0.5765170593642526, 0.3327302248993268, 0.2433673202758655, 0.035278007764877245, 0.5623738192487509, 1.1480415290221573, 0.3501581030897796, 0.43863936625421046, 0.17149704359471798, 0.5307247793612381, 0.17788154227633235, 0.15206398606896981, 1.5541869037681155, 0.23744085316138808, 1.0421716157114134, 1.0741339592707597, 0.3594020754147399, 0.33176170783893516, 0.26925948686483836, 0.08937383904897919, 0.07863343364442699, 2.3203742653131485, 0.8826248646985428, 1.2473313137888908, 0.19650625066262567, 0.16814373770418267, 1.0637815492421698, 0.6874595779615145, 2.047336980700493, 0.257641059930999, 0.3888151258644131, 1.0359997205436229, 0.410467295843233, 0.14794493940320205, 0.6611006040591747, 0.365237794816494, 0.12850569558722783, 0.3147506528844436, 0.2640429302515589, 0.4320892224515167, 0.094436949902835, 0.5075068965961691, 1.7194776684045792, 1.0737633806323477, 1.4061980322003365, 0.8278839323255751, 1.572775928885676, 0.642072652777036, 1.3786719938740135, 1.1759494309158376, 1.0774536342243664, 0.521201778203249, 0.2292271288577467, 1.2669405341148376]
2025-11-25 10:24:02 - fedit - INFO - loss data:
2025-11-25 10:24:02 - fedit - INFO - [0.499173843257484, 0.6895694913411582, 0.5001034053663412, 0.4401458526651064, 0.6774914255365729, 1.2088040233335713, 0.4180744659776489, 0.434432631265372, 0.4474371828848407, 0.7714492264669388, 1.5498723903438076, 0.21526189412300784, 0.20825286582112312, 1.0192499344159538, 2.140116183018243, 0.45146871399548316, 0.589794560149312, 0.5298885334127893, 0.47512204069644215, 0.3266277402639389, 2.2388457655906677, 1.0268444381654263, 0.4940000716596842, 0.5495670502723167, 0.32373700179159637, 0.3628032407151874, 0.5598465502262115, 0.23121215721281865, 0.4901273643751165, 0.35152943312293955, 0.46035646161798277, 0.456431076861918, 0.8875206508052846, 0.6456843263469636, 0.7486631102161482, 0.16000625379820121, 0.5904454365217437, 0.6124075509607791, 0.32964118995957753, 0.6539282724261284, 0.24379650897656877, 0.10087576478011517, 1.0265904956807692, 0.41850017660873984, 0.3000190119879941, 0.2239467112037043, 0.29937589119395447, 0.33695639454420995, 0.2891437529092568, 0.22271102529152165, 0.32680677248918943, 0.391299179503842, 0.45041952349922876, 0.453740638991197, 0.23497427270437282, 0.4383550151110147, 0.259472427776709, 0.2440146548325008, 0.3743585033567044, 0.23252439988954438, 0.15849644430466772, 1.5278322119265795, 0.26099602365866303, 0.28107439457838024, 0.764617722820152, 0.36850597805654006, 0.37270123320149967, 0.32650902063019616, 0.8162917761188564, 0.21618884762477442, 0.7173718806666632, 0.7633787160118422, 0.2939314380986616, 0.31950024026446044, 0.36743911192046874, 0.3936630656942725, 0.17003384278311084, 0.37838870196137575, 0.37898977791580063, 0.3525384598061758, 0.28287230157071636, 0.14448683160416054, 0.3179533634878074, 1.1437392171375966, 1.067367289797403, 0.23908225759597762, 0.19272530839468044, 0.5611000265096664, 1.170522344816709, 0.5245841859684636, 0.4704453164504634, 0.2251557663437866, 0.24088201861207684, 0.16472312930339797, 0.1953594841375375, 0.592111730552984, 0.4012565962970257, 0.2162425919280698, 0.2954816305078566, 1.3206843256950378, 0.8125697026650112, 0.333212105067471, 0.3345413598231971, 0.5904730595648289, 0.5008430685847998, 0.494855492121794, 0.3137296653259053, 0.3825091999024153, 0.3937873777933419, 0.9532916123668354, 0.3260913803141354, 0.10709113883300839, 1.137909955676878, 0.34868377245341736, 0.46416319149235885, 0.5210152794606984, 0.34206793513149025, 0.6295392320237376, 0.339799631377588, 0.3258155591475467, 0.4176648431457579, 0.369442205809589, 0.3660273228173053, 0.5138888939876448, 0.36843037201712525, 0.12107926132642509, 1.022418974339962, 0.5441885247294391, 0.514186581088738, 0.4609871568158269, 0.4702979459737738, 0.7001780722173863, 0.384648828190707, 0.6679814654091993, 0.47802429646253586, 0.3332481314367675, 0.30744404551029825, 2.207890175282955, 1.3785304998358092, 0.2530823838310661, 0.46183828450739384, 0.41470467809380757, 0.28430296589309967, 0.332884180951967, 0.2744118754495064, 0.35697014818045625, 0.7444579884409904, 0.5530396740883589, 0.417410261019887, 0.41493337163701655, 0.16956867998510244, 0.570723562159886, 0.2667871914981377, 0.3037388282263595, 0.4240846261382103, 0.5111403694997232, 0.5842116387052969, 0.2216961266665623, 0.6903374379035085, 0.5406107318866414, 0.44827912527729163, 0.5611225898180044, 0.5812233531226715, 0.7409877429405848, 0.2047823914947609, 0.9560452041526635, 0.23879893443414144, 0.5587794436141849, 0.7431325549880663, 0.23081880376363795, 0.21053942760807418, 0.7309075308786261, 0.5942551922053099, 0.49936433440695205, 0.8333955411658143, 0.5746699858013363, 0.761321919935721, 0.4198062140494585, 0.36415446829453946, 0.6597895299394926, 0.3975670650601387, 0.3096045968433221, 0.4895066867892941, 0.19205409698188303, 1.0049375623464585, 0.6545927906730051, 0.7440928074841698, 0.5895445241584201, 0.6686418348612885, 0.3851572927934202, 0.9923434243709952, 0.5452858808760841, 0.7303884122520685, 0.5646671112626791, 0.9087875674168269, 0.5999323284309922, 0.5403310773198051, 0.5087260247518619, 0.7374377099402023, 0.7975795750540715]
2025-11-25 12:12:05 - fedit - INFO - loss data:
2025-11-25 12:12:05 - fedit - INFO - [0.43299643718637526, 0.7002122744153707, 0.45804967301396227, 0.31558402854328355, 0.3646718607728485, 0.2496330983038142, 0.3398223146577092, 0.23158278577916677, 0.5366814446413801, 0.5066433992191606, 0.5514501152294022, 0.4241735472662537, 0.46480979450429094, 0.34456185568013187, 0.37848981528689984, 0.13406717450901245, 0.6335647941419953, 0.20355577114775467, 0.6440060238043468, 0.3987602899556585, 0.28807022500979274, 0.07677060663829455, 0.6436904254926449, 0.2957223346595475, 0.6011472737549671, 0.4391661744753641, 0.3566412294396397, 0.03320866324654725, 0.5125305981910472, 0.3013044535917671, 0.2591167645554783, 0.505443445717295, 0.2953531424465933, 0.289563896600157, 0.5603406901160877, 0.21053846523864195, 1.367985044916471, 0.3405066473186234, 0.33012278456814015, 0.3817772526914875, 0.32524913044956827, 0.44334782816861806, 0.25609042682856514, 0.38397568070258087, 0.26499123587494805, 0.10820117494246612, 0.736364226518689, 0.3994478109691824, 0.2442093738872144, 0.28114815309850705, 0.08063495710481972, 0.017028270347994597, 0.7104698089616639, 0.4588239033392725, 0.3372869503061126, 0.15015908943383866, 0.7669145210366237, 0.5706821537266175, 0.46860015454391635, 0.34606409014668316, 0.29046121174101963, 0.2514702931436162, 0.17796617869420775, 0.6101638272133035, 0.35489118320956115, 0.16022278389815864, 0.1418151879225791, 0.15283905703316641, 0.6719335904892754, 0.41044284252538565, 0.2624556931356589, 0.14202680742988982, 0.31907412888748304, 0.24926050942837416, 0.2865078629083222, 0.18476096938829867, 0.02124866024040828, 0.4454132661281619, 0.3479942730032748, 0.27821735439535517, 0.24432550499645564, 0.12304417162654101, 0.19363541687484512, 0.19079361801656586, 0.3395083879228108, 0.45706283886719384, 0.2524552769545052, 0.5076100897664826, 0.3078880170748258, 0.3383044192284258, 0.25205122158744386, 0.43864989167149054, 0.3469466189430519, 0.3331195911053907, 0.21527884782005388, 0.23334611611651435, 0.25598580743618576, 0.13535551971180848, 0.2742691622728384, 0.3189228217496158, 0.18337200690681738, 0.42414067380064935, 0.19230577270888413, 0.3700899085961282, 0.3319417814939068, 0.19611582443827674, 0.4046502000366603, 0.3589058630435803, 0.09124705112642711, 0.5534464071847891, 0.26111295907758175, 0.3331049657682632, 0.11856415603819881, 0.32803858189206375, 0.20810736336473687, 0.591259423917269, 0.39170897592391285, 0.22305256662269435, 0.269514444151095, 0.28062443529189374, 0.24333337640773767, 0.27435268001521335, 0.39245835390119327, 0.2426759898021576, 0.286412100119745, 0.2741651378520247, 0.36625173968148594, 0.30569494928543767, 0.5329593308269978, 0.2380696651304052, 0.46216115284194215, 0.37941858231828646, 0.30539815868430126, 0.30765911309629096, 0.4368042846847522, 0.3222898719511156, 0.30978692990417284, 0.44692249210744067, 0.6333789534659849, 0.31673074628980386, 0.2919954495689674, 0.45899255721476573, 0.49176813946927295, 0.2881777513373111, 0.22686097803249905, 0.2857874643146282, 0.3049470624253337, 0.26853753131975355, 0.30559155232545854, 0.6056225928901271, 0.2909320930595554, 0.4288621196257216, 0.27365865795873107, 0.13999789844338711, 0.3261808232453308, 0.3335831674415019, 0.2865025708451867, 0.28275009995519085, 0.2922737167320318, 0.2496471401753329, 0.7397933769971132, 0.30202927864156665, 0.21100602686960845, 0.27797557330249173, 0.21529952739621255, 0.19632145737935053, 0.7213337887078524, 0.25268775286447065, 0.2310190079216328, 0.629706347361207, 0.12410504737248024, 0.15670842763095622, 0.43516090530185747, 0.41665847982079085, 0.39962857726084833, 0.2031460776925087, 0.40757173439487815, 0.1964372697389788, 0.09603450162750152, 0.7402838268834684, 0.3678128836201686, 0.6634365609536569, 0.3029149520366142, 0.08400445223918984, 0.6493787677415337, 0.16111653104114035, 0.10566172545797944, 0.6249168611442049, 0.07857558520821234, 0.2105430949324121, 1.082147012611753, 1.0990695671311448, 0.230708777871249, 0.2409085613428889, 0.1690542023362858, 0.4888259503147283, 0.4800466616802356, 0.4705625674687326, 0.44430387530710314, 0.45029807432244223]
2025-11-25 15:22:52 - fedit - INFO - loss data:
2025-11-25 15:22:52 - fedit - INFO - [0.44914546329528093, 0.3052371996972296, 0.18816007648340682, 0.6613512860882717, 0.5351116661810214, 0.4566593042574823, 0.7793362620815805, 0.3055804954608902, 0.2528861320137771, 1.0757652979965011, 1.8087402880191803, 0.494536810554564, 0.6473503172397613, 0.5335285276174546, 0.759956998957528, 0.3534104309277609, 1.8262485206127166, 1.157044269144535, 0.14272287981796333, 0.4780684299273134, 0.22395590464161202, 1.071430912008509, 0.5276636231732978, 1.2578893850247066, 0.4666977835198243, 0.5337617829442024, 0.3567561818313455, 1.1733488775789738, 0.1671460163857167, 0.6645679718290921, 1.3868801854550838, 0.415742892668479, 0.3339701247556756, 0.5320070105992879, 0.17030269572631257, 0.35026715518906715, 0.12843555600071946, 1.3109278358519076, 0.3074757478704366, 0.305002080814706, 0.7109811363741756, 0.7668774873018265, 0.31472048172880096, 0.7367521128352646, 1.7485710982647207, 0.3932668276131153, 0.279586475559027, 1.0985035191600523, 0.34659950861241673, 0.72139496532036, 0.11103166863110595, 1.049870095349351, 1.289254565741761, 0.13051708262452544, 0.49637379621466, 0.3043434746563435, 0.43781227665022016, 0.4141515754163265, 0.14554149359464646, 0.40149945024556166, 0.33436861673059565, 0.5495901919746151, 1.5494759529829025, 0.6536882000250949, 0.2814474663470232, 0.35744825564324856, 0.9065837717615068, 0.3196462039861621, 0.6536215660821957, 1.8231516629457474, 0.3169352540539371, 0.39248998621090625, 2.0983380870893598, 0.3302347812180718, 0.38092085263536624, 1.3286157015090188, 0.6554132908582687, 0.1877463382164327, 0.2334479897399433, 0.16748980775785943, 0.9884735264349729, 0.796189121901989, 0.25338123078496816, 0.9298347173206214, 0.8664795475148518, 1.4615330716595054, 0.3424957561203175, 0.6753396653466754, 0.25664723593896877, 1.2414443537385926, 0.257841551109838, 0.10457431857163707, 1.5003602107986809, 0.9411544539034367, 0.3952746537979692, 0.14658188867509703, 1.838879828248173, 0.6465679093962535, 0.2988873427009417, 0.34946817991634205, 0.3518516172771342, 0.9578840401437547, 0.2775649350836223, 0.19270635419525206, 0.15573405732866377, 0.06860563325013076, 2.0264848272005715, 0.24825014371114473, 1.482615051884204, 0.28187551702527947, 0.9601587460531543, 0.9329950213650591, 1.4262195910462954, 0.9179150772591431, 0.8201419822501272, 0.33113150206497977, 0.48017822454373044, 0.31205730773055823, 0.5431483526714146, 1.051225220784545, 0.279638568063577, 1.0075226053595543, 0.42338591599836944, 0.27862837643479, 0.46791046797297897, 0.26515760431856955, 1.0693081807383957, 0.5871047102846205, 0.19345967740082415, 0.15731791746980484, 1.1151852191736302, 0.2901039518726369, 0.5700454819326599, 0.1320787684060633, 0.39595385012216866, 0.9052336003838314, 0.47253246365322005, 0.507448655863603, 0.5386987134814263, 0.38299588548640406, 0.6166111345713337, 0.7082695327699184, 0.29734038386700884, 0.5018975066641966, 0.3670019383231799, 0.3879553969535563, 0.5855888401468595, 0.3833213675146302, 0.2754448532126844, 0.055098784030732616, 0.5158624788280577, 1.0700758422414463, 0.361432590157104, 0.5015907160937786, 0.20490115005522966, 0.5679117771525247, 0.21113411725349984, 0.20872153632808477, 1.4711867157990735, 0.27197253964065266, 0.9477768811552475, 0.9638828219242648, 0.3716215426930123, 0.37827836726274755, 0.35569199974674526, 0.14894197504812232, 0.09378824941813946, 2.1711868358155093, 0.8739379951109488, 1.30649184435606, 0.20253130897051758, 0.22730227111217877, 1.1104800786949152, 0.6678361387302478, 2.1871135234832764, 0.37205923866470886, 0.43497666385438705, 1.0795059714880253, 0.4837880020495504, 0.1728153745516796, 0.6579259077087045, 0.2402399156941101, 0.18791721312639614, 0.2789185540983453, 0.3791497679511932, 0.4424021833576262, 0.12594729197056342, 0.49315764475047924, 1.577699914574623, 1.0444352552100704, 1.2780040949583054, 0.7676052314539751, 1.5188352384914954, 0.5773729247545514, 1.3259900325909257, 1.120405819096292, 1.0334202122447702, 0.5828212636212509, 0.25560200147641204, 1.1898318752646446]
2025-12-17 21:48:03 - fedit - INFO - loss data:
2025-12-17 21:48:03 - fedit - INFO - [0.5217492457479238, 0.8038800366222858, 0.5294128296275934, 0.41035596591730916, 0.6153896663648387, 1.1271624512970448, 0.41065408072123927, 0.4277071643038653, 0.44892229773104186, 0.6624749434995465, 1.284022422786802, 0.18393600592389703, 0.19795779309545952, 1.146385280485265, 1.9636348061263562, 0.43604888021945953, 0.5694998120889068, 0.5819923280272632, 0.5698920950293541, 0.6070758403589328, 0.7932727366685868, 0.4102504779584706, 0.7869540419778787, 0.7622532237321139, 0.4174114873011907, 0.42293905913829805, 0.7000811725854874, 0.351292912568897, 0.5363687291741371, 0.47373744286596775, 0.5849708676338196, 0.6033400141944488, 0.8635499576727549, 0.7399478189647197, 0.6390334102325141, 0.18340435563004576, 0.7398453567177057, 0.4848977953195572, 0.2993152125738561, 0.8494610749185085, 0.2578262992203236, 0.10986578178126365, 1.289403864555061, 0.4121811922639608, 0.3608036579564214, 0.24716011189545195, 0.45207101753912865, 0.35865554758347573, 0.39676506250786286, 0.2187673705164343, 0.2664325022449096, 0.44064895883202554, 0.41551526524126525, 0.41500389886399114, 0.26612643563809496, 0.4595441043376922, 0.30839772932231424, 0.336146189365536, 0.34319253225500385, 0.2654940060650309, 0.1705982937826775, 1.6926726400852203, 0.2906342498026788, 0.31076305899769063, 0.6577361568808555, 0.3882107546553016, 0.2734105172101408, 0.31976269807200874, 0.4516963448375464, 0.2555964783532545, 0.377018503472209, 0.4828156024217606, 0.38015525117516513, 0.31140410468603175, 0.3093543353800972, 0.361797604104504, 0.17077951889950782, 0.40521064861677586, 0.25831480890822905, 0.3984553676098585, 0.2366982914507389, 0.1681696368769432, 0.3862755158140014, 0.7760468341177329, 0.9011447664815933, 0.22647526303771884, 0.18630506762613855, 0.7634050167185099, 0.7704058723524213, 0.3694614697131329, 0.47143537923693657, 0.23107600943185388, 0.23280462208203972, 0.11695303288676466, 0.23073971713893116, 0.5239644464105367, 0.5826132796704769, 0.22331142551265656, 0.19457937177891532, 0.9567883372306824, 0.3359639706710974, 0.3965291440486908, 0.3687242357681195, 0.4863921385258436, 0.3194171621774634, 0.6523209236562252, 0.3561558334156871, 0.341333718970418, 0.44831672087311747, 0.9669991011420886, 0.30580512061715126, 0.10126074937870726, 0.7848948716302402, 0.30373532958328725, 0.4297069195657969, 0.4858830445446074, 0.30930914729833603, 0.5406707264482975, 0.3466213267296553, 0.39938158802688123, 0.304043538775295, 0.40852331593632696, 0.36576613709330563, 0.4084827544167638, 0.22794896406897652, 0.13723534327000378, 0.866816534474492, 0.4294820426031947, 0.44317449256777763, 0.419386287778616, 0.49057175902028877, 0.7150678217411042, 0.37710245363414285, 0.6197666089981795, 0.4976485224130253, 0.304139232635498, 0.2677595242857933, 1.0241951756179333, 0.4235386248677969, 0.44286531694233416, 0.348222522996366, 0.4744278330355883, 0.4025266656652093, 0.3488457042258233, 0.45632799457137785, 0.40378309360239656, 0.5458709560334682, 0.344233108125627, 0.7014719866216182, 0.2991176638752222, 0.18573320829309525, 0.5687626585364342, 0.26437712647020817, 0.25409015342593194, 0.4695916250348091, 0.4409729220593969, 0.5356417611241341, 0.3976795066148042, 0.43656692653894424, 0.36554425712674854, 0.26820046845823525, 0.36466522552073, 0.3634963544706503, 0.47398930601775646, 0.2734946007529895, 0.7814907521009445, 0.29572371263056996, 0.451608180689315, 0.6168821293860673, 0.2903584251180291, 0.2592882426455617, 0.5811242692172527, 0.5538294954846303, 0.48519693724811075, 0.6013512380421162, 0.39668718725442886, 0.609874389320612, 0.3636919055134058, 0.35210302881896494, 0.49879943455259007, 0.3735324673354626, 0.4351178504526615, 0.4429924637079239, 0.3536449372768402, 0.4938982669264078, 0.46254673339426516, 0.42236297726631167, 0.44235869236290454, 0.3869889044513305, 0.32548424117267133, 0.5786492814620336, 0.4213518713911375, 0.4191058920696378, 0.4119573399424553, 0.4877904921770096, 0.33768345490098, 0.40227802507579324, 0.472372068464756, 0.4004639212042093, 0.4836618909612298]
2025-12-17 23:07:51 - fedit - INFO - loss data:
2025-12-17 23:07:51 - fedit - INFO - [0.44401811831630766, 0.6041303038597107, 0.4623007193207741, 0.3158330413512886, 0.3631216578185558, 0.22522254273353612, 0.35847803895012476, 0.2201681419530706, 0.5319986069574952, 0.5056147802621126, 0.5595870465040207, 0.4699214078485966, 0.43286166377365587, 0.36779269750986715, 0.38506734780967233, 0.12978403268498367, 0.8199997112154961, 0.2059399205551017, 0.5837442092597485, 0.3843776617199182, 0.30878881849348544, 0.08623206025933744, 0.5994139006361365, 0.3230109026451828, 0.7927349196281284, 0.4885646227747202, 0.3748425725847483, 0.0568886353430571, 0.5497183121740818, 0.32756123431026934, 0.23528938991043508, 0.524499348551035, 0.3070095295086503, 0.22725856319690743, 0.8383606567978859, 0.22589616461967427, 1.2542633414268494, 0.28171875227449666, 0.3259614767506719, 0.46100647523999216, 0.3285538565251045, 0.5293122969567776, 0.26888551404699684, 0.43635128922760485, 0.21407044621273164, 0.11840404833783397, 1.0426049971953035, 0.45479891151189805, 0.24883812411377826, 0.339728777951354, 0.07720456700109127, 0.02008027311991706, 0.6554287629468101, 0.42928390316665177, 0.329258866874235, 0.13519131062993048, 0.8114545386284591, 0.6196666203439236, 0.4948865782469511, 0.3587401184486225, 0.3331196790211834, 0.23986283100675793, 0.18289943094714545, 0.6761642468857948, 0.3675420381128788, 0.15731451427822724, 0.14202956473330103, 0.13840525229461492, 0.6543525878340006, 0.4284752644598484, 0.24017207760674258, 0.14950911402702333, 0.29583417943545753, 0.2566439377143979, 0.27462711877056534, 0.17915712208050535, 0.027804280754935462, 0.6221549946643791, 0.4739434003829956, 0.254138883529231, 0.2435242161154747, 0.11719151819639333, 0.16113973716532604, 0.16717707615656158, 0.33936722795479, 0.4705280736088753, 0.22635729773901403, 0.6740052908658982, 0.2821710612159222, 0.40931918964617786, 0.29137634833653764, 0.4071673441678285, 0.35050183460116385, 0.3380948558449745, 0.21984843602403997, 0.30875918962992727, 0.2926094836591801, 0.13676769571902697, 0.3141345290958675, 0.32122703474014996, 0.19727819400529067, 0.44731964245438577, 0.15665656868368388, 0.3598292000591755, 0.31263853553682563, 0.1469424376485958, 0.4992118012160063, 0.35221066176891325, 0.11251098314015609, 0.6307947386056185, 0.22900350661948324, 0.3154736553318799, 0.11795776395592839, 0.43094820305705067, 0.1996466111598743, 0.5430955243296921, 0.3350915650704077, 0.222753850184381, 0.19672534694629057, 0.3128021156415344, 0.259844628139399, 0.2987062754109502, 0.3726158574223518, 0.2519982295110822, 0.2935576473362744, 0.28548797522994895, 0.43122243620455264, 0.3637109698727727, 0.40459865145385265, 0.2568049860142526, 0.40886063165962694, 0.32229222340974956, 0.32887077652849256, 0.370387750864029, 0.37737806895747783, 0.3365709090605378, 0.18152508501791292, 0.6626844115555286, 0.2844546562888556, 0.3761438330901521, 0.2620707764290273, 0.5567371636629105, 0.3805878832936287, 0.26402898216620085, 0.28335889807850534, 0.33843581480905416, 0.36148711531423033, 0.17710217562104974, 0.2575292562826588, 0.5611052352935075, 0.2987492757849395, 0.340904092017029, 0.2934640504419804, 0.18319686567410826, 0.2985937582328916, 0.31776839029043913, 0.34085258185449574, 0.4322843487374484, 0.11507074962266617, 0.3042979700490832, 0.7123419765848666, 0.32219220846891405, 0.22898618560284376, 0.24985296316444874, 0.17269555838512524, 0.20509725352749228, 0.7280821964144707, 0.2889346731826663, 0.22092733366621864, 0.5570245464332402, 0.1412901828996837, 0.1446716816474994, 0.4215623179450631, 0.4780975323170424, 0.4474565405398607, 0.19751221447118691, 0.3783968113362789, 0.15754789703836042, 0.07862877967482847, 0.7536595397525363, 0.36059802360832693, 0.6381202450953424, 0.330516267940402, 0.09787363279610872, 0.500047854706645, 0.1314299361307233, 0.13426858792081475, 0.6086622033268213, 0.09048572388063703, 0.18885685163550078, 0.9542511783540248, 1.0007947895675897, 0.21682174708694218, 0.22163198441267015, 0.1409171905279869, 0.4425668969750404, 0.45992147028446195, 0.43031240776181223, 0.36151291262358426, 0.4887999452650547]
2025-12-18 00:20:32 - fedit - INFO - loss data:
2025-12-18 00:20:32 - fedit - INFO - [0.45827353186905384, 0.3133918042708602, 0.1846571122761816, 0.6800294383894652, 0.5261125993914902, 0.4466778211295605, 0.7659289798466489, 0.3117537037702277, 0.29185077850706875, 0.8315726527944207, 1.4381283670663834, 0.5179753278692563, 0.5899039506912231, 0.5140514276921749, 0.5720917850732803, 0.3743308283155784, 1.5894802898168563, 0.7427135184407234, 0.2909890181384981, 0.5101548242072265, 0.22770794349619083, 1.1372220255434513, 0.5287476083263755, 1.5270681182543437, 0.4458076128529178, 0.6296886906027794, 0.46344352690503, 1.6450518183410168, 0.16408677268773317, 0.9463952847290784, 1.18378080924352, 0.4273368033580482, 0.333175224380102, 0.45264897553715855, 0.17640520503045992, 0.36538941905212896, 0.11738895480521024, 1.061344521989425, 0.3876478142570704, 0.28118373362554444, 0.8070683304220438, 0.7439031302928925, 0.3694882598239928, 0.6519830982317216, 1.4083958297967911, 0.37386037558317187, 0.45360092965420334, 0.9265826975461096, 0.26679356368646645, 0.46412558597512543, 0.14052017863141372, 0.8435988733079285, 0.959023305925075, 0.14693614337593316, 0.4337374204252329, 0.2884574932977557, 0.31516075654265785, 0.43280361096064246, 0.2301714913744945, 0.5570027227513492, 0.3275336341233924, 0.531946069933474, 0.7261106185615063, 0.3798331648111343, 0.3193247481714934, 0.343236946221441, 0.6698222003877163, 0.310439090966247, 0.6110266967327334, 1.3126982847849529, 0.48065155578984153, 0.5797250113760432, 0.9849586256314069, 0.33550357857408625, 0.40742838811129334, 1.9408446151763201, 0.3857116213068366, 0.15410040697380384, 0.20223857031669468, 0.18120625680312513, 0.8255948340520263, 0.5703204490244389, 0.5089772663079202, 0.6079270548148391, 0.7628987504343968, 1.4651893965899945, 0.35460308543406427, 0.6051890864968299, 0.2710916135692969, 1.0086121856131487, 0.2205177936082085, 0.07218602335778997, 1.7125536635518075, 0.7367391377687454, 0.39218965321779253, 0.1559821174480021, 1.8910091072320938, 0.38005194379366003, 0.321913086483255, 0.3496974525973201, 0.2707705271197483, 0.7962594933807849, 0.2560026958662396, 0.16739724559010938, 0.14501402527093887, 0.07957351453369484, 1.8782428587476412, 0.2718174516223371, 1.3660443253815173, 0.2480696915105606, 0.9926670654676855, 0.81007492672652, 1.386964476434514, 0.7021257113665342, 0.5129886406473816, 0.32890227382174797, 0.423517694696784, 0.38349878825247286, 0.6258667198941111, 0.5697842842588822, 0.28324848534539343, 0.5180833080783487, 0.2881660956268509, 0.26678204545751216, 0.39016095909755677, 0.27203128242399544, 0.6379337236168794, 0.5245661990096172, 0.26689729769714177, 0.1298396870442149, 0.8991441549733281, 0.30894706908147784, 0.41896887458860876, 0.13989270012825727, 0.41200018658613163, 0.7952398609369993, 0.4445251993834972, 0.47977330163121223, 0.4827234290540218, 0.3127745594829321, 0.5410561662477751, 0.8478044718503952, 0.32082061283290386, 0.4890699040144682, 0.3752168707549572, 0.3067560240936776, 0.6741413533687591, 0.3164301378031572, 0.32816818282008176, 0.13696182798594236, 0.3344695187173784, 1.2314166009426117, 0.3265448909252882, 0.4239421922713518, 0.22142936028540133, 0.48160536619834604, 0.1450520943164722, 0.1891306079691276, 1.2416708447039126, 0.24087765184231102, 0.9599897366482765, 0.857395488047041, 0.3001597768109706, 0.4137313497252762, 0.3559430976294809, 0.18090664437040688, 0.10216104828286916, 1.5234659761190414, 0.7924375900998711, 1.3697866201400757, 0.16774357340505552, 0.2992447467520833, 0.854479240719229, 0.5645936336368322, 1.8721313178539276, 0.2870123381726444, 0.3654842344630096, 1.1201172649860383, 0.6549738379195332, 0.15584199409931898, 0.741117512434721, 0.31822724025696514, 0.14321111275348813, 0.3044754766859114, 0.25261779469437895, 0.33558830820644897, 0.1417118822224438, 0.3882103694602847, 1.152638278901577, 0.7586120958440006, 0.9620890766382217, 0.6578842982649803, 1.0634948493291934, 0.45919574797153473, 1.001675909012556, 0.9072874962352216, 0.8318946328712628, 0.5207638839880626, 0.2650380823761225, 0.952364981174469]
2025-12-19 16:58:04 - fedit - INFO - loss data:
2025-12-19 16:58:04 - fedit - INFO - [0.5359156973659993, 0.7812441319227219, 0.5117905798057715, 0.4061643735816082, 0.582579062320292, 1.2376257240772248, 0.41627354454249144, 0.4397012772038579, 0.43808525912463664, 0.6927498198890438, 1.2154608483891933, 0.23905639986818036, 0.23318375181406736, 1.1521341537358238, 2.276259405910969, 0.6305868859092394, 0.7111713990569115, 0.5220463257748634, 0.5928178641945123, 0.600178419922789, 0.8419846341013908, 0.45854558888822794, 0.7357108566211537, 0.7446181245148181, 0.42164999519785246, 0.4304552662419155, 0.7641738563776016, 0.3821009797044098, 0.5646191157400609, 0.5011602185666562, 0.6666183491547902, 0.8774092495441437, 0.6265984871735175, 0.8644062172621488, 0.5434171215165406, 0.19906998838705475, 0.9293005041778087, 0.6494366511702537, 0.41939225802198055, 0.7645766139030457, 0.3262196670907239, 0.11300177609082311, 1.453216128051281, 0.4841284573078155, 0.4665158338844776, 0.25052409182923535, 0.4514002736657858, 0.38795172972604636, 0.40023629839221636, 0.2581385000841692, 0.355197989816467, 0.489197651669383, 0.48079588934779166, 0.4914616129050652, 0.2996914714264373, 0.4816640002653003, 0.3379292865749448, 0.36071154777891934, 0.33188073762382075, 0.2814307693702479, 0.17938783809659073, 1.7809350304305553, 0.30310350763611493, 0.33595548048615453, 0.7209129393100738, 0.4194134887307882, 0.36695471019484105, 0.3517396342125721, 0.4914181187748909, 0.3078287709504366, 0.4718290640041232, 0.49586300551891327, 0.3859578176401556, 0.33387601299521824, 0.3632828909593324, 0.4137467842549086, 0.17793851781170816, 0.48032781470101327, 0.3899754690937698, 0.4422320440411568, 0.2700311068445444, 0.17235135214868932, 0.46327612673242885, 0.7859861483797431, 0.9484374825842679, 0.2359153538942337, 0.20457925729764007, 0.6674242704214217, 0.8565846858080477, 0.47027055457001554, 0.5225655354559422, 0.2749072261853144, 0.2559423531405628, 0.15810595966953161, 0.25714528758544475, 0.5971575152128935, 0.469576533138752, 0.2443719122558832, 0.2431277608886982, 0.9085175156593323, 0.4075593029459318, 0.42050825990736485, 0.4182966500520706, 0.5814026445150375, 0.3347612675279379, 0.6016364760696888, 0.38228374607861043, 0.4021341484040022, 0.4840563425794244, 0.976910550147295, 0.343463521078229, 0.09727651113644242, 0.8852318108431064, 0.35095418319106103, 0.39901864118874075, 0.6345325862057507, 0.3447068175300956, 0.46472265720367434, 0.3764629181474447, 0.4468858361244201, 0.34373694714158776, 0.44107288904488084, 0.41315314583480356, 0.4767928969115019, 0.33186943704883254, 0.16530396181624382, 0.93901042714715, 0.5511346735060215, 0.46056149043142797, 0.5073725224472583, 0.5365927933792894, 0.7786448094760999, 0.4922940153628588, 0.8390596643090248, 0.4459018254031738, 0.3614685876294971, 0.31694346129273376, 0.9641473044951757, 0.5049458291381598, 0.42692923247814174, 0.4517626616482934, 0.4770421620458365, 0.4830202374607324, 0.33663042914122343, 0.41546061672270296, 0.40762571594677866, 0.6582869984209537, 0.44051199555397036, 0.6503465622663498, 0.29833362642675637, 0.24124209629371762, 0.6747056666761636, 0.31111561600118876, 0.3102066021412611, 0.623676098883152, 0.49155502549062174, 0.6742119312286377, 0.35443929284811015, 0.44704453212519485, 0.4371993579901755, 0.34015838205814364, 0.4023265767842531, 0.4697259025027355, 0.5336763511101406, 0.27604435868561267, 0.7803368106484413, 0.33232102561742066, 0.4596587517298758, 0.6506815619766713, 0.28894636097053683, 0.29557679444551466, 0.5809494499117136, 0.5781646128743887, 0.47758676037192344, 0.6651971410959959, 0.43419122807681565, 0.7328884698450565, 0.4436550557613373, 0.43486230038106444, 0.5777673368652662, 0.4330733992159366, 0.4201531741768122, 0.474986357241869, 0.3440387984116872, 0.6015819340944291, 0.4859588548541069, 0.5075830966234207, 0.4751322828233242, 0.4849019512534142, 0.35359464436769483, 0.6397242650389672, 0.4936313033103943, 0.5049060545861721, 0.45056501142680644, 0.6132255330681801, 0.47411870397627354, 0.45844027064740656, 0.5033291514962912, 0.523335958023866, 0.5713571570813656]
2025-12-19 18:07:08 - fedit - INFO - loss data:
2025-12-19 18:07:08 - fedit - INFO - [0.4651283612474799, 0.613089781999588, 0.4633427679538727, 0.3272977747023106, 0.3546583476786812, 0.22624399812193588, 0.38086468178080396, 0.2445993318466381, 0.5413792842999101, 0.5225006677210331, 0.5973688744008541, 0.5108038537204266, 0.46494111940264704, 0.4104175879969262, 0.4039504002247538, 0.14442654487211257, 0.9232033334672451, 0.2844889404717833, 0.6634951010346413, 0.455803163908422, 0.3587455350905657, 0.09717456929890128, 0.7723185472190379, 0.3568097974173725, 0.8872866924852133, 0.5652238607406617, 0.43212664797902106, 0.05818047028733417, 0.6209602583199739, 0.3421387325972319, 0.255380324080276, 0.5538945838809013, 0.3770945379510522, 0.30986436642706394, 0.6896051034331322, 0.22288158691177767, 1.3345996091763177, 0.34285082709458137, 0.3432104356586933, 0.49193196296691893, 0.36462786921765655, 0.5759014435112476, 0.27979432255961, 0.49941292107105256, 0.2728254980452004, 0.12500755077344364, 1.1058823499828576, 0.46740318834781647, 0.2736178966704756, 0.34964496535766454, 0.0747678211851356, 0.02468866943284714, 0.7534173120345389, 0.46546545773744585, 0.3686840841812747, 0.17012714658880473, 0.827830294519663, 0.6325084120035172, 0.49523262623697517, 0.3937170570716262, 0.3406960381194949, 0.25477739376947284, 0.16102719710324892, 0.5987310018002366, 0.35916093694312234, 0.18776597588698174, 0.16058309376905008, 0.14272652444051345, 0.6538628000766039, 0.4560894839465618, 0.28380494627894626, 0.15475910660396847, 0.3498263843357563, 0.2691151620587334, 0.31231394772018706, 0.2112915499485098, 0.023960994827211833, 0.6602149966140132, 0.5174402024596929, 0.2578374833334237, 0.30056345446833543, 0.1334960621864801, 0.19041376719768677, 0.19206029595807195, 0.37131265392526985, 0.5084982827305794, 0.2257287347068389, 0.661408318579197, 0.29311847627395765, 0.42300278772082595, 0.3105437194954397, 0.4704466693103313, 0.4076143056154251, 0.39477923363447187, 0.23651003530248998, 0.32734389734105207, 0.2908311982522718, 0.157838734483812, 0.31670603349080517, 0.36582348868250847, 0.22402022903164226, 0.4780563943088054, 0.18504762931261212, 0.43416388928890226, 0.342139364592731, 0.16061381327121385, 0.5222728095948697, 0.37981246821582315, 0.1081732258769787, 0.6260962154716253, 0.2501777118537575, 0.35370247103273866, 0.13260939670726657, 0.4338308282196522, 0.21991058831724028, 0.562794922105968, 0.3580307595963989, 0.25881962734274566, 0.3355732416468007, 0.3079774547368288, 0.2705231947591528, 0.33286599442362785, 0.41781655997037886, 0.26705971183255317, 0.32241380494087934, 0.3300438550093936, 0.47192191183567045, 0.3657924734055996, 0.4581855025142431, 0.26873594575694626, 0.4337374273687601, 0.35891081765294075, 0.3890761745395139, 0.4511203195899725, 0.3694261720404029, 0.3845250612124801, 0.2578749112888343, 0.6521787140518427, 0.3071987900882959, 0.3903983931988478, 0.29642295547657543, 0.5834399458020926, 0.3952070914208889, 0.2737328174524009, 0.3082928993221786, 0.37077892404049634, 0.3867938816547394, 0.2098595649802259, 0.2911908072160764, 0.6127245128154755, 0.3160796522162855, 0.36347954427557333, 0.31400960087776186, 0.21449847873300315, 0.3392992317676544, 0.3603951605036855, 0.3590396240974466, 0.4513318839482963, 0.130497371376906, 0.3407642376609147, 0.8166336324065924, 0.3024257731623948, 0.25088570630177853, 0.27141948640346525, 0.2202026245583381, 0.2401931183412671, 0.8196463912725449, 0.3113377461209893, 0.23971935852120319, 0.6582584228366614, 0.15967800337821245, 0.16927910539957264, 0.4308861961588264, 0.49970016069710255, 0.46871640495955946, 0.2514733390084335, 0.4113768072798848, 0.16876909639686347, 0.1043048442962269, 0.7055940012344055, 0.36898208819329736, 0.6819265794008971, 0.3309013580903411, 0.11673467950895428, 0.5833165422081947, 0.15913148410618305, 0.14376417845487593, 0.6285817958414555, 0.1026846786857479, 0.2334413264878094, 0.9880470141768456, 1.077157498896122, 0.2529382068663836, 0.24560908330604433, 0.16645554463482565, 0.499425701238215, 0.47427788116037845, 0.5306935273110867, 0.43381133768707514, 0.5276477798819542]
2025-12-19 19:20:19 - fedit - INFO - loss data:
2025-12-19 19:20:19 - fedit - INFO - [0.44914546329528093, 0.3294881070032716, 0.17895623627118767, 0.7484715200960637, 0.6145364861004055, 0.4487128634005785, 0.8031814421992749, 0.3234513470903039, 0.2745885207835171, 0.9274673789739609, 1.6649496257305145, 0.5143684721551836, 0.6729121653363108, 0.5632496528327464, 0.6802315771579742, 0.49093989050015807, 1.5390160977840424, 1.0239440500736237, 0.25793101266026497, 0.5171734880966444, 0.27951899963534543, 1.2070852634496987, 0.836367655498907, 2.4000694130857787, 0.5680983368721273, 0.761605367064476, 0.4689476517960429, 1.4239112362265587, 0.20612100455909968, 1.2122313062194736, 1.7404792085289955, 0.5227586770430207, 0.40026258807629345, 0.651180919073522, 0.5531770215835422, 0.41242041258762285, 0.16113498751074073, 2.025802623728911, 0.44401173209771516, 0.3664792520511482, 0.7882902696728706, 0.850854404270649, 0.4160346700809896, 0.6901648498140276, 1.8190366320312024, 0.46932670697569845, 0.5712119264528155, 0.7658566610887647, 0.31346800086709364, 0.7244274324504658, 0.16379305752925574, 1.1017181154107676, 0.9956596630043351, 0.15736478762701153, 0.5369736497186952, 0.3104295325931162, 0.48701655336966115, 0.44314323862393695, 0.2798383930581622, 0.4689686247923722, 0.3594614015892148, 0.6978092726320028, 0.8972297571599483, 0.43586582913994787, 0.3584951485740021, 0.39595689736306666, 0.7400710659101606, 0.3350735208950937, 0.673336990782991, 1.644100564221541, 0.3993942062887881, 0.6484942934165399, 0.8352087996900082, 0.3779439455829561, 0.4410961262183264, 2.1505232870578768, 0.42087420262396336, 0.16945491179099512, 0.24429028818849474, 0.21488736337050796, 0.8844683347269893, 0.819125558435917, 0.3875260758213699, 0.6272651807482665, 0.799446774617536, 1.5675512900575996, 0.3131098168798619, 0.7079084731638432, 0.33433910917180276, 1.0464186241022415, 0.2679069373290986, 0.09631478417431935, 1.6573195058852435, 0.7981319755315781, 0.41998256742954254, 0.16458473046077415, 1.9676674518734216, 0.4244422528427094, 0.35597604600479826, 0.4266662083566189, 0.3089141494516904, 0.8277362070977687, 0.3053887776409586, 0.20439430710393935, 0.1799246740527451, 0.08977788955671713, 1.9871272563934326, 0.2746568564325571, 1.3778531320393086, 0.3017681490552301, 1.1036048484034837, 0.9560212234966456, 1.3786271134857089, 0.8573138527572155, 0.7085267509799451, 0.3291616575999392, 0.48152201250195503, 0.4039511699229479, 0.7332680001854897, 0.4685756185402473, 0.3580513658002019, 0.6296202937141061, 0.3480405151844025, 0.28263208074495194, 0.4545563788851723, 0.31015234885271636, 0.7983676729956641, 0.5173476469806499, 0.18448963318951428, 0.1695622817483834, 1.0363566665910184, 0.5130320478230714, 0.3564653515815735, 0.15802519894205033, 0.42680701954911154, 0.8453632645308972, 0.5123828187584877, 0.5352608062326908, 0.5588926449418068, 0.35616556803385413, 0.6606738236215379, 0.6528674215078354, 0.40259778201580043, 0.47951590865850446, 0.4255496241152287, 0.37544988840818405, 0.7144980236887932, 0.3918433953076601, 0.35898747853934765, 0.15813532285392284, 0.33865185594186187, 1.3950175911188125, 0.3993929976597428, 0.5073088789358735, 0.23973676497116686, 0.560192009092619, 0.20301264211431974, 0.20781233600573615, 1.2104068212211132, 0.2702851356007159, 0.947706616576761, 0.948887167358771, 0.37865196292599046, 0.48595981765538454, 0.3380645608219008, 0.23053491329774262, 0.12078774091787636, 1.567089728700618, 0.8605417307466268, 1.4474686831235886, 0.18375772750005126, 0.27828060230240226, 0.814271489996463, 0.6164020773023366, 1.909759283065796, 0.35785518183062476, 0.40801071334216327, 1.1649764761328698, 0.7378192409873009, 0.17454885253682734, 0.7849949996918439, 0.25796496951952574, 0.25717214997857807, 0.3099007936194539, 0.3022084629163146, 0.410353344772011, 0.16738868048414587, 0.4299963049590588, 1.1732380390167236, 0.7996692104109874, 1.1095823347568512, 0.6790311515331269, 1.127129382143418, 0.5111703549822171, 1.014409990608692, 0.8771535693667829, 0.8668110465165227, 0.5234408999482791, 0.30037374813109635, 1.0715251788496971]
2025-12-22 06:46:29 - fedit - INFO - loss data:
2025-12-22 06:46:29 - fedit - INFO - [0.5217492457479238, 0.8038800366222858, 0.5294128296275934, 0.41035596591730916, 0.6153896663648387, 1.1271624512970448, 0.41065408072123927, 0.4277071643038653, 0.44892229773104186, 0.6624749434995465, 1.284022422786802, 0.18393600592389703, 0.19795779309545952, 1.146385280485265, 1.9636348061263562, 0.43604888021945953, 0.5694998120889068, 0.5819923280272632, 0.5698920950293541, 0.6070758403589328, 0.7932727366685868, 0.4102504779584706, 0.7869540419778787, 0.7622532237321139, 0.4174114873011907, 0.42293905913829805, 0.7000811725854874, 0.351292912568897, 0.5363687291741371, 0.47373744286596775, 0.5849708676338196, 0.6033400141944488, 0.8635499576727549, 0.7399478189647197, 0.6390334102325141, 0.18340435563004576, 0.7398453567177057, 0.4848977953195572, 0.2993152125738561, 0.8494610749185085, 0.2578262992203236, 0.10986578178126365, 1.289403864555061, 0.4121811922639608, 0.3608036579564214, 0.24716011189545195, 0.45207101753912865, 0.35865554758347573, 0.39676506250786286, 0.2187673705164343, 0.2664325022449096, 0.44064895883202554, 0.41551526524126525, 0.41500389886399114, 0.26612643563809496, 0.4595441043376922, 0.30839772932231424, 0.336146189365536, 0.34319253225500385, 0.2654940060650309, 0.1705982937826775, 1.6926726400852203, 0.2906342498026788, 0.31076305899769063, 0.6577361568808555, 0.3882107546553016, 0.2734105172101408, 0.31976269807200874, 0.4516963448375464, 0.2555964783532545, 0.377018503472209, 0.4828156024217606, 0.38015525117516513, 0.31140410468603175, 0.3093543353800972, 0.361797604104504, 0.17077951889950782, 0.40521064861677586, 0.25831480890822905, 0.3984553676098585, 0.2366982914507389, 0.1681696368769432, 0.3862755158140014, 0.7760468341177329, 0.9011447664815933, 0.22647526303771884, 0.18630506762613855, 0.7634050167185099, 0.7704058723524213, 0.3694614697131329, 0.47143537923693657, 0.23107600943185388, 0.23280462208203972, 0.11695303288676466, 0.23073971713893116, 0.5239644464105367, 0.5826132796704769, 0.22331142551265656, 0.19457937177891532, 0.9567883372306824, 0.3359639706710974, 0.3965291440486908, 0.3687242357681195, 0.4863921385258436, 0.3194171621774634, 0.6523209236562252, 0.3561558334156871, 0.341333718970418, 0.44831672087311747, 0.9669991011420886, 0.30580512061715126, 0.10126074937870726, 0.7848948716302402, 0.30373532958328725, 0.4297069195657969, 0.4858830445446074, 0.30930914729833603, 0.5406707264482975, 0.3466213267296553, 0.39938158802688123, 0.304043538775295, 0.40852331593632696, 0.36576613709330563, 0.4084827544167638, 0.22794896406897652, 0.13723534327000378, 0.866816534474492, 0.4294820426031947, 0.44317449256777763, 0.419386287778616, 0.49057175902028877, 0.7150678217411042, 0.37710245363414285, 0.6197666089981795, 0.4976485224130253, 0.304139232635498, 0.2677595242857933, 1.0241951756179333, 0.4235386248677969, 0.44286531694233416, 0.348222522996366, 0.4744278330355883, 0.4025266656652093, 0.3488457042258233, 0.45632799457137785, 0.40378309360239656, 0.5458709560334682, 0.344233108125627, 0.7014719866216182, 0.2991176638752222, 0.18573320829309525, 0.5687626585364342, 0.26437712647020817, 0.25409015342593194, 0.4695916250348091, 0.4409729220593969, 0.5356417611241341, 0.3976795066148042, 0.43656692653894424, 0.36554425712674854, 0.26820046845823525, 0.36466522552073, 0.3634963544706503, 0.47398930601775646, 0.2734946007529895, 0.7814907521009445, 0.29572371263056996, 0.451608180689315, 0.6168821293860673, 0.2903584251180291, 0.2592882426455617, 0.5811242692172527, 0.5538294954846303, 0.48519693724811075, 0.6013512380421162, 0.39668718725442886, 0.609874389320612, 0.3636919055134058, 0.35210302881896494, 0.49879943455259007, 0.3735324673354626, 0.4351178504526615, 0.4429924637079239, 0.3536449372768402, 0.4938982669264078, 0.46254673339426516, 0.42236297726631167, 0.44235869236290454, 0.3869889044513305, 0.32548424117267133, 0.5786492814620336, 0.4213518713911375, 0.4191058920696378, 0.4119573399424553, 0.4877904921770096, 0.33768345490098, 0.40227802507579324, 0.472372068464756, 0.4004639212042093, 0.4836618909612298]
2025-12-22 07:46:36 - fedit - INFO - loss data:
2025-12-22 07:46:36 - fedit - INFO - [0.44401811831630766, 0.6041303038597107, 0.4623007193207741, 0.3158330413512886, 0.3631216578185558, 0.22522254273353612, 0.35847803895012476, 0.2201681419530706, 0.5319986069574952, 0.5056147802621126, 0.5595870465040207, 0.4699214078485966, 0.43286166377365587, 0.36779269750986715, 0.38506734780967233, 0.12978403268498367, 0.8199997112154961, 0.2059399205551017, 0.5837442092597485, 0.3843776617199182, 0.30878881849348544, 0.08623206025933744, 0.5994139006361365, 0.3230109026451828, 0.7927349196281284, 0.4885646227747202, 0.3748425725847483, 0.0568886353430571, 0.5497183121740818, 0.32756123431026934, 0.23528938991043508, 0.524499348551035, 0.3070095295086503, 0.22725856319690743, 0.8383606567978859, 0.22589616461967427, 1.2542633414268494, 0.28171875227449666, 0.3259614767506719, 0.46100647523999216, 0.3285538565251045, 0.5293122969567776, 0.26888551404699684, 0.43635128922760485, 0.21407044621273164, 0.11840404833783397, 1.0426049971953035, 0.45479891151189805, 0.24883812411377826, 0.339728777951354, 0.07720456700109127, 0.02008027311991706, 0.6554287629468101, 0.42928390316665177, 0.329258866874235, 0.13519131062993048, 0.8114545386284591, 0.6196666203439236, 0.4948865782469511, 0.3587401184486225, 0.3331196790211834, 0.23986283100675793, 0.18289943094714545, 0.6761642468857948, 0.3675420381128788, 0.15731451427822724, 0.14202956473330103, 0.13840525229461492, 0.6543525878340006, 0.4284752644598484, 0.24017207760674258, 0.14950911402702333, 0.29583417943545753, 0.2566439377143979, 0.27462711877056534, 0.17915712208050535, 0.027804280754935462, 0.6221549946643791, 0.4739434003829956, 0.254138883529231, 0.2435242161154747, 0.11719151819639333, 0.16113973716532604, 0.16717707615656158, 0.33936722795479, 0.4705280736088753, 0.22635729773901403, 0.6740052908658982, 0.2821710612159222, 0.40931918964617786, 0.29137634833653764, 0.4071673441678285, 0.35050183460116385, 0.3380948558449745, 0.21984843602403997, 0.30875918962992727, 0.2926094836591801, 0.13676769571902697, 0.3141345290958675, 0.32122703474014996, 0.19727819400529067, 0.44731964245438577, 0.15665656868368388, 0.3598292000591755, 0.31263853553682563, 0.1469424376485958, 0.4992118012160063, 0.35221066176891325, 0.11251098314015609, 0.6307947386056185, 0.22900350661948324, 0.3154736553318799, 0.11795776395592839, 0.43094820305705067, 0.1996466111598743, 0.5430955243296921, 0.3350915650704077, 0.222753850184381, 0.19672534694629057, 0.3128021156415344, 0.259844628139399, 0.2987062754109502, 0.3726158574223518, 0.2519982295110822, 0.2935576473362744, 0.28548797522994895, 0.43122243620455264, 0.3637109698727727, 0.40459865145385265, 0.2568049860142526, 0.40886063165962694, 0.32229222340974956, 0.32887077652849256, 0.370387750864029, 0.37737806895747783, 0.3365709090605378, 0.18152508501791292, 0.6626844115555286, 0.2844546562888556, 0.3761438330901521, 0.2620707764290273, 0.5567371636629105, 0.3805878832936287, 0.26402898216620085, 0.28335889807850534, 0.33843581480905416, 0.36148711531423033, 0.17710217562104974, 0.2575292562826588, 0.5611052352935075, 0.2987492757849395, 0.340904092017029, 0.2934640504419804, 0.18319686567410826, 0.2985937582328916, 0.31776839029043913, 0.34085258185449574, 0.4322843487374484, 0.11507074962266617, 0.3042979700490832, 0.7123419765848666, 0.32219220846891405, 0.22898618560284376, 0.24985296316444874, 0.17269555838512524, 0.20509725352749228, 0.7280821964144707, 0.2889346731826663, 0.22092733366621864, 0.5570245464332402, 0.1412901828996837, 0.1446716816474994, 0.4215623179450631, 0.4780975323170424, 0.4474565405398607, 0.19751221447118691, 0.3783968113362789, 0.15754789703836042, 0.07862877967482847, 0.7536595397525363, 0.36059802360832693, 0.6381202450953424, 0.330516267940402, 0.09787363279610872, 0.500047854706645, 0.1314299361307233, 0.13426858792081475, 0.6086622033268213, 0.09048572388063703, 0.18885685163550078, 0.9542511783540248, 1.0007947895675897, 0.21682174708694218, 0.22163198441267015, 0.1409171905279869, 0.4425668969750404, 0.45992147028446195, 0.43031240776181223, 0.36151291262358426, 0.4887999452650547]
2025-12-22 08:05:27 - fedit - INFO - loss data:
2025-12-22 08:05:27 - fedit - INFO - [0.45827353186905384, 0.3133918042708602, 0.1846571122761816, 0.6800294383894652, 0.5261125993914902, 0.4466778211295605, 0.7659289798466489, 0.3117537037702277, 0.29185077850706875, 0.8315726527944207, 1.4381283670663834, 0.5179753278692563, 0.5899039506912231, 0.5140514276921749, 0.5720917850732803, 0.3743308283155784, 1.5894802898168563, 0.7427135184407234, 0.2909890181384981, 0.5101548242072265, 0.22770794349619083, 1.1372220255434513, 0.5287476083263755, 1.5270681182543437, 0.4458076128529178, 0.6296886906027794, 0.46344352690503, 1.6450518183410168, 0.16408677268773317, 0.9463952847290784, 1.18378080924352, 0.4273368033580482, 0.333175224380102, 0.45264897553715855, 0.17640520503045992, 0.36538941905212896, 0.11738895480521024, 1.061344521989425, 0.3876478142570704, 0.28118373362554444, 0.8070683304220438, 0.7439031302928925, 0.3694882598239928, 0.6519830982317216, 1.4083958297967911, 0.37386037558317187, 0.45360092965420334, 0.9265826975461096, 0.26679356368646645, 0.46412558597512543, 0.14052017863141372, 0.8435988733079285, 0.959023305925075, 0.14693614337593316, 0.4337374204252329, 0.2884574932977557, 0.31516075654265785, 0.43280361096064246, 0.2301714913744945, 0.5570027227513492, 0.3275336341233924, 0.531946069933474, 0.7261106185615063, 0.3798331648111343, 0.3193247481714934, 0.343236946221441, 0.6698222003877163, 0.310439090966247, 0.6110266967327334, 1.3126982847849529, 0.48065155578984153, 0.5797250113760432, 0.9849586256314069, 0.33550357857408625, 0.40742838811129334, 1.9408446151763201, 0.3857116213068366, 0.15410040697380384, 0.20223857031669468, 0.18120625680312513, 0.8255948340520263, 0.5703204490244389, 0.5089772663079202, 0.6079270548148391, 0.7628987504343968, 1.4651893965899945, 0.35460308543406427, 0.6051890864968299, 0.2710916135692969, 1.0086121856131487, 0.2205177936082085, 0.07218602335778997, 1.7125536635518075, 0.7367391377687454, 0.39218965321779253, 0.1559821174480021, 1.8910091072320938, 0.38005194379366003, 0.321913086483255, 0.3496974525973201, 0.2707705271197483, 0.7962594933807849, 0.2560026958662396, 0.16739724559010938, 0.14501402527093887, 0.07957351453369484, 1.8782428587476412, 0.2718174516223371, 1.3660443253815173, 0.2480696915105606, 0.9926670654676855, 0.81007492672652, 1.386964476434514, 0.7021257113665342, 0.5129886406473816, 0.32890227382174797, 0.423517694696784, 0.38349878825247286, 0.6258667198941111, 0.5697842842588822, 0.28324848534539343, 0.5180833080783487, 0.2881660956268509, 0.26678204545751216, 0.39016095909755677, 0.27203128242399544, 0.6379337236168794, 0.5245661990096172, 0.26689729769714177, 0.1298396870442149, 0.8991441549733281, 0.30894706908147784, 0.41896887458860876, 0.13989270012825727, 0.41200018658613163, 0.7952398609369993, 0.4445251993834972, 0.47977330163121223, 0.4827234290540218, 0.3127745594829321, 0.5410561662477751, 0.8478044718503952, 0.32082061283290386, 0.4890699040144682, 0.3752168707549572, 0.3067560240936776, 0.6741413533687591, 0.3164301378031572, 0.32816818282008176, 0.13696182798594236, 0.3344695187173784, 1.2314166009426117, 0.3265448909252882, 0.4239421922713518, 0.22142936028540133, 0.48160536619834604, 0.1450520943164722, 0.1891306079691276, 1.2416708447039126, 0.24087765184231102, 0.9599897366482765, 0.857395488047041, 0.3001597768109706, 0.4137313497252762, 0.3559430976294809, 0.18090664437040688, 0.10216104828286916, 1.5234659761190414, 0.7924375900998711, 1.3697866201400757, 0.16774357340505552, 0.2992447467520833, 0.854479240719229, 0.5645936336368322, 1.8721313178539276, 0.2870123381726444, 0.3654842344630096, 1.1201172649860383, 0.6549738379195332, 0.15584199409931898, 0.741117512434721, 0.31822724025696514, 0.14321111275348813, 0.3044754766859114, 0.25261779469437895, 0.33558830820644897, 0.1417118822224438, 0.3882103694602847, 1.152638278901577, 0.7586120958440006, 0.9620890766382217, 0.6578842982649803, 1.0634948493291934, 0.45919574797153473, 1.001675909012556, 0.9072874962352216, 0.8318946328712628, 0.5207638839880626, 0.2650380823761225, 0.952364981174469]
