2025-11-05 14:15:17 - fedit - INFO - loss data:
2025-11-05 14:15:17 - fedit - INFO - [10.808131712675095, 0.5445273406803608, 0.21032227873802184, 0.1977500854060054, 0.17773399241268634, 0.16490684263408184, 0.162315758690238, 0.1648614251986146, 0.15855034925043582, 0.1546557307243347, 0.14836279563605786, 0.16530645526945592, 0.14844341799616811, 0.15393523517996072, 0.15030541885644197, 0.13841586410999296, 0.13595274835824966, 0.1366223206743598, 0.13343751011416316, 0.13603957649320364, 0.12990203872323036, 0.12286703642457725, 0.14246833454817534, 0.13886435497552158, 0.13858525045216083, 0.13896550741046668, 0.12938929349184036, 0.1308373548090458, 0.12723776306957008, 0.12337600365281105, 0.12850873675197363, 0.12055591475218534, 0.12805144097656013, 0.12371464343741537, 0.1216312712058425, 0.12556899320334197, 0.1390813071280718, 0.12443474903702735, 0.1194086553528905, 0.1269684372469783, 0.13745461599901318, 0.12341239284723997, 0.12694838643074036, 0.11976358816027641, 0.1251860335469246, 0.12848824318498372, 0.11388778742402791, 0.1263285640627146, 0.12198244221508503, 0.1186636371538043, 0.11953045912086964, 0.1220809744670987, 0.11896842187270522, 0.1049135965295136, 0.11473137382417917, 0.10860454719513654, 0.12147106025367976, 0.10751765528693795, 0.11585805239155889, 0.11836042441427708, 0.12124177403748035, 0.12190856263041497, 0.11383108980953693, 0.11240644827485084, 0.12002377565950155, 0.10641847387887537, 0.11013617236167192, 0.11106053739786148, 0.11348768826574088, 0.10784431975334882, 0.11206678049638867, 0.11458424767479301, 0.1076111139729619, 0.12122345855459571, 0.10977212311699987, 0.1035968248732388, 0.10101723242551089, 0.11187294153496624, 0.11210133424028754, 0.10463043740019203, 0.10471129454672337, 0.10660410644486547, 0.10421231118962168, 0.10126692205667495, 0.10962345143780111, 0.10073995478451252, 0.11874244213104249, 0.11812889752909542, 0.1009494636207819, 0.10670030731707811, 0.11082845786586404, 0.10646529626101256, 0.10614545857533814, 0.08384564444422722, 0.10058470601215959, 0.10190490437671543, 0.09436622131615877, 0.09543228326365352, 0.099701367598027, 0.09673703461885452, 0.10529579669237138, 0.09377878857776523, 0.09222861174494028, 0.10377700431272388, 0.10788044529035687, 0.08846777658909559, 0.08813137225806714, 0.10172806410118937, 0.09627458620816469, 0.0989216954447329, 0.10556301232427359, 0.1063987455330789, 0.09616235364228487, 0.10379369836300611, 0.09671039190143346, 0.09648248944431544, 0.09588195076212287, 0.10179820638149976, 0.1064795852638781, 0.09678184324875475, 0.09995210096240043, 0.09944529542699457, 0.10834451923146844, 0.09059348562732339, 0.09752982314676047, 0.09427555669099093, 0.08480709111317992, 0.09255156544968486, 0.0928331664763391, 0.0895808576606214, 0.08613301496952772, 0.0971901709213853, 0.08763284161686898, 0.09764659665524959, 0.09019899927079678, 0.09819815959781408, 0.0915146168321371, 0.0890034381300211, 0.09167149160057306, 0.0810947242192924, 0.08247327543795108, 0.097243363969028, 0.08960226308554411, 0.10324548110365868, 0.09257970089092851, 0.10058629615232348, 0.10030443714931608, 0.08448366876691579, 0.1059236298315227, 0.08254495561122893, 0.09298208393156529, 0.0834335203282535, 0.08664646372199059, 0.08663727007806302, 0.08195357844233514, 0.08776477966457605, 0.09686552118510008, 0.08796379361301661, 0.0899544338695705, 0.09230252569541335, 0.08156637158244848, 0.09117708830162882, 0.09519904470071197, 0.0856987290084362, 0.0948982105590403, 0.09770934302359818, 0.09011737508699298, 0.07840598048642278, 0.09108824618160724, 0.094578105956316, 0.1046218798495829, 0.08241923777386545, 0.08377452036365866, 0.08044313974678516, 0.0835193402133882, 0.08878920515999197, 0.09409819804131986, 0.09925985103473067, 0.09015292637050151, 0.09116157284006476, 0.08734491039067507, 0.09192783227190376, 0.08698784708976745, 0.0801929016597569, 0.08728720881044864, 0.09249504916369916, 0.08306543296203017, 0.08741527814418078, 0.09835984064266086, 0.08857294926419854, 0.08569676335901022, 0.09872019262984395, 0.08929666439071297, 0.09693456180393695, 0.08714484283700585, 0.08333372278138995, 0.09012528350576758, 0.08701665354892613, 0.10208395989611746, 0.09662456400692462]
2025-11-07 19:43:11 - fedit - INFO - loss data:
2025-11-07 19:43:11 - fedit - INFO - [10.808131712675095, 0.5447900302708149, 0.21049880795180798, 0.1977913253009319, 0.1777584183961153, 0.16515678316354754, 0.16321550440043212, 0.16496340613812208, 0.15867490507662296, 0.15480868332087994, 0.14835620690137147, 0.1653617976233363, 0.14844750203192236, 0.15396566689014435, 0.15048575364053252, 0.13846403174102306, 0.13588698878884314, 0.13656764458864928, 0.13356447592377663, 0.13603587318211796, 0.12996605262160302, 0.12281305510550738, 0.1425242595374584, 0.13893085569143296, 0.13872456047683956, 0.13910386320203544, 0.12933649085462096, 0.13088044691830875, 0.12723731342703104, 0.12344876043498516, 0.12852288931608202, 0.12057457845658064, 0.12815911676734687, 0.12393197407945991, 0.12168365400284528, 0.12577900290489197, 0.13919658437371252, 0.12440891582518816, 0.11958706583827733, 0.1269929029047489, 0.1374357046559453, 0.12358147948980332, 0.12701513003557918, 0.12056998908519745, 0.12515314957126975, 0.12867968557402493, 0.11392222410067915, 0.12639121348038318, 0.12211637236177922, 0.11856373101472854, 0.11972843706607819, 0.12233948446810244, 0.11924591567367315, 0.10524988370016217, 0.11492213625460862, 0.10872258311137557, 0.12155317636206746, 0.10762653341516853, 0.11594322146847844, 0.11860529109835624, 0.12130316644906998, 0.12205909546464681, 0.114044036436826, 0.11270963978022337, 0.1200680823996663, 0.1065816008951515, 0.11029338259249925, 0.11128572393208741, 0.11372119197621941, 0.10802950020879507, 0.11230077715590596, 0.11478555034846068, 0.10783880352973937, 0.12137232776731252, 0.11006202381104231, 0.10350707462057471, 0.10080858804285527, 0.11211374625563622, 0.11225313544273377, 0.10399682605639099, 0.10482029458507895, 0.10719479229301215, 0.10463873790577054, 0.10119682587683201, 0.11002193596214056, 0.09996745716780424, 0.11892583686858416, 0.11879158923402429, 0.10051476042717696, 0.10739583093672991, 0.11070896098390222, 0.10667424434795976, 0.10604483149945736, 0.08325652526691556, 0.09919853731989861, 0.10206714561209082, 0.0941472614184022, 0.09590529706329107, 0.09850669605657458, 0.09704768024384974, 0.10517795933410526, 0.09373806500807405, 0.09188368879258632, 0.10425513964146375, 0.10770562794059516, 0.08814630275592208, 0.0885475012473762, 0.1017734651453793, 0.09640806624665857, 0.09902177527546882, 0.10472847623750567, 0.10606576828286052, 0.09556887596845627, 0.1032717258669436, 0.09658145504072309, 0.0958058126270771, 0.09611856620758771, 0.10116870012134313, 0.10692467205226422, 0.09729275535792112, 0.10020055556669832, 0.09816196979954839, 0.10719013242051005, 0.09043322103098034, 0.09677431331947446, 0.0932361857034266, 0.08403285974636673, 0.09250526446849108, 0.09069052478298545, 0.08894868912175297, 0.08487984873354434, 0.09660282479599118, 0.08664453914389014, 0.0969628811813891, 0.08872357038781047, 0.09798443811014296, 0.08943165838718414, 0.08764662267640233, 0.09071320919319988, 0.07870334303006529, 0.08137016566470265, 0.09636368304491043, 0.08735518520697952, 0.09966171141713857, 0.09205433102324606, 0.09821762973442674, 0.09907431909814476, 0.08195320824161172, 0.10203915620222687, 0.07943927589803934, 0.09110809974372387, 0.0817988791503012, 0.08430623728781939, 0.08251075753942132, 0.07733048899099232, 0.08561932109296322, 0.09293509004637598, 0.0846603916026652, 0.08637085678055882, 0.08884006319567561, 0.07603874523192644, 0.08706165961921214, 0.09051033128052949, 0.08308415496721863, 0.09158772090449929, 0.09542447635903954, 0.08467606278136372, 0.0729837691411376, 0.08699027867987752, 0.08940220782533288, 0.09844465991482138, 0.07605820852331818, 0.0799545992165804, 0.07617025738582014, 0.07881060633808373, 0.08387804124504328, 0.08933003572747111, 0.09654069626703858, 0.08568318048492074, 0.08516878085210919, 0.08051873156800865, 0.0829769062809646, 0.07991694891825318, 0.0749246352352202, 0.08062350628897548, 0.08505398044362664, 0.07472546240314841, 0.07952225906774402, 0.09126319419592618, 0.07970122210681438, 0.07888683704659342, 0.09300937885418534, 0.07970988797023892, 0.08808805076405406, 0.07394756227731705, 0.07190308459103106, 0.07799495216459036, 0.07987150475382804, 0.09568485142663122, 0.0867702073417604, 0.08960600700229407, 0.08573965532705188, 0.08077703029848635, 0.07304720543324947, 0.08324324637651444, 0.07329889461398126, 0.07038962468504906, 0.07643797732889653, 0.07937905387952923, 0.07911059297621251, 0.08211368881165981, 0.07646171562373638, 0.09655921775847673, 0.07780425087548792, 0.08288612654432653, 0.07903669439256192, 0.07616244722157717, 0.07707516010850668, 0.06603666562587023, 0.08223802000284194, 0.08596490696072578, 0.07634951947256922, 0.07980394037440419, 0.08307947842404245, 0.09355535032227635, 0.07606027452275158, 0.06719092684797942, 0.07080099610611797, 0.08634610958397387, 0.07468000100925565, 0.07051834966987372, 0.07763186423107982, 0.08467535274103284, 0.06924332296475769, 0.06792554222047328, 0.07421631189063191, 0.06687165098264813, 0.06778648504987358, 0.07238508928567172, 0.06876482414081693, 0.07556958151981234, 0.07596675930544734, 0.07980107907205819, 0.07559657581150532, 0.06878209924325347, 0.0690589643549174, 0.08041836176998914, 0.0710207162424922, 0.0765257145743817, 0.0910259833559394, 0.06899253632873296, 0.07113801217637955, 0.07639776999130846, 0.06802453673444689, 0.06822524829767644, 0.0850259916856885, 0.06778098871000111, 0.07223697789013386, 0.06610349635593593, 0.06734238429926337, 0.08442705888301134, 0.05850737639702856, 0.07544986773282289, 0.07804825576022267, 0.07919275052845479, 0.08357045515440403, 0.07113067843019963, 0.06653460008092224, 0.08065109243616461, 0.07852504011243581, 0.08499700473621488, 0.07360098198987544, 0.073671620991081, 0.07079587136395275, 0.061980508873239165, 0.06902571013197303, 0.06849203393794595, 0.06528817173093557, 0.06843327721580864, 0.07452866830863059, 0.07753418907523155, 0.06883054426871241, 0.08417246052995324, 0.06335560334846377, 0.07669864194467664, 0.07834418779239058, 0.0689649224281311, 0.06937047271057964, 0.07459314446896315, 0.07280645575374364, 0.071238858345896, 0.0714007989037782, 0.07316962406039237, 0.07739504761993884, 0.06992682320997119, 0.06750009027309715, 0.06131797228008509, 0.06582825742661953, 0.07244529752060772, 0.06589931659400464]
2025-11-08 08:13:29 - fedit - INFO - loss data:
2025-11-08 08:13:29 - fedit - INFO - [10.808131712675095, 0.5445273406803608, 0.21032227873802184, 0.1977500854060054, 0.17773399241268634, 0.16490684263408184, 0.162315758690238, 0.1648614251986146, 0.15855034925043582, 0.1546557307243347, 0.14836279563605786, 0.16530645526945592, 0.14844341799616811, 0.15393523517996072, 0.15030541885644197, 0.13841586410999296, 0.13595274835824966, 0.1366223206743598, 0.13343751011416316, 0.13603957649320364, 0.12990203872323036, 0.12286703642457725, 0.14246833454817534, 0.13886435497552158, 0.13858525045216083, 0.13896550741046668, 0.12938929349184036, 0.1308373548090458, 0.12723776306957008, 0.12337600365281105, 0.12850873675197363, 0.12055591475218534, 0.12805144097656013, 0.12371464343741537, 0.1216312712058425, 0.12556899320334197, 0.1390813071280718, 0.12443474903702735, 0.1194086553528905, 0.1269684372469783, 0.13745461599901318, 0.12341239284723997, 0.12694838643074036, 0.11976358816027641, 0.1251860335469246, 0.12848824318498372, 0.11388778742402791, 0.1263285640627146, 0.12198244221508503, 0.1186636371538043, 0.11953045912086964, 0.1220809744670987, 0.11896842187270522, 0.1049135965295136, 0.11473137382417917, 0.10860454719513654, 0.12147106025367976, 0.10751765528693795, 0.11585805239155889, 0.11836042441427708, 0.12124177403748035, 0.12190856263041497, 0.11383108980953693, 0.11240644827485084, 0.12002377565950155, 0.10641847387887537, 0.11013617236167192, 0.11106053739786148, 0.11348768826574088, 0.10784431975334882, 0.11206678049638867, 0.11458424767479301, 0.1076111139729619, 0.12122345855459571, 0.10977212311699987, 0.1035968248732388, 0.10101723242551089, 0.11187294153496624, 0.11210133424028754, 0.10463043740019203, 0.10471129454672337, 0.10660410644486547, 0.10421231118962168, 0.10126692205667495, 0.10962345143780111, 0.10073995478451252, 0.11874244213104249, 0.11812889752909542, 0.1009494636207819, 0.10670030731707811, 0.11082845786586404, 0.10646529626101256, 0.10614545857533814, 0.08384564444422722, 0.10058470601215959, 0.10190490437671543, 0.09436622131615877, 0.09543228326365352, 0.099701367598027, 0.09673703461885452, 0.10529579669237138, 0.09377878857776523, 0.09222861174494028, 0.10377700431272388, 0.10788044529035687, 0.08846777658909559, 0.08813137225806714, 0.10172806410118937, 0.09627458620816469, 0.0989216954447329, 0.10556301232427359, 0.1063987455330789, 0.09616235364228487, 0.10379369836300611, 0.09671039190143346, 0.09648248944431544, 0.09588195076212287, 0.10179820638149976, 0.1064795852638781, 0.09678184324875475, 0.09995210096240043, 0.09944529542699457, 0.10834451923146844, 0.09059348562732339, 0.09752982314676047, 0.09427555669099093, 0.08480709111317992, 0.09255156544968486, 0.0928331664763391, 0.0895808576606214, 0.08613301496952772, 0.0971901709213853, 0.08763284161686898, 0.09764659665524959, 0.09019899927079678, 0.09819815959781408, 0.0915146168321371, 0.0890034381300211, 0.09167149160057306, 0.0810947242192924, 0.08247327543795108, 0.097243363969028, 0.08960226308554411, 0.10324548110365868, 0.09257970089092851, 0.10058629615232348, 0.10030443714931608, 0.08448366876691579, 0.1059236298315227, 0.08254495561122893, 0.09298208393156529, 0.0834335203282535, 0.08664646372199059, 0.08663727007806302, 0.08195357844233514, 0.08776477966457605, 0.09686552118510008, 0.08796379361301661, 0.0899544338695705, 0.09230252569541335, 0.08156637158244848, 0.09117708830162882, 0.09519904470071197, 0.0856987290084362, 0.0948982105590403, 0.09770934302359818, 0.09011737508699298, 0.07840598048642278, 0.09108824618160724, 0.094578105956316, 0.1046218798495829, 0.08241923777386545, 0.08377452036365866, 0.08044313974678516, 0.0835193402133882, 0.08878920515999197, 0.09409819804131986, 0.09925985103473067, 0.09015292637050151, 0.09116157284006476, 0.08734491039067507, 0.09192783227190376, 0.08698784708976745, 0.0801929016597569, 0.08728720881044864, 0.09249504916369916, 0.08306543296203017, 0.08741527814418078, 0.0983350264839828, 0.08853970644995571, 0.08570839650928974, 0.09869051445275545, 0.08927993942052126, 0.0969918834976852, 0.08708947962149977, 0.08334440793842077, 0.0901382129639387, 0.08696233024820685, 0.10218022270128131, 0.09666915182024241]
2025-11-11 12:29:45 - fedit - INFO - loss data:
2025-11-11 12:29:45 - fedit - INFO - [10.561649042367936, 0.5006910920143128, 0.21318907476961613, 0.19340867660939692, 0.18132576420903207, 0.16941350121051074, 0.1668633347377181, 0.1655401524156332, 0.1666009310632944, 0.15897932220250366, 0.14933840073645116, 0.13620847798883914, 0.1570118237286806, 0.14597017541527746, 0.14238280318677426, 0.13356857299804686, 0.13312813583761451, 0.14502192754298449, 0.13659548517316578, 0.13784976601600646, 0.12486252412199975, 0.1329754389822483, 0.12902619391679765, 0.13134346585720777, 0.1282843340188265, 0.13479361543431878, 0.12688765991479156, 0.14198064496740698, 0.1267740771174431, 0.13166888095438478, 0.1251087926328182, 0.12287196200340987, 0.12386333327740431, 0.12898554261773826, 0.11916328798979521, 0.11887581925839186, 0.1255094340071082, 0.1116021977737546, 0.12406546603888273, 0.11346253706142306, 0.11695814318954945, 0.11851998623460532, 0.13001170065253972, 0.11790084280073643, 0.11388298878446221, 0.11106644375249744, 0.1104211000725627, 0.118936906196177, 0.11059894524514675, 0.1138967951759696, 0.11210974790155888, 0.10884698061272502, 0.1103969362564385, 0.11904693860560656, 0.11351687163114549, 0.10979751246050001, 0.10769686019048094, 0.10804893067106605, 0.10240433253347873, 0.10151088749989867, 0.10569291384890675, 0.10742693310603499, 0.09800156755372882, 0.10807212041690945, 0.1137780268676579, 0.10814997237175702, 0.11323685767129063, 0.09811919480562209, 0.0968983461149037, 0.10567752141505479, 0.10100161358714105, 0.09885610472410918, 0.09900236995890736, 0.10272449553012847, 0.10479733189567923, 0.09610860385000705, 0.09869806338101625, 0.09511352460831404, 0.09827516498044134, 0.08940992802381514, 0.09473111322149635, 0.09379564058035611, 0.092165338806808, 0.09644777504727245, 0.09829608630388975, 0.09255467895418405, 0.09722710251808167, 0.0929419483989477, 0.08945760298520326, 0.09149906607344746, 0.09116175780072808, 0.0840666820295155, 0.08965620286762715, 0.08693424258381127, 0.0896449524909258, 0.09428159529343247, 0.08077183309942484, 0.08398224171251059, 0.08011189866811037, 0.08466960196383297, 0.08421451961621643, 0.08673949651420115, 0.08169228453189134, 0.08059451319277286, 0.08932806365191936, 0.09257015287876129, 0.0794783342629671, 0.07736384747549892, 0.08248659921810031, 0.07792506236582994, 0.07728831525892019, 0.08785753548145295, 0.07920882520265878, 0.07809434249065816, 0.08027975568547846, 0.08975622793659568, 0.093381857406348, 0.07630114499479532, 0.07460237601771952, 0.07886362187564373, 0.08195856474339962, 0.07242570612579584, 0.07177305147051811, 0.07658180622383952, 0.07147889509797095, 0.07878283224999905, 0.07911177398636937, 0.07180600445717573, 0.07469684425741434, 0.08199857641011477, 0.06995630832388997, 0.07950474992394448, 0.07081728680059314, 0.06896114097908139, 0.07008138964883984, 0.07654884569346904, 0.07725004740059375, 0.06361536104232073, 0.07017787620425224, 0.07417556829750538, 0.06886136545799673, 0.07111615519970654, 0.0665227273479104, 0.07532883514650165, 0.07636372433044017, 0.06601084908470511, 0.06837574206292629, 0.07161429030820726, 0.06318757776170969, 0.0615550163667649, 0.058796718483790755, 0.07929121004417539, 0.06916434546001256, 0.07192013096064329, 0.06160454452037811, 0.05967898103408516, 0.061626397119835016, 0.07233336912468076, 0.06149684432893991, 0.07002747855149209, 0.06790472073480486, 0.06739036245271564, 0.06407438004389406, 0.06366098327562213, 0.0677470128517598, 0.06476493664085864, 0.06093880604021251, 0.0599941364955157, 0.06265981774777174, 0.06717979591339826, 0.06773173687979578, 0.06263285093009471, 0.06385692525655032, 0.06022899211384356, 0.061181279178708796, 0.06313403928652406, 0.06386956525966525, 0.06272701472043991, 0.06654193866997957, 0.052163757802918556, 0.07344714468345045, 0.06893262164667249, 0.05650529488921166, 0.06694509959779679, 0.06421566237695514, 0.06765275415964425, 0.060552678629755975, 0.07448341920971871, 0.06460634819231928, 0.05286001842468977, 0.06123516838997602, 0.062141162576153874, 0.06081991260871291, 0.06398993832990527, 0.06147955460473895, 0.058967169001698495, 0.059504334628582, 0.061306788213551046, 0.06687901560217141, 0.06403439543209971]
2025-11-11 19:51:43 - fedit - INFO - loss data:
2025-11-11 19:51:43 - fedit - INFO - [9.83164148926735, 0.5587700929492712, 0.22092656120657922, 0.18195572160184384, 0.18321522306650878, 0.1717330222949386, 0.17107318025082352, 0.1642712378874421, 0.1555126763880253, 0.16511995773762467, 0.15572872888296843, 0.1493182299658656, 0.1514475280418992, 0.15447670519351958, 0.14611950106918814, 0.14953726511448623, 0.13827648386359215, 0.13520149532705544, 0.13509481567889453, 0.14205438513308763, 0.12462230697274208, 0.13060951586812736, 0.12568399868905544, 0.13787354025989773, 0.13397454749792814, 0.12875478817149996, 0.13104977533221246, 0.12148996721953154, 0.12822142709046602, 0.1315299805253744, 0.12084006182849408, 0.1285560058429837, 0.13517030123621226, 0.12543812487274408, 0.10774113265797496, 0.12489763190969824, 0.13190707191824913, 0.12345905918627978, 0.10780013613402845, 0.11807057484984398, 0.11428174069151283, 0.12653669528663158, 0.11449476350098847, 0.11121036196127534, 0.12139963926747441, 0.10953888744115829, 0.11027186457067728, 0.11975620724260808, 0.10995947774499654, 0.1079324448481202, 0.10577877573668956, 0.11505979504436255, 0.11705000270158053, 0.12157940585166216, 0.11614077221602201, 0.10069945147261024, 0.10838610874488949, 0.10660528168082237, 0.10276045342907308, 0.11183258378878236, 0.1069531101733446, 0.11045949598774313, 0.09894555872306227, 0.10382322240620852, 0.10471304664388298, 0.10353953158482909, 0.10137646980583667, 0.10229610009118914, 0.09173997603356839, 0.09473360590636731, 0.10176108814775944, 0.10323378164321184, 0.09564847936853767, 0.11167546045035123, 0.09207810834050179, 0.09375681262463331, 0.09401806741952896, 0.09693426694720983, 0.10388728259131312, 0.09484866894781589, 0.08761057406663894, 0.10713264290243388, 0.07981647974811494, 0.0819229139946401, 0.09774614870548248, 0.10057284580543638, 0.09400053480640054, 0.09229680402204393, 0.09018961116671562, 0.09298252677544952, 0.09441520841792225, 0.0786896382458508, 0.0938480238430202, 0.08058592239394784, 0.08706770241260528, 0.09316812474280595, 0.08645376162603498, 0.08587947282940149, 0.09165791375562549, 0.08152122683823108, 0.07934808181598782, 0.0767094748094678, 0.0756971811875701, 0.08439439367502928, 0.06816749973222613, 0.08233847264200449, 0.08918983275070785, 0.07127249198965728, 0.08225305993109941, 0.07421874850988389, 0.07695461781695484, 0.0826915105804801, 0.078396350517869, 0.0833992983214557, 0.09464950505644083, 0.07971452912315727, 0.06812040293589233, 0.08398531498387457, 0.07060692943632602, 0.07582584405317902, 0.0799604597967118, 0.07380932299420237, 0.07177483327686787, 0.07976920688524841, 0.08203143933787942, 0.061666732840240004, 0.07731595346704126, 0.08197788922116162, 0.07919844198040664, 0.08606162378564478, 0.09341663708910346, 0.07610452100634574, 0.07127913590520621, 0.08249318907037378, 0.0837499326094985, 0.06942054769024253, 0.07768800798803568, 0.0678823446854949, 0.06139043718576431, 0.07370326472446323, 0.07248342791572213, 0.08080597687512636, 0.07544140322133899, 0.07814970486797393, 0.0749462408479303, 0.07547229342162609, 0.07033566404134035, 0.08134132791310549, 0.06823075199499726, 0.07074316181242465, 0.07605695202946663, 0.062139317765831946, 0.06173503119498491, 0.07176041230559349, 0.07632838832214475, 0.06316695502027869, 0.0651207719463855, 0.06839155820198357, 0.07193327276036143, 0.0628662475850433, 0.06045393478125334, 0.06744769029319286, 0.0630419704131782, 0.06091246083378792, 0.06911491733044386, 0.06591241378337145, 0.07483145026490093, 0.0741117455996573, 0.07777530429884791, 0.055502842646092176, 0.06535989018157125, 0.0739786509424448, 0.07031923690810798, 0.06511418158188462, 0.06050008577294648, 0.06222106078639626, 0.06244629612192512, 0.06923416699282825, 0.05208765533752739, 0.06323020420968532, 0.05689816293306649, 0.06119409441016614, 0.06334914192557334, 0.06312382854521276, 0.0708323584869504, 0.058957093534991144, 0.06383679071441292, 0.06909923078492283, 0.06023816550150514, 0.06508607482537627, 0.06637289058417081, 0.06140719037503004, 0.06377770029939711, 0.06399397114291787, 0.058532978780567645, 0.07172308396548033, 0.0596774464007467, 0.06011923477053642, 0.06062045744620263, 0.06678233202546835]
2025-11-12 08:01:51 - fedit - INFO - loss data:
2025-11-12 08:01:51 - fedit - INFO - [10.883569985628128, 0.5328014515340328, 0.2085240211337805, 0.18602826483547685, 0.17483606114983558, 0.16665759533643723, 0.17331830263137818, 0.1588760819286108, 0.15231069158762695, 0.15382186956703664, 0.14527268204838037, 0.13674556827172638, 0.14807718563824893, 0.1405454555526376, 0.15113803632557393, 0.14034268707036973, 0.14021160583943126, 0.15341947823762891, 0.13885831832885742, 0.15254126843065025, 0.13189604617655276, 0.13382734041661026, 0.13297633016481997, 0.1347987045533955, 0.13038996383547785, 0.13641824945807457, 0.13125728722661734, 0.1342279830016196, 0.1266541289165616, 0.12105986718088388, 0.13054715637117625, 0.13205730561167, 0.12621887186542152, 0.1295015409588814, 0.11531190434470773, 0.12122240606695414, 0.1241756109520793, 0.11663212403655052, 0.11519558634608984, 0.12935798186808825, 0.11606140239164234, 0.12053830493241549, 0.11672663195058704, 0.11983375307172536, 0.11431792117655278, 0.11729302015155554, 0.11544814091175795, 0.11103915590792895, 0.11122283525764942, 0.11833195500075817, 0.11854536505416036, 0.11528909876942633, 0.11792606245726348, 0.10739660877734422, 0.11041001435369253, 0.10784940412268043, 0.1093146943487227, 0.11073875436559319, 0.10820372682064772, 0.102616195846349, 0.09623931720852852, 0.11737337093800307, 0.09908031849190593, 0.09998732134699823, 0.09587009828537701, 0.10008712280541658, 0.10935101909562946, 0.1162332970649004, 0.09317043870687486, 0.10084647927433252, 0.10024035209789872, 0.09257626989856363, 0.08948208363726734, 0.10621689101681113, 0.08661312470212579, 0.10003392668440939, 0.07973101707175373, 0.09488713797181844, 0.10099656162783503, 0.09610589258372784, 0.0863835227675736, 0.09648002106696368, 0.09648542599752546, 0.08519055061042309, 0.09517779322341084, 0.0974382665939629, 0.09449616987258197, 0.0944687551818788, 0.08654686752706767, 0.09036316471174359, 0.09114873819053174, 0.07741191675886512, 0.08824641816318035, 0.07641176804900168, 0.08013293435797095, 0.08723932243883609, 0.09265866205096245, 0.08421581676229833, 0.09520104341208935, 0.08721028948202729, 0.08078545005992055, 0.09106097407639027, 0.07039039684459567, 0.08727572094649078, 0.08461060458794237, 0.0747874443884939, 0.0883577167056501, 0.08932124515995382, 0.08252478465437889, 0.098720420897007, 0.08317598691210151, 0.07965533621609211, 0.07566557535901666, 0.07385937203653156, 0.08341975016519426, 0.09282378321513533, 0.07177871158346534, 0.07199702560901641, 0.07488077115267515, 0.09212129078805446, 0.08009212450124323, 0.07838608650490642, 0.07839913200587034, 0.07410420505329968, 0.08506819773465395, 0.08312895409762859, 0.06987405982799828, 0.0869192374870181, 0.0634335231501609, 0.07845952063798906, 0.06926590274088085, 0.06923421621322631, 0.08757529575377702, 0.06669016634114086, 0.0854873912408948, 0.07274932870641351, 0.07929422743618489, 0.07960971891880037, 0.0757113929837942, 0.07095702504739165, 0.08306530602276326, 0.08119527637027205, 0.0758167328312993, 0.07167039336636663, 0.0730499153956771, 0.07117620790377259, 0.06352723347954452, 0.07136397249996662, 0.06356555381789804, 0.07309506149031222, 0.0741554070264101, 0.06953418646007777, 0.07515565156936646, 0.06821561157703399, 0.06314856363460422, 0.0779390448704362, 0.07635582070797681, 0.07934848056174815, 0.06641268166713415, 0.06733292168937624, 0.06994370985776185, 0.07507496448233723, 0.06382264923304319, 0.07240669196471572, 0.06364577445201576, 0.061006094329059124, 0.07256257855333388, 0.07700136923231185, 0.07380643384531141, 0.06597967627458275, 0.06279791700653732, 0.06834872923791407, 0.062302053160965445, 0.07274844832718372, 0.05413529933430254, 0.06532353996299206, 0.06612906423397363, 0.0658944318536669, 0.06280744010582566, 0.05737856547348202, 0.06297509311698377, 0.05577237727120518, 0.06692866128869354, 0.05990973152220249, 0.06285581812262535, 0.07319790171459317, 0.0657705566380173, 0.06412307294085622, 0.06856508939526976, 0.052723445324227215, 0.05652607628144324, 0.07077307137660682, 0.05743951671756804, 0.0719847031403333, 0.07448512772098184, 0.0653857933357358, 0.05731507111340761, 0.07397486381232739, 0.06436646925285458, 0.06644371682778001]
2025-11-24 06:33:50 - fedit - INFO - loss data:
2025-11-24 06:33:50 - fedit - INFO - [10.572606533765793, 0.5337029047310352, 0.21335463151335715, 0.18384851031005384, 0.17489493414759635, 0.1624973235651851, 0.17378822565078736, 0.16344694327563047, 0.16107604019343852, 0.16090011447668076, 0.1558714734390378, 0.1391399048268795, 0.15219960007816552, 0.14478407502174379, 0.13348217848688365, 0.14455202566459774, 0.14739829152822495, 0.14484284725040197, 0.1443324167281389, 0.14418264236301184, 0.14296699315309525, 0.13535905573517085, 0.13850058577954769, 0.1400117939338088, 0.14678073246032, 0.13266966063529254, 0.13604607563465834, 0.1299667930230498, 0.12769967149943112, 0.1271761953830719, 0.1335606187582016, 0.14016304071992636, 0.13312084134668112, 0.12939328886568546, 0.13142057042568922, 0.12388566341251134, 0.1291126599535346, 0.13648143857717515, 0.12288893070071936, 0.12349372133612632, 0.12738008992746472, 0.14003123808652163, 0.12462972719222307, 0.127191140409559, 0.12934723738580942, 0.11611597454175354, 0.12297695651650428, 0.11705619525164365, 0.13096474576741457, 0.12317307330667973, 0.11894934168085455, 0.11746283750981093, 0.11632469929754734, 0.1126643686555326, 0.11107394602149726, 0.12412997465580702, 0.10637353546917439, 0.11357492608949543, 0.11898030918091534, 0.11550474669784308, 0.11799342269077896, 0.11172812609001995, 0.10620454475283622, 0.10862924382090569, 0.11727327993139625, 0.1131998434662819, 0.11198424668982625, 0.11169339437037706, 0.10258720172569155, 0.11509940996766091, 0.11160725690424442, 0.09975131768733264, 0.10852847183123232, 0.11276242472231388, 0.11008612988516689, 0.10983118191361427, 0.11269822716712952, 0.11067666336894036, 0.11009343415498735, 0.11289075175300241, 0.10909043410792946, 0.1083377730101347, 0.11165519077330827, 0.0996320485137403, 0.10722178556025028, 0.1080359062179923, 0.10938597088679672, 0.11113836690783502, 0.09727239543572068, 0.1034263338893652, 0.11212019212543964, 0.11257863128557802, 0.10645492887124419, 0.09224992468953133, 0.105283875297755, 0.10763538237661123, 0.10993838822469115, 0.09813189236447215, 0.09781185789033771, 0.09452047962695359, 0.10690687876194715, 0.1042259127832949, 0.0937446068972349, 0.10497507732361555, 0.10111817261204123, 0.10626282249577343, 0.0905221665278077, 0.0927225130610168, 0.10081768212839962, 0.0891537455841899, 0.09330283906310796, 0.10165748335421085, 0.08799700802192092, 0.10714068403467536, 0.09315183330327273, 0.10824011452496052, 0.10276642376556992, 0.1056119117885828, 0.09300286443904042, 0.10101310946047307, 0.09576056441292166, 0.09519901117309928, 0.09791778000071645, 0.09357644114643335, 0.0945985795930028, 0.09026191048324109, 0.08932182621210813, 0.09611738175153732, 0.09054257310926914, 0.09067954057827593, 0.0933998491615057, 0.09102008324116467, 0.09681607196107507, 0.09147736132144929, 0.08938567554578185, 0.0895855818875134, 0.10100737512111664, 0.09107166081666947, 0.08772176541388035, 0.09012524783611298, 0.08672008709982038, 0.09482899103313686, 0.09592190328985453, 0.08803999302908777, 0.09798361593857408, 0.08869141824543475, 0.10690422086045145, 0.08362068310379982, 0.09841989176347851, 0.09198347572237253, 0.09244490964338184, 0.08630734607577324, 0.09522092267870903, 0.08684221627190708, 0.0963165788911283, 0.09557773591950536, 0.08675305331125856, 0.08546031527221203, 0.08203787719830871, 0.09719583140686154, 0.08841446675360203, 0.08090508207678795, 0.09117561681196093, 0.089844317920506, 0.09024616377428174, 0.09915895983576775, 0.08749488852918148, 0.08673098133876919, 0.08734748186543584, 0.09620912838727236, 0.08800621079280974, 0.09325879365205764, 0.08725216900929808, 0.09058972168713808, 0.08538441490381957, 0.08464470310136676, 0.0891480297781527, 0.10058777229860424, 0.08364499807357789, 0.08281523576006293, 0.08156179562211037, 0.08782448507845401, 0.09412339888513088, 0.0768255777657032, 0.08195191118866205, 0.09674530159682035, 0.08081059213727712, 0.08548793457448482, 0.09191900556907058, 0.09667446101084351, 0.0869356750510633, 0.09171076389029623, 0.0881264040246606, 0.09582066424190999, 0.08641749965026975, 0.09214014429599046, 0.08170096902176738, 0.08791577164083719, 0.08280355483293533, 0.08652785597369075]
2025-11-24 09:20:19 - fedit - INFO - loss data:
2025-11-24 09:20:19 - fedit - INFO - [10.652423799037933, 0.5354934372007847, 0.20442273728549482, 0.18181042708456516, 0.17093097548931838, 0.16348539777100085, 0.16607334911823274, 0.15140652675181626, 0.14836007691919806, 0.1551942041143775, 0.1470526173710823, 0.1537053592503071, 0.14376814626157283, 0.136200038716197, 0.14880313035100698, 0.13913734536617994, 0.14468958433717488, 0.1323358366265893, 0.13455424439162017, 0.1434504037722945, 0.13683605138212443, 0.1268885053694248, 0.12951116729527712, 0.1419900257140398, 0.12978142453357577, 0.13072071466594934, 0.14040036108344794, 0.12484262548387051, 0.13417616710066796, 0.128925390727818, 0.13070018198341132, 0.12959012854844332, 0.1286159750074148, 0.1264926426112652, 0.11833737920969725, 0.12630781345069408, 0.1270068071782589, 0.13481221869587898, 0.1289254073984921, 0.12937583550810813, 0.12701845802366735, 0.12089420109987259, 0.12805336322635413, 0.12785962531343104, 0.12501031421124936, 0.11515070889145136, 0.11528464164584876, 0.12437542881816625, 0.12284442149102688, 0.11889557223767042, 0.10562622537836433, 0.11699534337967635, 0.11386679904535413, 0.12044492103159428, 0.11455960851162672, 0.12343450989574195, 0.11562545150518416, 0.1263083541765809, 0.10777363926172256, 0.1097078613936901, 0.13530405908823012, 0.10909452037885786, 0.10204685907810926, 0.12096300814300776, 0.11750708408653736, 0.12048129187896847, 0.11916860491037368, 0.11157018868252636, 0.12068097749724985, 0.115047886967659, 0.1199183060787618, 0.10660518240183592, 0.1085297567769885, 0.10114006930962205, 0.10403898749500513, 0.11914395596832036, 0.10782375931739807, 0.11944181751459837, 0.10939672868698835, 0.10826298305764795, 0.10579480556771159, 0.10049594147130847, 0.09408838720992208, 0.09914200622588396, 0.10291096367873251, 0.10157695971429348, 0.10931070987135172, 0.09458736171945929, 0.09662133501842618, 0.10845365803688764, 0.09821252897381783, 0.10436894251033664, 0.10920837428420782, 0.11434495821595192, 0.1094304752536118, 0.10294696940109133, 0.10791413774713873, 0.09993747249245644, 0.11534276586025953, 0.10315295616164805, 0.09952763924375177, 0.10154832722619175, 0.12157289460301399, 0.09665990183129906, 0.10152067812159657, 0.10074749430641533, 0.0826514103449881, 0.09744181707501412, 0.0989727985113859, 0.09535390231758356, 0.09297064188867807, 0.09806094747036695, 0.09488895880058408, 0.10068636788055302, 0.09874772857874631, 0.10010534087195992, 0.10081782368943096, 0.10493341274559498, 0.09062783820554614, 0.09984935550019144, 0.09757640678435564, 0.09800073839724063, 0.11174507811665535, 0.09412799077108502, 0.09069459065794945, 0.09477482102811335, 0.09710435168817638, 0.08810387998819352, 0.09248275561258197, 0.09852112773805857, 0.08933011963963508, 0.09503010716289281, 0.0929791172966361, 0.09861021712422371, 0.09669009549543262, 0.1001895520836115, 0.08411679770797491, 0.09231223603710531, 0.09849188812077045, 0.0860393070615828, 0.09831363633275031, 0.0845049612224102, 0.09508926505222917, 0.09140355698764324, 0.09293424179777503, 0.10533471321687102, 0.08869518535211682, 0.10423199804499746, 0.10348942885175347, 0.0947490100748837, 0.0976504109799862, 0.08890380701050163, 0.09536220692098141, 0.10243381587788462, 0.09040740374475717, 0.10272919265553355, 0.08473055073991417, 0.08326978087425232, 0.08894856926053762, 0.09215191695839167, 0.07914764168672264, 0.08271589959040285, 0.08628724720329047, 0.09736973866820335, 0.08795776255428792, 0.08347080675885082, 0.09460571724921465, 0.0875314986333251, 0.09050536006689072, 0.0976142686791718, 0.09305338701233268, 0.08142050998285413, 0.08555677812546492, 0.08162772785872222, 0.08640573546290398, 0.09955677203834057, 0.09173400038853288, 0.07888577254489065, 0.09231444736942648, 0.07939456030726433, 0.09022791972383856, 0.09717116337269543, 0.07955427020788192, 0.09874182902276515, 0.0953460938297212, 0.08855679016560317, 0.09640137683600188, 0.09097109083086252, 0.0789577454328537, 0.09073223387822509, 0.08293461455032229, 0.09484965233132243, 0.09097632458433508, 0.08211487252265215, 0.09245553761720657, 0.0890083854086697, 0.08445519907400012, 0.08438332248479127, 0.08742037899792193, 0.0871363265439868]
2025-11-24 12:08:02 - fedit - INFO - loss data:
2025-11-24 12:08:02 - fedit - INFO - [10.798131334781647, 0.48552267253398895, 0.2116829015314579, 0.1884261928498745, 0.16464480552822353, 0.15386450923979283, 0.16529423967003823, 0.1483507677912712, 0.15040876604616643, 0.15225817896425725, 0.15964553337544202, 0.15527117494493725, 0.134620950743556, 0.15925958696752787, 0.13404735866934062, 0.15040789116173983, 0.13336444273591042, 0.15741843748837708, 0.1400223545730114, 0.15119088999927044, 0.15060763116925954, 0.13867073189467194, 0.14972614534199236, 0.1361557202413678, 0.12313617598265408, 0.13343803388997913, 0.12198021225631236, 0.13106037583202124, 0.13247506748884916, 0.1256061315536499, 0.13288280814886094, 0.12942023538053038, 0.12215101886540652, 0.13002205044031145, 0.1233864150941372, 0.12025828715413808, 0.12711117193102836, 0.12453134413808584, 0.1284930532798171, 0.12217370215803385, 0.11865006014704704, 0.11859732866287231, 0.11406266381964086, 0.12217122875154018, 0.1187620371580124, 0.12902748361229896, 0.1253204671666026, 0.12436322970315815, 0.11347745573148131, 0.10779828317463397, 0.11785599775612354, 0.1308681655675173, 0.10650643594563007, 0.11247488707304001, 0.10607988741248846, 0.11440391838550568, 0.1100027434527874, 0.10241540120914577, 0.11092238174751401, 0.12320251222699881, 0.12230861335992813, 0.12130861058831215, 0.12040169630199671, 0.12508585266768932, 0.11970400838181378, 0.11467867270112037, 0.10049223201349378, 0.10447129569947719, 0.11229508183896542, 0.12233214434236289, 0.10497526451945305, 0.12213201504200696, 0.11462333723902703, 0.1105526875704527, 0.10128392418846488, 0.1118364785797894, 0.10951300421729684, 0.11485523860901595, 0.11484770253300666, 0.11281994730234146, 0.10349502023309469, 0.11304367538541556, 0.10820287493988871, 0.10029685078188777, 0.10902404850348829, 0.10772483889013529, 0.10759060932323336, 0.09925846327096224, 0.09775779442861676, 0.11214049924165011, 0.09562956942245365, 0.08638914935290813, 0.10212120143696665, 0.10680613731965422, 0.10610542399808764, 0.10348667269572616, 0.10404824148863553, 0.09767788583412766, 0.10748205818235873, 0.10745032653212547, 0.103714110981673, 0.09856995400041342, 0.10815955735743046, 0.10116115463897585, 0.1027534468099475, 0.10713932281360031, 0.10490468135103584, 0.10214310390874744, 0.09840017529204487, 0.0934025133959949, 0.10344225317239761, 0.09264910891652108, 0.09799254001118243, 0.09545557219535111, 0.11179657867178322, 0.10270730052143336, 0.10477791167795658, 0.08906578123569489, 0.09217506451532245, 0.09562123892828822, 0.08953222827985882, 0.09350208472460508, 0.0953169790096581, 0.10111414538696409, 0.1070933653973043, 0.08440381400287152, 0.09208450093865395, 0.09859134089201689, 0.09178511267527939, 0.09686457281932234, 0.09317817185074091, 0.0951102765277028, 0.08646838366985321, 0.09641872402280569, 0.0929360955953598, 0.09145775102078915, 0.09210954532027243, 0.10308718336746098, 0.09574020970612765, 0.08238114528357983, 0.09469006983563305, 0.09781969115138053, 0.08880745582282543, 0.08504232056438923, 0.09372402532026172, 0.08746602023020386, 0.09153506206348538, 0.09546800442039965, 0.09182318542152643, 0.10572796622291207, 0.09652681937441229, 0.08233504993841052, 0.09189460342749953, 0.08665845980867742, 0.09468943988904358, 0.08749428056180478, 0.09361547362059355, 0.0936454172246158, 0.10366786438971758, 0.07941052345559002, 0.0939493827521801, 0.08776434799656271, 0.08687135083600878, 0.08078649109229445, 0.08925326941534877, 0.08995173880830407, 0.0897044686600566, 0.07971663856878877, 0.09597111409530043, 0.07939652232453226, 0.08776048058643937, 0.08241368886083364, 0.08866267278790474, 0.10588430576026439, 0.101421002112329, 0.08810673230327666, 0.08675085362046957, 0.08849214818328618, 0.08953149616718292, 0.10105427475646138, 0.09161511603742838, 0.09329924685880542, 0.09815691811963917, 0.09589599147439004, 0.08751185154542326, 0.08516845786944031, 0.08504107585176826, 0.09004794331267477, 0.08547166036441922, 0.07960353279486299, 0.08274715943261982, 0.08171656532213092, 0.08841124195605517, 0.09267763989046215, 0.09201348321512343, 0.09019491570070386, 0.08989472528919579, 0.09613715251907706, 0.09746286338195205, 0.1008464596234262]
2025-12-05 16:06:02 - fedit - INFO - loss data:
2025-12-05 16:06:02 - fedit - INFO - [10.572606533765793, 0.5337029047310352, 0.21335463151335715, 0.18384851031005384, 0.17489493414759635, 0.1624973235651851, 0.17378822565078736, 0.16344694327563047, 0.16107604019343852, 0.16090011447668076, 0.1558714734390378, 0.1391399048268795, 0.15219960007816552, 0.14478407502174379, 0.13348217848688365, 0.14455202566459774, 0.14739829152822495, 0.14484284725040197, 0.1443324167281389, 0.14418264236301184, 0.14296699315309525, 0.13535905573517085, 0.13850058577954769, 0.1400117939338088, 0.14678073246032, 0.13266966063529254, 0.13604607563465834, 0.1299667930230498, 0.12769967149943112, 0.1271761953830719, 0.1335606187582016, 0.14016304071992636, 0.13312084134668112, 0.12939328886568546, 0.13142057042568922, 0.12388566341251134, 0.1291126599535346, 0.13648143857717515, 0.12288893070071936, 0.12349372133612632, 0.12738008992746472, 0.14003123808652163, 0.12462972719222307, 0.127191140409559, 0.12934723738580942, 0.11611597454175354, 0.12297695651650428, 0.11705619525164365, 0.13096474576741457, 0.12317307330667973, 0.11894934168085455, 0.11746283750981093, 0.11632469929754734, 0.1126643686555326, 0.11107394602149726, 0.12412997465580702, 0.10637353546917439, 0.11357492608949543, 0.11898030918091534, 0.11550474669784308, 0.11799342269077896, 0.11172812609001995, 0.10620454475283622, 0.10862924382090569, 0.11727327993139625, 0.1131998434662819, 0.11198424668982625, 0.11169339437037706, 0.10258720172569155, 0.11509940996766091, 0.11160725690424442, 0.09975131768733264, 0.10852847183123232, 0.11276242472231388, 0.11008612988516689, 0.10983118191361427, 0.11269822716712952, 0.11067666336894036, 0.11009343415498735, 0.11289075175300241, 0.10909043410792946, 0.1083377730101347, 0.11165519077330827, 0.0996320485137403, 0.10722178556025028, 0.1080359062179923, 0.10938597088679672, 0.11113836690783502, 0.09727239543572068, 0.1034263338893652, 0.11212019212543964, 0.11257863128557802, 0.10645492887124419, 0.09224992468953133, 0.105283875297755, 0.10763538237661123, 0.10993838822469115, 0.09813189236447215, 0.09781185789033771, 0.09452047962695359, 0.10690687876194715, 0.1042259127832949, 0.0937446068972349, 0.10497507732361555, 0.10111817261204123, 0.10626282249577343, 0.0905221665278077, 0.0927225130610168, 0.10081768212839962, 0.0891537455841899, 0.09330283906310796, 0.10165748335421085, 0.08799700802192092, 0.10714068403467536, 0.09315183330327273, 0.10824011452496052, 0.10276642376556992, 0.1056119117885828, 0.09300286443904042, 0.10101310946047307, 0.09576056441292166, 0.09519901117309928, 0.09791778000071645, 0.09357644114643335, 0.0945985795930028, 0.09026191048324109, 0.08932182621210813, 0.09611738175153732, 0.09054257310926914, 0.09067954057827593, 0.0933998491615057, 0.09102008324116467, 0.09681607196107507, 0.09147736132144929, 0.08938567554578185, 0.0895855818875134, 0.10100737512111664, 0.09107166081666947, 0.08772176541388035, 0.09012524783611298, 0.08672008709982038, 0.09482899103313686, 0.09592190328985453, 0.08803999302908777, 0.09798361593857408, 0.08869141824543475, 0.10690422086045145, 0.08362068310379982, 0.09841989176347851, 0.09198347572237253, 0.09244490964338184, 0.08630734607577324, 0.09522092267870903, 0.08684221627190708, 0.0963165788911283, 0.09557773591950536, 0.08675305331125856, 0.08546031527221203, 0.08203787719830871, 0.09719583140686154, 0.08841446675360203, 0.08090508207678795, 0.09117561681196093, 0.089844317920506, 0.09024616377428174, 0.09915895983576775, 0.08749488852918148, 0.08673098133876919, 0.08734748186543584, 0.09620912838727236, 0.08800621079280974, 0.09325879365205764, 0.08725216900929808, 0.09058972168713808, 0.08538441490381957, 0.08464470310136676, 0.0891480297781527, 0.10058777229860424, 0.08364499807357789, 0.08281523576006293, 0.08156179562211037, 0.08782448507845401, 0.09412339888513088, 0.0768255777657032, 0.08195191118866205, 0.09674530159682035, 0.08081059213727712, 0.08548793457448482, 0.09191900556907058, 0.09667446101084351, 0.0869356750510633, 0.09171076389029623, 0.0881264040246606, 0.09582066424190999, 0.08641749965026975, 0.09214014429599046, 0.08170096902176738, 0.08791577164083719, 0.08280355483293533, 0.08652785597369075]
2025-12-05 18:51:01 - fedit - INFO - loss data:
2025-12-05 18:51:01 - fedit - INFO - [10.652423799037933, 0.5354934372007847, 0.20442273728549482, 0.18181042708456516, 0.17093097548931838, 0.16348539777100085, 0.16607334911823274, 0.15140652675181626, 0.14836007691919806, 0.1551942041143775, 0.1470526173710823, 0.1537053592503071, 0.14376814626157283, 0.136200038716197, 0.14880313035100698, 0.13913734536617994, 0.14468958433717488, 0.1323358366265893, 0.13455424439162017, 0.1434504037722945, 0.13683605138212443, 0.1268885053694248, 0.12951116729527712, 0.1419900257140398, 0.12978142453357577, 0.13072071466594934, 0.14040036108344794, 0.12484262548387051, 0.13417616710066796, 0.128925390727818, 0.13070018198341132, 0.12959012854844332, 0.1286159750074148, 0.1264926426112652, 0.11833737920969725, 0.12630781345069408, 0.1270068071782589, 0.13481221869587898, 0.1289254073984921, 0.12937583550810813, 0.12701845802366735, 0.12089420109987259, 0.12805336322635413, 0.12785962531343104, 0.12501031421124936, 0.11515070889145136, 0.11528464164584876, 0.12437542881816625, 0.12284442149102688, 0.11889557223767042, 0.10562622537836433, 0.11699534337967635, 0.11386679904535413, 0.12044492103159428, 0.11455960851162672, 0.12343450989574195, 0.11562545150518416, 0.1263083541765809, 0.10777363926172256, 0.1097078613936901, 0.13530405908823012, 0.10909452037885786, 0.10204685907810926, 0.12096300814300776, 0.11750708408653736, 0.12048129187896847, 0.11916860491037368, 0.11157018868252636, 0.12068097749724985, 0.115047886967659, 0.1199183060787618, 0.10660518240183592, 0.1085297567769885, 0.10114006930962205, 0.10403898749500513, 0.11914395596832036, 0.10782375931739807, 0.11944181751459837, 0.10939672868698835, 0.10826298305764795, 0.10579480556771159, 0.10049594147130847, 0.09408838720992208, 0.09914200622588396, 0.10291096367873251, 0.10157695971429348, 0.10931070987135172, 0.09458736171945929, 0.09662133501842618, 0.10845365803688764, 0.09821252897381783, 0.10436894251033664, 0.10920837428420782, 0.11434495821595192, 0.1094304752536118, 0.10294696940109133, 0.10791413774713873, 0.09993747249245644, 0.11534276586025953, 0.10315295616164805, 0.09952763924375177, 0.10154832722619175, 0.12157289460301399, 0.09665990183129906, 0.10152067812159657, 0.10074749430641533, 0.0826514103449881, 0.09744181707501412, 0.0989727985113859, 0.09535390231758356, 0.09297064188867807, 0.09806094747036695, 0.09488895880058408, 0.10068636788055302, 0.09874772857874631, 0.10010534087195992, 0.10081782368943096, 0.10493341274559498, 0.09062783820554614, 0.09984935550019144, 0.09757640678435564, 0.09800073839724063, 0.11174507811665535, 0.09412799077108502, 0.09069459065794945, 0.09477482102811335, 0.09710435168817638, 0.08810387998819352, 0.09248275561258197, 0.09852112773805857, 0.08933011963963508, 0.09503010716289281, 0.0929791172966361, 0.09861021712422371, 0.09669009549543262, 0.1001895520836115, 0.08411679770797491, 0.09231223603710531, 0.09849188812077045, 0.0860393070615828, 0.09831363633275031, 0.0845049612224102, 0.09508926505222917, 0.09140355698764324, 0.09293424179777503, 0.10533471321687102, 0.08869518535211682, 0.10423199804499746, 0.10348942885175347, 0.0947490100748837, 0.0976504109799862, 0.08890380701050163, 0.09536220692098141, 0.10243381587788462, 0.09040740374475717, 0.10272919265553355, 0.08473055073991417, 0.08326978087425232, 0.08894856926053762, 0.09215191695839167, 0.07914764168672264, 0.08271589959040285, 0.08628724720329047, 0.09736973866820335, 0.08795776255428792, 0.08347080675885082, 0.09460571724921465, 0.0875314986333251, 0.09050536006689072, 0.0976142686791718, 0.09305338701233268, 0.08142050998285413, 0.08555677812546492, 0.08162772785872222, 0.08640573546290398, 0.09955677203834057, 0.09173400038853288, 0.07888577254489065, 0.09231444736942648, 0.07939456030726433, 0.09022791972383856, 0.09717116337269543, 0.07955427020788192, 0.09874182902276515, 0.0953460938297212, 0.08855679016560317, 0.09640137683600188, 0.09097109083086252, 0.0789577454328537, 0.09073223387822509, 0.08293461455032229, 0.09484965233132243, 0.09097632458433508, 0.08211487252265215, 0.09245553761720657, 0.0890083854086697, 0.08445519907400012, 0.08438332248479127, 0.08742037899792193, 0.0871363265439868]
2025-12-05 21:38:41 - fedit - INFO - loss data:
2025-12-05 21:38:41 - fedit - INFO - [10.798131334781647, 0.48552267253398895, 0.2116829015314579, 0.1884261928498745, 0.16464480552822353, 0.15386450923979283, 0.16529423967003823, 0.1483507677912712, 0.15040876604616643, 0.15225817896425725, 0.15964553337544202, 0.15527117494493725, 0.134620950743556, 0.15925958696752787, 0.13404735866934062, 0.15040789116173983, 0.13336444273591042, 0.15741843748837708, 0.1400223545730114, 0.15119088999927044, 0.15060763116925954, 0.13867073189467194, 0.14972614534199236, 0.1361557202413678, 0.12313617598265408, 0.13343803388997913, 0.12198021225631236, 0.13106037583202124, 0.13247506748884916, 0.1256061315536499, 0.13288280814886094, 0.12942023538053038, 0.12215101886540652, 0.13002205044031145, 0.1233864150941372, 0.12025828715413808, 0.12711117193102836, 0.12453134413808584, 0.1284930532798171, 0.12217370215803385, 0.11865006014704704, 0.11859732866287231, 0.11406266381964086, 0.12217122875154018, 0.1187620371580124, 0.12902748361229896, 0.1253204671666026, 0.12436322970315815, 0.11347745573148131, 0.10779828317463397, 0.11785599775612354, 0.1308681655675173, 0.10650643594563007, 0.11247488707304001, 0.10607988741248846, 0.11440391838550568, 0.1100027434527874, 0.10241540120914577, 0.11092238174751401, 0.12320251222699881, 0.12230861335992813, 0.12130861058831215, 0.12040169630199671, 0.12508585266768932, 0.11970400838181378, 0.11467867270112037, 0.10049223201349378, 0.10447129569947719, 0.11229508183896542, 0.12233214434236289, 0.10497526451945305, 0.12213201504200696, 0.11462333723902703, 0.1105526875704527, 0.10128392418846488, 0.1118364785797894, 0.10951300421729684, 0.11485523860901595, 0.11484770253300666, 0.11281994730234146, 0.10349502023309469, 0.11304367538541556, 0.10820287493988871, 0.10029685078188777, 0.10902404850348829, 0.10772483889013529, 0.10759060932323336, 0.09925846327096224, 0.09775779442861676, 0.11214049924165011, 0.09562956942245365, 0.08638914935290813, 0.10212120143696665, 0.10680613731965422, 0.10610542399808764, 0.10348667269572616, 0.10404824148863553, 0.09767788583412766, 0.10748205818235873, 0.10745032653212547, 0.103714110981673, 0.09856995400041342, 0.10815955735743046, 0.10116115463897585, 0.1027534468099475, 0.10713932281360031, 0.10490468135103584, 0.10214310390874744, 0.09840017529204487, 0.0934025133959949, 0.10344225317239761, 0.09264910891652108, 0.09799254001118243, 0.09545557219535111, 0.11179657867178322, 0.10270730052143336, 0.10477791167795658, 0.08906578123569489, 0.09217506451532245, 0.09562123892828822, 0.08953222827985882, 0.09350208472460508, 0.0953169790096581, 0.10111414538696409, 0.1070933653973043, 0.08440381400287152, 0.09208450093865395, 0.09859134089201689, 0.09178511267527939, 0.09686457281932234, 0.09317817185074091, 0.0951102765277028, 0.08646838366985321, 0.09641872402280569, 0.0929360955953598, 0.09145775102078915, 0.09210954532027243, 0.10308718336746098, 0.09574020970612765, 0.08238114528357983, 0.09469006983563305, 0.09781969115138053, 0.08880745582282543, 0.08504232056438923, 0.09372402532026172, 0.08746602023020386, 0.09153506206348538, 0.09546800442039965, 0.09182318542152643, 0.10572796622291207, 0.09652681937441229, 0.08233504993841052, 0.09189460342749953, 0.08665845980867742, 0.09468943988904358, 0.08749428056180478, 0.09361547362059355, 0.0936454172246158, 0.10366786438971758, 0.07941052345559002, 0.0939493827521801, 0.08776434799656271, 0.08687135083600878, 0.08078649109229445, 0.08925326941534877, 0.08995173880830407, 0.0897044686600566, 0.07971663856878877, 0.09597111409530043, 0.07939652232453226, 0.08776048058643937, 0.08241368886083364, 0.08866267278790474, 0.10588430576026439, 0.101421002112329, 0.08810673230327666, 0.08675085362046957, 0.08849214818328618, 0.08953149616718292, 0.10105427475646138, 0.09161511603742838, 0.09329924685880542, 0.09815691811963917, 0.09589599147439004, 0.08751185154542326, 0.08516845786944031, 0.08504107585176826, 0.09004794331267477, 0.08547166036441922, 0.07960353279486299, 0.08274715943261982, 0.08171656532213092, 0.08841124195605517, 0.09267763989046215, 0.09201348321512343, 0.09019491570070386, 0.08989472528919579, 0.09613715251907706, 0.09746286338195205, 0.1008464596234262]
