2025-11-05 17:07:43 - fedit - INFO - loss data:
2025-11-05 17:07:43 - fedit - INFO - [0.6905579866694385, 0.5894919597239803, 0.86790989025643, 1.4318897180697499, 0.5118954741657434, 1.5079031782224774, 0.8653842904850056, 0.6957353207323214, 0.7281489693559706, 1.0426965334912395, 0.8142946926256021, 0.9613610775106483, 0.7751470236728588, 0.6829844884770482, 1.0727267269045115, 0.5619008098056333, 0.5228790314868093, 0.6724201343935349, 0.5012153656635847, 0.6477269614115357, 1.0671408716589212, 0.5416156077298565, 0.8900439850986004, 0.6903702481960257, 0.6988063512698692, 0.607104796477977, 0.505398266747886, 0.5733021547396977, 0.5972904171794653, 0.28509658980918556, 0.2832868086109455, 1.0662707226971784, 0.41631184714405156, 0.45391468064565405, 0.3270061176576241, 0.49178705736994743, 0.6566336322983262, 1.0863238054017226, 0.5434333828588327, 0.5014138696094355, 0.43404353389309513, 0.7011732585041931, 0.47211249095990376, 0.4800826287583301, 0.36893072575657515, 0.4975397117528199, 0.6421122429892421, 0.32771523536635283, 0.5508151998122532, 0.2705426180942191, 0.7279910725851854, 0.3674491489099132, 0.31783244666320826, 0.3430863924103936, 0.6193131188813009, 0.632855519031485, 0.44977453351020813, 0.3857238330251349, 0.4648138815537095, 0.36012751400909004, 0.3080816640765132, 0.5421060669339366, 0.49044853995335014, 0.4594157822430134, 0.31254487159451466, 0.36356086897042894, 0.33433473051991314, 0.6990966155659407, 0.6848451558810968, 0.5968136734822217, 0.3128208625559254, 0.449004462138741, 0.2725053664787035, 0.1733215387676561, 0.5867229768902891, 0.28074638987891376, 0.28268166270266337, 0.284669264730231, 0.2535131157132532, 1.094727758007745, 0.9409675358192009, 0.20138104827815873, 0.689954066183418, 0.2605348447384632, 0.6384459951353308, 0.771253234644731, 0.17846223072653328, 0.4660585466772318, 0.37552891684805645, 0.28142285127633887, 0.6073916279984748, 0.38690799424269545, 0.39909125464584894, 0.20264863708105527, 0.16456529607603443, 0.2903342302888632, 0.14938774268694033, 0.33119244392340386, 0.558220237493515, 0.3239828227398296, 0.62179532982409, 0.4638278745890906, 0.6234384495827625, 0.20460857742865052, 0.25380308977845645, 0.3976419375588497, 0.36407211318350674, 0.44960043461372456, 0.35501777638888193, 0.1699960046047508, 0.2190557831362336, 0.3816442806273699, 0.41766469567690206, 0.3831730000985165, 0.20657631196081638, 0.27270243647913245, 0.8008820698596537, 0.38391791951714777, 0.20154001920794445, 0.42279602703364455, 0.3977716133710654, 0.28997879691887646, 0.3311111713638124, 0.13023853316230494, 1.488519549369812, 0.1630795890477633, 0.8771003542796654, 0.22774609663874668, 0.2938807022990659, 0.41762038981541993, 0.25614313192458615, 0.6697511533275247, 0.44955359618453417, 0.40685954880293296, 0.25142337692280614, 0.9324365109205246, 0.17616110442516703, 0.2572468193045453, 0.33516148621599906, 0.45084807369858027, 0.40252785105258226, 0.34728067621795666, 0.4675916239619255, 0.527290266007185, 0.35261524077504874, 0.41885492847422545, 0.5437425083946437, 0.2816828250264128, 0.4227037838130605, 0.4449285650004943, 0.3511671054487427, 0.421081821302719, 0.3729170988291217, 0.5077973369302021, 0.23376801252169044, 0.29036659469791487, 0.36769277453422544, 0.36459517261634267, 0.41044667977839705, 0.34522916541117277, 0.5624353667565932, 0.5616611157440476, 0.3120548950894606, 0.2661502281694036, 0.18025913713629255, 0.4885714689367696, 0.2588198193639982, 0.43390390611089324, 0.4439722927442441, 0.48031531568747343, 0.2867848442132144, 0.3907499574124813, 0.3539929983808714, 0.3822707150752346, 0.39962347913533447, 0.5479044367869695, 0.44507400034105077, 0.5312130055997683, 0.3927634277691444, 0.39398977905511856, 0.4130697100706723, 0.344968170661222, 0.26329179061576724, 0.33322405034814345, 0.47308787630469196, 0.3670275081814074, 0.26445420062514685, 0.5502166546881199, 0.5050189726054668, 0.4155267213936895, 0.3137191428492467, 0.27831869269158815, 0.4785914232954383, 0.5030352907145724, 0.35246710948970006, 0.517181421027464, 0.4978551747898261, 0.49252846576273446, 0.3547649665776154, 0.5856582041208942]
2025-11-08 12:23:44 - fedit - INFO - loss data:
2025-11-08 12:23:44 - fedit - INFO - [0.7088117919690711, 0.5737995610992787, 0.8231793618515918, 1.4206843902083004, 0.4970858867623304, 1.5434041796252131, 0.8853771561070493, 0.6570758001838366, 0.7052474610746786, 1.0243122984686166, 0.8112786757449308, 0.8952066012166647, 0.8650259993970395, 0.5674766204564979, 1.0621121123433113, 0.5448222503583464, 0.617845660696427, 0.6600666219624234, 0.5311179818947697, 0.708893620253851, 1.1868342161178589, 0.7000663226857278, 1.140743125230074, 0.952024376951158, 0.9992363628219156, 0.945003562113818, 1.0549405889183867, 0.9775410542885462, 0.9208830632269382, 0.7334338227752596, 0.4495832447945658, 1.7557290184001129, 0.8445719939313436, 0.7515202645669903, 0.7754309167568054, 1.2205051500350237, 1.0232286989688872, 1.3986733920872212, 0.8283700779080391, 0.743495199084282, 0.8035930916666985, 1.237256584983123, 0.8271124056887393, 0.9205655590222592, 0.7670697871138129, 0.925294326439546, 1.0926120765507221, 0.6815434107800422, 1.0699013403306403, 0.5068551576178935, 1.315968077381452, 0.7169779183963935, 0.7287865958718303, 0.8434240865325064, 1.2087294282881837, 1.2225857824087143, 0.8059059778849285, 0.7926925657183126, 0.925441212952137, 0.8491324852494633, 0.662500630936348, 1.0005956354240577, 1.0351226811899858, 1.1775880008935928, 0.8441262129844158, 0.926480820402503, 0.8689241416752338, 1.3966696068644524, 1.2965395998520155, 1.207968433113659, 1.1221249421829718, 1.040924088781463, 0.7478657462879231, 0.5856875430378649, 1.2410262504385576, 0.6704646602272988, 0.6977039798849115, 0.6429838225141995, 0.6681032855477598, 1.7414274265368779, 1.9507996510056889, 0.5010469571894242, 1.3510959827237659, 0.7746359312084228, 1.299741268157959, 1.4316780959566433, 0.5931638073590066, 0.9906936995685101, 0.9193077778114992, 0.8907239917469651, 1.5998585452051723, 1.0255720631943808, 1.0657911028932123, 0.7510671547957157, 0.6496315168785967, 1.2988812554823725, 0.48487523562895757, 0.7171395305130217, 0.8957336867849032, 0.8359161463876565, 1.363953448086977, 1.2071944541401334, 0.8470672536641359, 0.5480487033306365, 0.8824589521520667, 0.8494738042354584, 0.9293273459923894, 1.0256324042876561, 0.9802718374464248, 0.4750677677884436, 0.6106933390825159, 0.7401973512023687, 1.0172637270196625, 0.9426823191344738, 0.7443517483770847, 0.8028513901475547, 1.6421851217746735, 0.9935806875719744, 0.7821184682349365, 1.0678034728940795, 1.009486244772287, 0.8235017411410809, 1.041071333962938, 0.43301863295750487, 2.820757180452347, 0.6618391449171069, 1.9619342404691613, 0.6754645960729407, 0.7925528008490801, 0.9275488932927449, 0.8114343564543459, 1.6704628437757492, 1.0388260080533869, 1.2994514427323272, 0.826496531565984, 1.5469615459442139, 0.6910390709009435, 0.9185775950874971, 0.9524844215415856, 1.0814224686473608, 1.0522107717891536, 1.0817959066480398, 0.9577693440020084, 1.0175258407990138, 0.8998031288385391, 1.228416768267103, 1.1308252923190594, 0.8549213896195094, 1.1507064618316352, 0.8928553812205792, 0.6228299448266625, 1.1244107469039806, 0.9683864066998163, 1.1466341647836897, 0.7758344732965643, 1.0034164148413278, 1.0191269510115186, 0.9425887187321981, 0.9760143533349037, 1.0269884418363702, 1.0489167583485444, 1.808437337478002, 0.9242886230118872, 0.7080871009512952, 0.7129289880394936, 1.3035726272746135, 1.0215719059109687, 1.0696959200150826, 0.8389722264061371, 1.0229916183310643, 0.8219110688880871, 0.9983218535780907, 1.0814951313476937, 1.289787982404232, 1.1879504323005676, 1.446708252032598, 1.0433173249749577, 1.2403584268430006, 1.09322468460434, 0.973185233771801, 1.0697181509024856, 0.9744474969404128, 0.9684245754033327, 1.0254404739193295, 1.1637077749359843, 1.0306888310348286, 0.9773730936735119, 1.257616940389077, 1.0163402656714122, 1.0618051080719422, 1.029066343481342, 0.9533388146743682, 1.001615685224533, 1.1354153537574936, 1.0522103172433956, 1.150178114280981, 1.0076442470153173, 1.1534624079863232, 1.0435766996248907, 1.0598368489493926]
2025-11-09 17:20:19 - fedit - INFO - loss data:
2025-11-09 17:20:19 - fedit - INFO - [0.6944490774706202, 0.5915392535874465, 0.8043211145620597, 1.4017869987908531, 0.49603508448130207, 1.4578305324539542, 0.7582758206285929, 0.5073313831851103, 0.5777663398378838, 0.8296275149335337, 0.5463214689244826, 0.5887997801312141, 0.6579353881378969, 0.374574173707515, 1.101280653104186, 0.4387175410778986, 0.5000892723134408, 0.4158695389142296, 0.3008681972019581, 0.35315826077324647, 0.723879233468324, 0.3651518092855163, 0.5351977022364736, 0.5259371483388047, 0.5301580246921409, 0.5020304955542088, 0.4358681269793534, 0.4399615749716759, 0.43940574396401644, 0.25560475011037564, 0.2604422980065768, 0.7971741454675794, 0.31190817210039024, 0.38703106618241256, 0.26092824000160264, 0.4302992052398622, 0.5635975456330925, 0.7967025090008975, 0.3904199612637361, 0.4063392750918865, 0.34244376938376164, 0.5829536269271844, 0.44429135486921845, 0.37289528444147946, 0.30286690374640257, 0.46778385327327365, 0.5100196013227105, 0.26249968391822026, 0.42168436238231755, 0.21800757215694627, 0.5328896601994833, 0.29217470241839893, 0.2765263849260663, 0.27374456740768727, 0.5594751992377273, 0.4967657560482621, 0.3032841827565183, 0.36355489711246747, 0.3668837696313858, 0.3488027064732331, 0.2706305721920787, 0.48535426519811153, 0.4319994605201132, 0.43166438800593215, 0.31403971031515776, 0.2608888039831072, 0.31220184329431505, 0.44828708097338676, 0.5842988611354183, 0.46380506258677034, 0.4023562435044401, 0.4112894375932521, 0.2639563732698821, 0.15725844477484419, 0.5293020538002666, 0.23312324471965742, 0.21019848596647775, 0.2517941967768517, 0.23388284713857704, 0.854532748965236, 0.8986668785047882, 0.15612846531439573, 0.46268825070082026, 0.23962865971258973, 0.5624196077942064, 0.5745125362028678, 0.1499526245170273, 0.41662422800436616, 0.3738268261446672, 0.2661797451896985, 0.5848780506673981, 0.29446401639143005, 0.40926697340739127, 0.17986506815558595, 0.17780853251381107, 0.26491604127774115, 0.1361453870769967, 0.2146077775913808, 0.4124344103038311, 0.26618513849874337, 0.6430776868015528, 0.4415502143609855, 0.33013578095738516, 0.203752753292267, 0.27457429385847515, 0.2747774372498194, 0.22727710908899704, 0.47859686544785895, 0.31837804866825337, 0.14724641974929623, 0.21898874494840534, 0.21503304364159703, 0.39785936525010546, 0.35330799321333567, 0.20409782075633603, 0.21464874021762953, 0.8022136570264896, 0.360273911657871, 0.335892669390887, 0.4112653760641229, 0.37465832185219317, 0.33493122323416175, 0.38420211973235663, 0.11135617815024387, 0.9721270352602005, 0.1999445732217282, 0.8376898823415532, 0.20395315234613456, 0.28372618784196674, 0.37305280476187663, 0.24873965528483194, 0.6235118401345972, 0.40016175740781956, 0.4502419318895841, 0.18460945451321703, 0.7008736580610275, 0.15958894132119086, 0.21983071951114613, 0.3156936636865687, 0.3428954517003149, 0.30251605063676834, 0.2844428733183627, 0.4052356820553541, 0.426479959115386, 0.3187087604776025, 0.41088567974815227, 0.473992848303169, 0.28284302360067765, 0.35034265595616076, 0.364013568063577, 0.20533923397306353, 0.42545786193736335, 0.25397160002547836, 0.36958155098060763, 0.20414237769549354, 0.27129735202974414, 0.3361428259251018, 0.3560307708879312, 0.3826793148803214, 0.35046360416239813, 0.39685369189828634, 0.6338221196913056, 0.28935391769020735, 0.2640883701477657, 0.17291296371776196, 0.41748416208122907, 0.2940296899847453, 0.4567396186182604, 0.2749950793028499, 0.4391511827772646, 0.366372903992765, 0.3742662202566862, 0.3542518625948944, 0.3567150255044301, 0.37345291320234536, 0.38881627640997374, 0.3142080669674803, 0.4938154330720072, 0.3046047303489306, 0.366674640091757, 0.41880862542252606, 0.3151971394972652, 0.28358589407677454, 0.3335896542729319, 0.3930939223580793, 0.3195694697409545, 0.25915340491883815, 0.4484669699023167, 0.4313995321591695, 0.34501543517322525, 0.30123815576856333, 0.2850793249329219, 0.3513357598334551, 0.42457913278656845, 0.3345481888545901, 0.4119360869859948, 0.48772483840584757, 0.45707543057699995, 0.3601659070700407, 0.4791043739145001]
2025-11-10 15:34:09 - fedit - INFO - loss data:
2025-11-10 15:34:09 - fedit - INFO - [0.6944490774706202, 0.5915392535874465, 0.8043211145620597, 1.4017869987908531, 0.49603508448130207, 1.4578305324539542, 0.7582758206285929, 0.5073313831851103, 0.5777663398378838, 0.8296275149335337, 0.5463214689244826, 0.5887997801312141, 0.6579353881378969, 0.374574173707515, 1.101280653104186, 0.4387175410778986, 0.5000892723134408, 0.4158695389142296, 0.3008681972019581, 0.35315826077324647, 0.723879233468324, 0.3651518092855163, 0.5351977022364736, 0.5259371483388047, 0.5301580246921409, 0.5020304955542088, 0.4358681269793534, 0.4399615749716759, 0.43940574396401644, 0.25560475011037564, 0.2604422980065768, 0.7971741454675794, 0.31190817210039024, 0.38703106618241256, 0.26092824000160264, 0.4302992052398622, 0.5635975456330925, 0.7967025090008975, 0.3904199612637361, 0.4063392750918865, 0.34244376938376164, 0.5829536269271844, 0.44429135486921845, 0.37289528444147946, 0.30286690374640257, 0.46778385327327365, 0.5100196013227105, 0.26249968391822026, 0.42168436238231755, 0.21800757215694627, 0.5328896601994833, 0.29217470241839893, 0.2765263849260663, 0.27374456740768727, 0.5594751992377273, 0.4967657560482621, 0.3032841827565183, 0.36355489711246747, 0.3668837696313858, 0.3488027064732331, 0.2706305721920787, 0.48535426519811153, 0.4319994605201132, 0.43166438800593215, 0.31403971031515776, 0.2608888039831072, 0.31220184329431505, 0.44828708097338676, 0.5842988611354183, 0.46380506258677034, 0.4023562435044401, 0.4112894375932521, 0.2639563732698821, 0.15725844477484419, 0.5293020538002666, 0.23312324471965742, 0.21019848596647775, 0.2517941967768517, 0.23388284713857704, 0.854532748965236, 0.8986668785047882, 0.15612846531439573, 0.46268825070082026, 0.23962865971258973, 0.5624196077942064, 0.5745125362028678, 0.1499526245170273, 0.41662422800436616, 0.3738268261446672, 0.2661797451896985, 0.5848780506673981, 0.29446401639143005, 0.40926697340739127, 0.17986506815558595, 0.17780853251381107, 0.26491604127774115, 0.1361453870769967, 0.2146077775913808, 0.4124344103038311, 0.26618513849874337, 0.6430776868015528, 0.4415502143609855, 0.33013578095738516, 0.203752753292267, 0.27457429385847515, 0.2747774372498194, 0.22727710908899704, 0.47859686544785895, 0.31837804866825337, 0.14724641974929623, 0.21898874494840534, 0.21503304364159703, 0.39785936525010546, 0.35330799321333567, 0.20409782075633603, 0.21464874021762953, 0.8022136570264896, 0.360273911657871, 0.335892669390887, 0.4112653760641229, 0.37465832185219317, 0.33493122323416175, 0.38420211973235663, 0.11135617815024387, 0.9721270352602005, 0.1999445732217282, 0.8376898823415532, 0.20395315234613456, 0.28372618784196674, 0.37305280476187663, 0.24873965528483194, 0.6235118401345972, 0.40016175740781956, 0.4502419318895841, 0.18460945451321703, 0.7008736580610275, 0.15958894132119086, 0.21983071951114613, 0.3156936636865687, 0.3428954517003149, 0.30251605063676834, 0.2844428733183627, 0.4052356820553541, 0.426479959115386, 0.3187087604776025, 0.41088567974815227, 0.473992848303169, 0.28284302360067765, 0.35034265595616076, 0.364013568063577, 0.20533923397306353, 0.42545786193736335, 0.25397160002547836, 0.36958155098060763, 0.20414237769549354, 0.27129735202974414, 0.3361428259251018, 0.3560307708879312, 0.3826793148803214, 0.35046360416239813, 0.39685369189828634, 0.6338221196913056, 0.28935391769020735, 0.2640883701477657, 0.17291296371776196, 0.41748416208122907, 0.2940296899847453, 0.4567396186182604, 0.2749950793028499, 0.4391511827772646, 0.366372903992765, 0.3742662202566862, 0.3542518625948944, 0.3567150255044301, 0.37345291320234536, 0.38881627640997374, 0.3142080669674803, 0.4938154330720072, 0.3046047303489306, 0.366674640091757, 0.41880862542252606, 0.3151971394972652, 0.28358589407677454, 0.3335896542729319, 0.3930939223580793, 0.3195694697409545, 0.25915340491883815, 0.4484669699023167, 0.4313995321591695, 0.34501543517322525, 0.30123815576856333, 0.2850793249329219, 0.3513357598334551, 0.42457913278656845, 0.3345481888545901, 0.4119360869859948, 0.48772483840584757, 0.45707543057699995, 0.3601659070700407, 0.4791043739145001]
2025-11-11 07:11:48 - fedit - INFO - loss data:
2025-11-11 07:11:48 - fedit - INFO - [0.6845029003084883, 0.5820811189814574, 0.8465172028855273, 1.386380473480505, 0.48522722733517487, 1.4759504720568657, 0.7710887601501064, 0.5245251844812563, 0.7513538169571095, 0.7756499436962635, 0.5688987828791141, 0.6016621755067415, 0.6912745562692484, 0.4231186381198074, 0.9812581276521086, 0.36952213597897854, 0.6160788326524198, 0.43388880495274185, 0.3231551252408988, 0.3921074828055377, 0.7516755894757807, 0.3628419110380509, 0.6573579534888268, 0.5119803083750109, 0.5408055606736418, 0.5637158795314676, 0.5363366253235761, 0.32354479283094406, 0.4269296023994684, 0.275534056270446, 0.26681358736916283, 0.7485709264874458, 0.33950175947852823, 0.3774937705708701, 0.24917078119566818, 0.44490436278283596, 0.4377806767821312, 0.7594091900934776, 0.34136643571158254, 0.32737534331778684, 0.37061095682697165, 0.6193246433609411, 0.4222196763977895, 0.3318370939477494, 0.29201706450661286, 0.43359791150103233, 0.5705136894248426, 0.290211920859625, 0.4062602093132833, 0.23150732898567286, 0.6347581185400486, 0.32765202174584074, 0.26663094037060253, 0.3133324622758664, 0.49209536458447317, 0.7382554574093471, 0.39423376570145285, 0.35152370932518073, 0.34598560724407434, 0.344815001658657, 0.28906891151678327, 0.48625802036581767, 0.3927076611229602, 0.48875964991748333, 0.30887226734437256, 0.3614361664125075, 0.3456233008648269, 0.5330733516253531, 0.46060107985977083, 0.5792148432091755, 0.5300901362413577, 0.42051103038153964, 0.24938778143310758, 0.20767318823879274, 0.46187080427383387, 0.237263769020016, 0.26455104847034244, 0.23907648971766723, 0.1804124903836863, 1.0898227137513459, 0.9008527547121048, 0.15179311239626259, 0.486749201754315, 0.24794993589651393, 0.6793502988538852, 0.5466183360666037, 0.1571543818572536, 0.3469782220199704, 0.3609330153275354, 0.27220767682209907, 0.5563805962310118, 0.29125031925488853, 0.3776092918261009, 0.15316742907988987, 0.1578271658384488, 0.314968748140688, 0.12818852378573967, 0.22031040218037862, 0.3515889334181944, 0.3072562339405219, 0.6544156279414892, 0.3854627389098621, 0.3375563006696514, 0.18968970123229234, 0.23595172544527385, 0.34809582494199276, 0.24883719518976777, 0.47655691504478453, 0.3366492834045655, 0.15988602093318804, 0.22297633196869557, 0.25145682343281806, 0.40629345861304067, 0.32487310299960276, 0.227409895354261, 0.23907914134147373, 0.8909320967892805, 0.36582303738185007, 0.2362225054142376, 0.40665616390167497, 0.3530808020492687, 0.3235331096686423, 0.34449471476609295, 0.09948827209599484, 1.2134585827589035, 0.15128905503201837, 0.842287530552815, 0.20104101515860986, 0.2901061979588121, 0.3528498842380941, 0.24476370685216453, 0.6218540186404425, 0.5399394390337607, 0.4180957387214985, 0.19369022804312408, 0.6660823784768581, 0.15240191037042272, 0.23710875030930922, 0.30240514201303836, 0.3787559487391263, 0.2721769086395701, 0.28669903243684935, 0.44867211300879717, 0.48401929152508577, 0.3392223475500941, 0.36956819959754206, 0.4611690053716302, 0.2914442894359429, 0.35387680102504937, 0.46133480705320834, 0.2994374146995445, 0.45056190511540456, 0.33995068699328435, 0.3033184291174015, 0.20209536539957101, 0.2573301804309891, 0.33820685010092955, 0.3691000720486045, 0.39388872194103897, 0.3343101190637533, 0.40917448505448795, 0.5637291506346729, 0.27376122805852177, 0.27964259268421876, 0.16596662275616028, 0.3657493532488221, 0.2853562792413868, 0.45898583444821484, 0.32642330368980765, 0.44144340820218386, 0.3282370335183499, 0.32500065863132477, 0.5020322733211751, 0.45331914611160756, 0.3511871833354235, 0.644136056303978, 0.37952234705581384, 0.572637936991194, 0.4346674577472085, 0.4028180432816346, 0.4012972841120285, 0.3177058136762332, 0.3494165766363343, 0.32805399825353454, 0.3800760780771574, 0.3402667627136451, 0.25038992245287317, 0.3697256874293089, 0.38442908339202403, 0.3558883247651944, 0.3706180280229697, 0.24533414053348238, 0.36935490388423203, 0.485903386684025, 0.3285122748531039, 0.5322296586545074, 0.5706546212236087, 0.35836877586940924, 0.3439391468287162, 0.57016335396717]
2025-11-13 16:19:20 - fedit - INFO - loss data:
2025-11-13 16:19:20 - fedit - INFO - [0.6959050112207861, 0.6161229549596706, 0.8414361316122507, 1.393100710476146, 0.5017388479751453, 1.5047950195148587, 0.8037134303074134, 0.5823026505177435, 0.6964971015178081, 0.9106435975074159, 0.6416513301432133, 0.8295250173347692, 0.5930667114754518, 0.46196917560882866, 0.9578871706500649, 0.43320644962497884, 0.4670172827318311, 0.5232593586403584, 0.3764493903662595, 0.48254576697945595, 0.8292379984632134, 0.42460789702436774, 0.6969361929222941, 0.5431668526182571, 0.5983301785993664, 0.5849576791857971, 0.5557441103692148, 0.38796972980101907, 0.48856207029893994, 0.31305643685995355, 0.2694604386129261, 0.9432002988954385, 0.357448865561501, 0.42322228380985427, 0.2811338582024392, 0.4169811496976763, 0.5389661774039268, 0.7649675097316504, 0.3696096744388342, 0.36739450742801033, 0.41779340700142914, 0.6588247089499706, 0.47233841042308244, 0.4399996618168396, 0.3071632675822465, 0.500785905187344, 0.6850976129062474, 0.3404410625047056, 0.4746522631806632, 0.25953362082752085, 0.7603245807190736, 0.3705458510728527, 0.3528008616523318, 0.36705068422873555, 0.5360870160685297, 0.7488409100721279, 0.29522621080589795, 0.4221939910507573, 0.3195112245157361, 0.3868742422474658, 0.33094036615198, 0.572372004803684, 0.43552380844074134, 0.6264934080342451, 0.3624110478077418, 0.4695879593491554, 0.4213113131467253, 0.6297802977263928, 0.5856437985785306, 0.5953709619010197, 0.5100021423575909, 0.5003388132150328, 0.29445044233610757, 0.26138659699103706, 0.5621769677123262, 0.2868729789896558, 0.2977807921553521, 0.29185261595643575, 0.22360422472572988, 1.3404167984457065, 1.1494516611975782, 0.22314166251776946, 0.5506836252493991, 0.2880450797733985, 0.7763800122039883, 0.43262325177590055, 0.21885455686020172, 0.410674006678164, 0.44932898743187677, 0.316008776812324, 0.6813463718794724, 0.3506114373707937, 0.42207446365671997, 0.23030896940709727, 0.2845372076755868, 0.40011843588007123, 0.21989574448727783, 0.26781359118305975, 0.32757091149687767, 0.3633026048541069, 0.7487473331391812, 0.4973317201559742, 0.293778635667296, 0.2230984733574798, 0.3280550628486607, 0.42678975748519105, 0.3213185341211787, 0.5142330634097259, 0.4118513518789162, 0.21484691497722738, 0.2641289137125972, 0.25381124834530056, 0.488087089602714, 0.40657159183174374, 0.3064584853127599, 0.2901701247724502, 0.9392137598867217, 0.4367134874503987, 0.30170220571259654, 0.4876745644810737, 0.46291226430741306, 0.3943726570807484, 0.40481020919168775, 0.17803432016323012, 1.181854024529457, 0.21473437334766218, 1.0331572386929218, 0.2716953104220169, 0.35254351240582765, 0.43140289252623915, 0.32237408864829276, 0.760342815099284, 0.49236602270427876, 0.6518302991770315, 0.25203348944584525, 0.9451987966895103, 0.2577687809243798, 0.31454593648769613, 0.38039822076611657, 0.42876366013661027, 0.3304974058022102, 0.3954399474096135, 0.5381967674940824, 0.5096217094610135, 0.454526405967772, 0.49145275609486777, 0.5776997813954949, 0.36310224930445356, 0.4302509606030642, 0.5138060270498196, 0.36648621891314787, 0.5548956963507569, 0.43303427692606217, 0.3867620384941498, 0.28650005761403263, 0.36516724144119245, 0.4094979667725662, 0.45490445556739967, 0.5376983519759961, 0.4497550680500283, 0.3980898160176972, 0.6865921579301357, 0.397226997111973, 0.35022785687132885, 0.25888743771550554, 0.5001431389858848, 0.3574501559603959, 0.5674909761942485, 0.3894135796775421, 0.4929346427517502, 0.4723212641712866, 0.4413765948265791, 0.543542698390928, 0.5559464116891225, 0.45528554236516355, 0.4842251582692067, 0.4121413265957552, 0.5524264135114525, 0.4544666023252325, 0.48066736198961735, 0.47586046806064203, 0.4221155688242839, 0.4249366959556937, 0.43126523114569354, 0.4612926942314587, 0.4469362500386065, 0.35914441151224774, 0.44943942204117776, 0.5129662918547789, 0.44890500455604576, 0.43640076058606303, 0.35792891545320193, 0.42146254479885104, 0.5718010997070986, 0.4322531547044854, 0.589014916735537, 0.610576169937849, 0.4002957545220852, 0.4403906327712795, 0.6138666126256187]
2025-11-14 06:11:09 - fedit - INFO - loss data:
2025-11-14 06:11:09 - fedit - INFO - [0.7039499222546032, 0.6110395843059653, 0.8213214399783235, 1.4363272198859383, 0.502231118880343, 1.5161885190755129, 0.854840631547727, 0.6916643307692762, 0.7215788818688856, 1.0006525001257582, 0.7219221763312816, 0.9846021352956693, 0.6847677620748679, 0.49546440533901515, 0.9933391116559506, 0.46085107563857386, 0.6365557961786786, 0.5361932496010673, 0.38748664941845673, 0.5476582381719103, 0.8693300234153867, 0.4234342214691898, 0.7364564035087824, 0.6045079119193058, 0.6606370236395913, 0.6183149854049963, 0.5860272939590847, 0.6753970707456272, 0.585266787558794, 0.2849546079646404, 0.2545138624134577, 1.2253945817550025, 0.45458671695699815, 0.4529777654822459, 0.30349851202239125, 0.5704129775986075, 0.6986388596706092, 1.0536315153042475, 0.4600749454150597, 0.5243338242173194, 0.44526829529139733, 0.7106466692823328, 0.4978324278969975, 0.5625455248120584, 0.438835788379309, 0.5309293942970019, 0.6442736517637968, 0.3428950867413245, 0.6304856886466343, 0.27496351544848746, 0.7723984505981206, 0.3313189669512212, 0.3568668436697301, 0.38423342474025524, 0.7089195660593217, 0.7188904086748759, 0.5726800874496499, 0.4270515009346936, 0.48707978054881096, 0.4148512607002083, 0.3495031717991201, 0.5479015476173825, 0.6099723325494457, 0.6747394682218631, 0.3966337560557821, 0.35537784205128753, 0.3877340546809137, 0.7961385414469987, 0.8650787107762881, 0.7865121653851341, 0.498590674169623, 0.508536893793673, 0.31355255331125176, 0.23465347617166116, 0.6338547056851287, 0.30300872234317167, 0.3330852640057473, 0.3210762350742395, 0.2685533141743185, 1.0872093789900343, 1.1568681628388517, 0.2303839981711159, 0.7785296327330999, 0.30984578533971885, 0.6816296479419658, 0.8184646205355723, 0.3835570167955464, 0.5364051954820752, 0.43702329815018415, 0.3541454723423445, 0.6702549701885265, 0.49186688543866497, 0.4568220947814339, 0.2687499939316982, 0.19859134317408056, 0.3843003863860902, 0.19614503321968693, 0.3092818872796165, 0.5324567978580792, 0.3701678088555733, 0.6856077255681157, 0.5538652139431279, 0.5594854014319329, 0.24814059269825753, 0.3575478144403961, 0.4396401021319131, 0.38965040579307497, 0.49645160970588526, 0.40597299726472963, 0.2173408812990314, 0.26707807219095736, 0.546374577563256, 0.4504537186868812, 0.4367227343842387, 0.27894430731733644, 0.35166152657779015, 0.973393347269545, 0.45572135595276075, 0.26551641803234816, 0.48011159034920675, 0.4923296462854042, 0.3437199143692851, 0.46368269136418466, 0.17310014030792648, 1.4743092358112335, 0.2378976959735155, 1.015900984625606, 0.2824638975409629, 0.3710122317075729, 0.46852146346742907, 0.3217036804391278, 0.7671266384422779, 0.5640425081638729, 0.5941554872670035, 0.21343039713489514, 0.9536005854606628, 0.25758337788283825, 0.34864388422473613, 0.40553487998926463, 0.5693165194243193, 0.4456128741924961, 0.4307392979325313, 0.47318602483719585, 0.5303902578850588, 0.41982269268482925, 0.5287836806281754, 0.619530912488699, 0.34320804638167224, 0.563628731989393, 0.45528612807393076, 0.350851510418579, 0.5253141227452194, 0.5675061238515708, 0.5227130595594645, 0.30709585016429947, 0.4507697346430801, 0.43183209374547005, 0.45650091835608086, 0.44123931922949855, 0.47142147133872764, 0.5236407867632806, 0.7254944062895246, 0.4111642890578084, 0.35981347860866475, 0.33043782392309773, 0.593011982150768, 0.3261425850206933, 0.5741808769019211, 0.46978385047987103, 0.4948606820221533, 0.41828719712793827, 0.4973060190677643, 0.3633800421238822, 0.5511605215569337, 0.49315810976549984, 0.6639069120089214, 0.535871127510772, 0.555169244175372, 0.48376470383825815, 0.48537445006271207, 0.49217657763240996, 0.42409338884036557, 0.4556772795816263, 0.44003111952939605, 0.5085728505224574, 0.4590010281087075, 0.3816537332190393, 0.5334515220796068, 0.5742778450250625, 0.4811740284295458, 0.4230792267868916, 0.38013481691587664, 0.5520177841186523, 0.6105378432308927, 0.4484879549430764, 0.5461469816372675, 0.5961362826327483, 0.5463832079122464, 0.43584057463575965, 0.6125458870083094]
2025-11-14 15:24:13 - fedit - INFO - loss data:
2025-11-14 15:24:13 - fedit - INFO - [0.7010745153713384, 0.608322122775846, 0.8287180944492942, 1.43447465142783, 0.5058568120157967, 1.4869137294590473, 0.8459257812876451, 0.7218898602329411, 0.7553520475824674, 1.0223627098457282, 0.7753087156762679, 1.0681625256935756, 0.6368074915061395, 0.4805039356364623, 1.1082501152530313, 0.4764724706196123, 0.5679272588652869, 0.5351055141871649, 0.3995462240289069, 0.4469735890937348, 0.8726761760190129, 0.4590474428330067, 0.6811097580939531, 0.6156852178896467, 0.6499068820849061, 0.5728739574551582, 0.5881683782619589, 0.4670144096016884, 0.4852366140112281, 0.2984091940875116, 0.29324609220105535, 1.0294192240883908, 0.38030642290648664, 0.45317102519043706, 0.2962450408894155, 0.6132073169574142, 0.612233268469572, 0.8546298687656722, 0.408246685564518, 0.4473969655732314, 0.4161450680759218, 0.7227616427760375, 0.4925814019820465, 0.4554188440374115, 0.3438735962988351, 0.5439181879347323, 0.6739719272591174, 0.34868559104849256, 0.5809866632334888, 0.28070480041464585, 0.8864556004603703, 0.38203575193442196, 0.3703070967488624, 0.38738451333177326, 0.6372867183465707, 0.6447334308177233, 0.3497312627732754, 0.4220730965603995, 0.35756427235901356, 0.39520588319967775, 0.3393650933684708, 0.5561620542365644, 0.5542290329056627, 0.5786056617895762, 0.40981488192782684, 0.3348615777989229, 0.37516249660402534, 0.4780108978506178, 0.7123734347211819, 0.5886226664571201, 0.4519205720229238, 0.5375965679000959, 0.33389523097951157, 0.23733913903124632, 0.6587306131712265, 0.290511840240409, 0.268418136438796, 0.31650309661744, 0.2784373583789501, 0.8876237325215092, 1.2294335902175484, 0.2361459643062618, 0.659427370565633, 0.3154780410605246, 0.6684359255197801, 0.5512364568188787, 0.21750317000340955, 0.44717040937393904, 0.47041813224992335, 0.34914355957880616, 0.7633330070358866, 0.37467625384225456, 0.5217712063561468, 0.28469509500274925, 0.2643994318814041, 0.4445371245475192, 0.19933495457755473, 0.24751606826773948, 0.44290753950675327, 0.3436677334830165, 0.6583327673375606, 0.5242814054816134, 0.40073766290313667, 0.22755582536560043, 0.4023036084448298, 0.3277381925533215, 0.39218531071878315, 0.5317511158684889, 0.4397495757754465, 0.21367151375141058, 0.28342032884635654, 0.2863703020848334, 0.4717998517434234, 0.4370699614907304, 0.2295869393274188, 0.5256899927297364, 0.9081703393409649, 0.4795800677847628, 0.37207587994635105, 0.5058293389777342, 0.5000862948432127, 0.4007392045110464, 0.42503952963844593, 0.1511308954925173, 1.1525925993919373, 0.28430637372596385, 1.121343605592847, 0.2797778309356637, 0.38151116920635103, 0.4711251111080249, 0.34620745509035056, 0.7341584779322148, 0.5518745076568687, 0.5613972580303317, 0.3502126311262449, 0.7804130911827087, 0.2604403960415059, 0.3099249127604391, 0.4225014459259589, 0.4243160798214376, 0.38033187141021096, 0.4383146559509138, 0.5054632736369967, 0.4917332656681538, 0.3942725440487266, 0.5473163789948043, 0.5586814158596098, 0.37912450103710094, 0.4672681139964683, 0.4845566648989916, 0.2625783404024939, 0.5323574829298784, 0.3951688232935137, 0.5572217696656784, 0.2907854500090518, 0.4022369837834274, 0.4483803654710452, 0.4644926865895589, 0.5241052370208005, 0.5054642709411118, 0.4557403107173741, 0.7594857580131955, 0.4179929450569507, 0.35078589105815217, 0.2887770168276297, 0.592049308905476, 0.3992953775450587, 0.6007533476633184, 0.40296313275272644, 0.4889675881321493, 0.5273218947805856, 0.48929964611306787, 0.5554884833594163, 0.593592747176687, 0.4736654803156853, 0.5632876840730507, 0.41635218306499366, 0.5679576592924802, 0.4704420532927745, 0.4262510088582834, 0.521652888517449, 0.46627803296898784, 0.39545144606381655, 0.4710018865745086, 0.4706638865903312, 0.4497553648502096, 0.38887621422279073, 0.5352486292521159, 0.5081566154956818, 0.45901475942350534, 0.4313894518030187, 0.3945719191831523, 0.41774658150970934, 0.5064859258777955, 0.48569528482225544, 0.5404955273603691, 0.560585088779529, 0.4467408572634061, 0.4732807530009228, 0.5256259947394331]
2025-11-21 17:33:01 - fedit - INFO - loss data:
2025-11-21 17:33:01 - fedit - INFO - [1.0495814772943657, 1.0904935970902443, 0.5285394664137409, 1.5687641424351724, 1.0578480573991935, 1.0600826114416124, 0.7764856517314911, 1.585984726746877, 0.7898187177876632, 0.8005347050726414, 1.0065145018909658, 2.274304327865442, 0.76964124639829, 0.7631197033656968, 0.7782466537074039, 0.59490085251701, 1.1079240040410132, 1.8838421603043876, 0.7670406008075024, 1.1328139452841774, 1.047006009832809, 0.6515381780763467, 0.5573183301422331, 0.7569269398848215, 0.48316166167115343, 0.653368329629302, 0.5390098872284095, 0.4092409674269266, 0.7216779539982479, 0.6938909968982141, 0.6063251648512151, 0.7507703821692202, 0.4634772246082624, 0.6275255881249905, 0.4834897680363307, 0.40610685562476134, 0.6986511200666428, 0.48132131199042005, 0.4153506229498557, 0.8922897371153038, 0.5255841609548058, 0.5288204707205295, 0.4376549464960893, 0.46377159456412, 0.43074907614952984, 0.3836430661380291, 0.47675511418353944, 0.4929461733748516, 0.46375621495147545, 0.34505106540149055, 0.37431681932260596, 0.49041044867287076, 0.5655067483584086, 0.30895263672702844, 0.30187951048525674, 0.29401682648393845, 0.43531789910048246, 0.36467917360187996, 0.5156029818322638, 0.8967789257566134, 0.4603757782528798, 0.5049439817667007, 0.3930077694977323, 0.328519257173563, 0.33612840377039965, 0.49344664549357015, 0.34367988147961914, 0.5534074845413367, 0.4027739065738084, 0.42882331336537993, 0.3616212825535944, 0.3802265600611766, 0.42827011967698736, 0.38872978314757345, 0.40908362084410643, 0.2796159292539132, 0.5017824649810791, 0.32739909684777946, 0.871163595157365, 0.6020476073026657, 0.6535938370765911, 0.551249508251404, 0.492978658216695, 0.4265381799389919, 0.3331098606632579, 0.8135138756285111, 0.3798678564071133, 0.4024839310829217, 0.3176684655334758, 0.5814492856462796, 0.2776628178026941, 0.31710071494388914, 0.36333090903968945, 0.40205264991770184, 0.25085700215138973, 0.285432532015774, 0.5993479049454133, 0.34441466598461074, 0.4822459281111757, 0.3273131818200151, 0.45790613628923893, 0.20794398880338874, 0.91788667216897, 0.36877549812197685, 0.4182251490652561, 0.27168413694299426, 0.9072242773448427, 0.4199475285907587, 0.28690198346942897, 0.6174311227618884, 0.4230272357662519, 0.3893448390066624, 0.28879648028583876, 0.6994108732789754, 0.538272513821721, 0.3149418290704489, 0.3656379527412355, 0.28305549452511164, 0.3430024849561354, 0.3369315026948849, 0.4821280866861343, 0.48867537950476014, 0.32447597207058043, 0.8075326470037301, 0.36465644766168115, 0.31275470024691177, 0.5301290787756443, 0.5006788919369379, 0.2191616974421331, 0.7267961914961537, 0.3019717241732929, 0.3753334839517872, 0.35963381663299143, 0.29249727519761237, 1.1449617271622023, 0.37137539993202395, 0.3736925821337435, 0.3418334905679027, 0.4288278558291495, 0.40092614512181, 0.3444616751952304, 0.307654716177947, 0.2945466366951309, 0.42609336069570136, 0.14815470278979492, 0.9947177057775358, 0.3596558641487112, 0.33152932171813315, 0.5021011844372902, 0.4076276576767365, 0.43845260590314866, 0.5376643985509872, 0.41877931977311766, 0.26028397712431633, 0.7253847249029648, 0.532065295924743, 0.4651115790932861, 0.44955487325787546, 0.3885834392064657, 0.38556651708980405, 0.4276403573652109, 0.36976171005517244, 0.5088806496442932, 0.4373210790877541, 0.4060040610531966, 0.4125181450508535, 0.4897289205165136, 0.35946753298242884, 0.4915027101524174, 0.4327781324585279, 0.404555061335365, 0.531229864688296, 0.3803324689312527, 0.402870122066293, 0.3377353577182079, 0.36945059011952996, 0.33948639538465886, 0.33958083571086073, 0.5487348144607884, 0.41850312553430186, 0.3877628655483325, 0.901783602551008, 0.4153489798692794, 0.3568408900679185, 0.44186626027027764, 0.3577008520563444, 0.45500554591417314, 0.39474276949961984, 0.5357871041878274, 0.3826406045720495, 0.41338556985321795, 0.32540323209726374, 0.36143961319079, 0.38639881362517675, 0.4813479883596301, 0.29997707542796165, 0.341848197044141, 0.3961345005780459, 0.5979130281821677, 0.5186519414186478]
2025-11-21 20:57:41 - fedit - INFO - loss data:
2025-11-21 20:57:41 - fedit - INFO - [1.0495814772943657, 1.0904935970902443, 0.5285394664137409, 1.5687641424351724, 1.0578480573991935, 1.0600826114416124, 0.7764856517314911, 1.585984726746877, 0.7898187177876632, 0.8005347050726414, 1.0065145018909658, 2.274306849638621, 0.7696918100118637, 0.7643887023958895, 0.7775750583288266, 0.5954014669853047, 1.1069577489757823, 1.8914239878455796, 0.7952156946833792, 1.2961707983551354, 1.0567426865822391, 0.6922547695537409, 0.5783640791972477, 0.802020297696193, 0.5052763855149006, 0.6733321510732938, 0.5569792362550894, 0.42296292819082737, 0.7459799231340487, 0.6976682596111623, 0.6211662540833156, 0.7450625408026907, 0.47224405116978146, 0.6359711562593777, 0.48205103150879347, 0.4155721143843272, 0.6953791081905365, 0.4932165358836452, 0.42721027646745957, 0.9037092473357916, 0.5326559332019666, 0.5401972038050493, 0.4418897651756803, 0.46927204852302873, 0.4383156548771593, 0.3916206056873004, 0.48538449264708017, 0.49792480655014515, 0.47174685268352423, 0.34978675794525027, 0.38316125298539794, 0.4952317485585809, 0.5644257602592309, 0.31353468474828533, 0.3075994294395463, 0.29907695742117035, 0.44228163609902066, 0.3666172238865069, 0.5162918240731132, 0.8965345403800409, 0.4686156175409754, 0.5162464812397957, 0.39545103007306653, 0.3277300454986592, 0.3359499750505355, 0.49744616721413637, 0.3426215534651638, 0.5945584155619145, 0.40301598651179427, 0.4341399815761381, 0.36741162439514147, 0.38491457179188726, 0.42981825567161047, 0.3926212129493555, 0.40639058352471924, 0.2850288341528383, 0.5080763667821884, 0.3336815169594925, 0.8594940893558992, 0.6067362260073423, 0.6647884569441279, 0.5341395186196114, 0.5002027073254188, 0.42833316549658773, 0.33157250600024346, 0.8096921702639924, 0.38483209211967495, 0.41331629315391183, 0.3222389779128562, 0.5861768066883087, 0.27739595125118893, 0.32122835152161616, 0.36875229432937584, 0.401746708744516, 0.2532254377929255, 0.29198550179393756, 0.5913151316344738, 0.3428647393981616, 0.48728625625371935, 0.33069610018283124, 0.46009976603090763, 0.2086122058299852, 0.9135189078748226, 0.3714498600612084, 0.4179556008428335, 0.27202932967385846, 0.9220796870067716, 0.42320779332270225, 0.2865111809667377, 0.6165320206051453, 0.42529512544473014, 0.38651913081606226, 0.2856811608284198, 0.6916249985496203, 0.5360837560147047, 0.3174483290563027, 0.3708545214806994, 0.27643130610052213, 0.34954666905105114, 0.3395043410360813, 0.4776385802775621, 0.4866492611666521, 0.324863878171891, 0.8138542448480923, 0.3663261925082719, 0.3170788372651889, 0.5180159962425629, 0.49888507494082057, 0.2202837262052857, 0.724807671426485, 0.29876400573322404, 0.38034808076918125, 0.3669100199014139, 0.2933995661636194, 1.1576824374496937, 0.3686195384741191, 0.3768649457229508, 0.346448034979403, 0.43441730096625786, 0.396804244483688, 0.3469337136381202, 0.3094573400190307, 0.29383754551055885, 0.4295835933433129, 0.14929470154814994, 0.9747076578438282, 0.35998672409914434, 0.33501478703692555, 0.4936202178971889, 0.4090578402392566, 0.4411124590784311, 0.5373879969120026, 0.42340703035394345, 0.26782217607969316, 0.7277625556443892, 0.5349531006067991, 0.467724508804898, 0.44866568222641945, 0.38599632638387193, 0.3743371358141303, 0.42437644178668654, 0.36906884495789805, 0.5162029166362787, 0.44023429468895, 0.40177207812666893, 0.41525431844945015, 0.4884372441364186, 0.3610366478251914, 0.4814394456334412, 0.4385655137399832, 0.4049080981562535, 0.5347650801664905, 0.37961839543034637, 0.40650390866093145, 0.33881487372594, 0.37430431631704175, 0.33513404664240387, 0.3460877377412513, 0.5502604940640075, 0.41880706043675875, 0.389883362626036, 0.9363074175631388, 0.4164123803348605, 0.3604583581888128, 0.44768625100453696, 0.3631553180101845, 0.45593400970101355, 0.3921157618363698, 0.5323883708762496, 0.3834941155951599, 0.4269652603880355, 0.3223532308873377, 0.3667360683903098, 0.3888087846338749, 0.47807033713907005, 0.30026136422291017, 0.34757341983588946, 0.39951382726430895, 0.5995266916916558, 0.5304038494825363]
2025-11-21 23:04:50 - fedit - INFO - loss data:
2025-11-21 23:04:50 - fedit - INFO - [0.8042914072672527, 0.7733697965741158, 0.8299685736497243, 0.9505266547203064, 0.7957531789849912, 0.7763905121848501, 0.8627097464197284, 0.6067858707502313, 0.7766192432107597, 0.6788848198543895, 0.6221662150361599, 0.5244168825137119, 0.576315077021718, 0.5452725877985358, 0.871955720441682, 0.48636448983516956, 0.6626310292581981, 0.3749236177653074, 1.0909259241615605, 0.6241378411650658, 0.53323457507594, 0.4969810617666591, 0.41376606082647216, 0.6034331387303995, 0.621737067455647, 0.5048233107663691, 0.6438039605697943, 0.5984470498940302, 0.4916708000863974, 0.6828712557132045, 0.5652743290577615, 0.4444693674643835, 0.5670563029125333, 0.4692506161518395, 0.474053930890857, 0.4634432551264763, 0.41122371177854283, 0.4751246621552855, 0.36263618976809087, 0.4482052713786734, 0.542089721808831, 0.27698692570750916, 0.4734585467570772, 0.5561137667724065, 0.4468748156158697, 0.4522602660953999, 0.3877739547328516, 0.4025980454559127, 0.5818855284402769, 0.5324456865588825, 0.41511575986320776, 0.5412821029623349, 0.5224225623799221, 0.5709838728523917, 0.5453100491847311, 0.34905768325552344, 0.3088398724018286, 0.36592071101521, 0.48905881265686313, 0.4696560027077794, 0.5051532329784499, 0.28209519959054885, 0.520366421341896, 0.4561863340489514, 0.630840291786525, 0.48072341457009315, 0.43747164202587946, 0.31510012511474395, 1.1975708131988843, 0.3681659847870469, 0.503223243686888, 0.3503816953135861, 0.2652334856546738, 0.4096186734860142, 0.4924671804402774, 0.304649870240547, 0.4216023868099711, 0.335419428969423, 0.352678891553961, 0.501535778451297, 0.32644736358960125, 0.46023431090845, 0.48787667974829674, 0.546470299001251, 0.35413584680784316, 0.4000878061633557, 0.40439936820240246, 0.4839880358841684, 0.4240695856925514, 0.5372332570453485, 0.30323328703492025, 0.37307039713317697, 0.3824788885134639, 0.36486934385933245, 0.32102585704997183, 0.48714768521377605, 0.37271611516674363, 0.4758615493774414, 0.28628401048481467, 0.3973311598226428, 0.318021888034668, 0.49153478505710757, 0.30668145444554584, 0.35293535846802926, 0.8927867606282234, 0.5559265955816954, 0.25691459723748267, 0.4434637394848422, 0.3233071865626808, 0.35051478957757354, 0.4349008508854442, 0.44352542650368476, 0.4536860541750988, 0.3049663150062164, 0.9996360763907433, 0.4290701014777789, 0.2581435825365285, 1.3469625243710146, 0.45424574524873784, 0.3680715661654026, 0.44345290301838414, 0.37720085665583614, 0.3347061193455011, 0.41990528511814773, 0.42581366200650494, 0.5894610000153383, 0.3320782569030093, 0.24513999017265936, 0.2998131305841065, 0.4479799698473829, 0.3761926681901782, 0.27664344131898805, 0.8810399577021599, 0.41722522986431915, 0.5477111492424258, 0.40534794665873053, 0.3599820948106104, 0.3814167374745011, 0.4926344888905684, 0.42925232784314593, 0.37591984709724785, 0.3382646039549616, 0.30583600417682616, 0.486046761369858, 0.3546740731431378, 0.3056490491661761, 0.4882904677341382, 0.44625379579762614, 0.3988582504735816, 0.3283941360939851, 0.47855618345583306, 0.3830584534996999, 0.38246172646326676, 0.26029315376654266, 0.4538049718365073, 0.5762088514554004, 0.5338076235105594, 0.37262422641118365, 0.5122175803313953, 0.4883878358408936, 0.3923739632056362, 0.42607180997531674, 0.56092805803443, 0.36528570065274835, 0.47836373427084516, 0.42499423160766947, 0.35182451878984766, 0.39256972571214044, 0.3659256307061376, 0.4570225861006313, 0.46171596025427186, 0.4787902465711037, 0.4761321130726073, 0.3820450601966253, 0.38591227009892465, 0.483682823056976, 0.5446713839968046, 0.4203406823178133, 0.5593864935494605, 0.3451326137916608, 0.5142298730622445, 0.5744859725236893, 0.45649383987554093, 0.5583140828460456, 0.4188794646412134, 0.4503943923032946, 0.6931721953054268, 0.5423157173430636, 0.5619319058728941, 0.48743763663853057, 0.4129032870488507, 0.5678867325186729, 0.4575199129370352, 0.47180283904075626, 0.42438984610911074, 0.45620078437030315, 0.41533587136793704, 0.4484363594402869, 0.5235171876847744, 0.4510473170178546]
2025-11-22 01:46:40 - fedit - INFO - loss data:
2025-11-22 01:46:40 - fedit - INFO - [0.9165820369408244, 1.059534728527069, 0.8890853212939368, 0.7103005056934697, 0.8488291270203061, 0.5225314194247836, 0.8979033440351486, 1.1902387365698814, 0.8697119962452049, 0.8868233582803181, 0.791032649949193, 0.5387499127537012, 0.6032195076346397, 1.4533674847334623, 0.5667464335759481, 0.8326808810056675, 0.5501367734339004, 0.4131384452538831, 0.603934387365977, 0.5241553915575856, 0.8523796964109989, 0.51896497795687, 0.5355847856650751, 0.6099229876661585, 0.7783328922824901, 0.5506775302191576, 0.6167565008093203, 0.8922239043994954, 0.5163808978405319, 0.5025194229535936, 0.5111595693354806, 0.24424371499723446, 0.4742839296921515, 0.397008930084606, 0.6211039236961649, 0.4529849588871002, 0.4565197552657789, 0.5043568486968677, 0.4627803725500902, 0.49681283886145267, 0.5266315384014022, 0.6282766796648502, 0.4221105808392167, 0.5263770538870067, 0.6237574960415562, 0.3961969593245732, 0.46276828879490495, 0.42677722392337664, 0.7315033249823111, 0.6116900669765614, 0.33541102564583225, 0.4434505156369186, 0.5729534398350451, 0.409929066672361, 0.5537577718496323, 0.2708892854551474, 0.5439105517752878, 0.35354370406518376, 0.3617269290611148, 0.36351355661948526, 0.3123066442123815, 0.3665233928976315, 0.537076817618476, 0.45168213587668204, 0.34896246939897535, 0.771317939956983, 0.5039755389189873, 0.4961221500610312, 0.3248017339071689, 1.0109220863807769, 0.41568009966076946, 0.36748284058024483, 0.3534088963875547, 0.5688938786172205, 0.31823532457153003, 0.39534221962094307, 0.3276009981830915, 0.6598503068089485, 0.37659814674407244, 0.6392517015337944, 0.45979595312596244, 0.38863916943470633, 0.3583199395487706, 0.6283716804037491, 0.4696666103623369, 0.39746475623626454, 0.5640730397154887, 0.3350699817075541, 0.3945186167955399, 0.8017480468584433, 0.5017330101691186, 0.31985376299255425, 0.32965441261019024, 0.742826179911693, 0.4274354906131824, 0.35481670138736565, 0.3962087382385933, 0.3835653623927644, 0.6593433732632548, 0.4455430712209735, 0.40687737472000574, 0.37224656695293057, 0.29834543261677027, 0.5885720616922929, 0.4642830451950431, 0.6318532593548298, 0.562070244759844, 0.515440603159368, 0.7955070675483772, 0.6829153035013449, 0.6664463722784268, 0.3648416427895427, 0.3173480551068981, 0.34158765925810886, 0.45291389933683807, 0.25339680365286765, 0.8510089215750878, 0.3868411987088621, 0.6939193430755819, 0.32946015362683523, 0.3476689737467539, 0.4006115412339568, 0.3236730718093008, 0.496399171029528, 0.5012794341892004, 0.45824153171408744, 0.2893537371375022, 0.38895270399568294, 0.23806422939967542, 0.7579492269083857, 0.29550904044881465, 0.9790257122507668, 0.47241546167060733, 0.3535296395421028, 0.47232692083343863, 0.295528299951305, 0.2787429961638573, 0.5267756771296263, 1.0733622536063194, 0.4741446583531797, 0.3185638536388675, 0.29880260960107635, 0.4201865129172802, 0.4623555578291416, 0.34945344089806735, 0.466993103052179, 0.27758051486064994, 0.5974229232718548, 0.3990372541981439, 0.3724324789441501, 0.4735818511495988, 0.4356575995861065, 0.35063295676731143, 0.3132983844727278, 0.4303859194474561, 0.7339658787629257, 0.42021265413079945, 0.6102074077352881, 0.5024516814876171, 0.4347912732511759, 0.4040063417242731, 0.4076469477266073, 0.4907857314786977, 0.33941845645507174, 0.9796898331689208, 0.49792095368934997, 0.4114084908117851, 0.47984436887005966, 0.5052556686103344, 0.4827507064189939, 0.760575810012718, 0.7984545355041821, 0.3611936366890457, 0.2715914206023802, 0.7818682199307516, 0.5459063787368083, 0.6584726146880597, 0.4041757793683145, 0.3938885646916571, 0.4081344631810983, 0.39851530976593497, 0.46112508113895145, 0.4391572192017185, 0.35579936512642435, 0.6012436383891673, 0.8055272251367569, 0.5229691393100299, 0.696598971883456, 0.6042554378509521, 0.5875491833869825, 0.4053429153404738, 0.6482908606529236, 0.5634869294861953, 0.5763826310634613, 0.40879093149774953, 0.4760759431868792, 0.5372225965062778, 0.4551911865671476, 0.37395137594569294, 0.615738890816768]
2025-11-25 11:15:45 - fedit - INFO - loss data:
2025-11-25 11:15:45 - fedit - INFO - [1.0443547467390695, 1.0769338607788086, 0.5397622720696605, 1.6872489862143993, 1.2207343007127445, 1.0553977680703004, 0.8064772317274695, 1.7764950229061975, 0.7762365361054738, 0.7611012796560923, 1.0160504044698817, 2.345760257045428, 0.6966862400372823, 0.7029581165148152, 0.7451340155076911, 0.5965031512583104, 0.9417470579612113, 1.7644571214914322, 0.6120161407723509, 1.1234865396701057, 1.0721554167176548, 0.6352043012777964, 0.543679006728861, 0.7699813661475976, 0.4647590988369166, 0.6465424128736441, 0.5472501502682765, 0.40981475789195454, 0.6594716279457014, 0.668618149876308, 0.5356131614082389, 0.6873868389262093, 0.4729465934403595, 0.6225162127692448, 0.5046787839382887, 0.4466490274311131, 0.6927280351519585, 0.5014064243684212, 0.3754303719050118, 1.1453057438135148, 0.5444758795365168, 0.5416756803790728, 0.48504627402871847, 0.46227060407400133, 0.4462912608351972, 0.4283379017064969, 0.5085283804330087, 0.5270500723272562, 0.5118005909025669, 0.437287023028311, 0.39288412282864255, 0.488901179904739, 0.5988927066326142, 0.33774874890223144, 0.3296140467023684, 0.323369675108956, 0.4725494741772612, 0.38900273875998603, 0.5898536635755465, 0.9553474507605035, 0.5282488942146302, 0.5435561135411262, 0.41667763516306877, 0.5455069734275134, 0.35003235114861153, 0.5410735112663947, 0.3758717397493976, 0.6660078002139926, 0.47453551770498353, 0.4399065238734087, 0.3921726517085182, 0.4402614898979664, 0.525820775081714, 0.4260918815102842, 0.4130951873321309, 0.303610279224813, 0.5511025047550598, 0.37414961374611, 0.9607193359277315, 0.6523727476596832, 0.6730446913796995, 0.5335402212651639, 0.527488979510963, 0.46418359217544397, 0.3782633923526321, 0.9482115861028433, 0.43468003561012225, 0.5150897165139516, 0.3725709064339084, 0.6208042914668719, 0.3091247714021139, 0.3787179465095202, 0.4098483325106653, 0.44946026138495654, 0.2811771857014929, 0.35279501643445754, 0.7000120853384335, 0.3270619517813126, 0.5643262599284451, 0.39894249364733697, 0.5667488183826208, 0.2451114871635519, 1.1801857754588128, 0.4369956850384673, 0.58917371109128, 0.28544021273778397, 1.0284623218079407, 0.4955953136707346, 0.33342858708448825, 0.7415321501943035, 0.49894884079694746, 0.4571045062194268, 0.2972888212651014, 0.7299712213377159, 0.49419622793793677, 0.3465755436569452, 0.39888314458075913, 0.33309439750244985, 0.4061132048567136, 0.3899635907262564, 0.5395769141614437, 0.5631980641434591, 0.36287698025504744, 0.8613519314676523, 0.443869087828748, 0.34755532156962615, 0.6288435289429294, 0.45292965726306045, 0.26510538975797393, 0.7755681909620762, 0.3587475848885683, 0.4183016022046407, 0.4225231303761785, 0.33481385793891694, 1.149815103660027, 0.463625015713546, 0.427927456340856, 0.38271677680313587, 0.4728426414231459, 0.4901752845872016, 0.41290189193354715, 0.3897603510154618, 0.3423374249200736, 0.4707052471259465, 0.1812352420977102, 0.9781546454255778, 0.40162674508367974, 0.4170387997809384, 0.5507937026520571, 0.5097948874657353, 0.4964065466076136, 0.5687400549650192, 0.47403968709210553, 0.30959013614319364, 0.8172332443119514, 0.5522636597355207, 0.5226924468914413, 0.4576906725764275, 0.4509604602765579, 0.4546626290927331, 0.49903953075408936, 0.42258602312455573, 0.5722065742470717, 0.5268592250843843, 0.4408443515499433, 0.4609482975987097, 0.5428273430803702, 0.45431201104074714, 0.5021819813797871, 0.5329214856028557, 0.49812098120649656, 0.59275078636251, 0.5376618799443047, 0.4587376896960613, 0.3995024961634324, 0.4471056036269053, 0.3850402827456332, 0.3988342413153404, 0.6242550425231457, 0.4784588490269686, 0.46568056071798003, 0.8045566803656328, 0.4561133302919481, 0.4162844336024304, 0.47159873296817145, 0.42376608070400024, 0.5240536503493786, 0.4476267563800017, 0.5746683117590452, 0.45633416956868667, 0.4669242513022925, 0.37617314602380336, 0.41212657690048216, 0.43881418158610663, 0.5224443357437849, 0.3496830445738175, 0.38031280888137464, 0.46890464642395574, 0.6626708167219968, 0.6060292214155197]
2025-11-25 13:10:03 - fedit - INFO - loss data:
2025-11-25 13:10:03 - fedit - INFO - [0.8042384315696027, 0.79369946232973, 0.8393013378812206, 1.0148241942127547, 0.838716055577, 0.8136991814806543, 0.8801464243577077, 0.6476218470896797, 0.8530822166195318, 0.8034371541305022, 0.6989946338610771, 0.5920076776916782, 0.695214613340795, 0.602487535526355, 0.9599004827794575, 0.5542389886557227, 0.7235427980239575, 0.40053024714191754, 1.2358055068896368, 0.6739477166804401, 0.5763256916155417, 0.5626074593243015, 0.4670799645698732, 0.6855844430286776, 0.681240290888653, 0.5531602157279849, 0.6976407054989111, 0.6611510120213978, 0.5139801864727185, 0.7632482821742693, 0.6070544655833925, 0.4877735680590073, 0.6547087468206882, 0.5401070123272282, 0.5271833049725756, 0.4986728376895189, 0.442596850451082, 0.5300377016514539, 0.4005399366064618, 0.5236617606158914, 0.5789453145116568, 0.310198345563064, 0.5322593835492928, 0.5761048493404237, 0.47931492222206934, 0.501215617039374, 0.4264576475051316, 0.4424663269271453, 0.6661327807232738, 0.6280892404417198, 0.4707833089244862, 0.5489650929967562, 0.5882055401624668, 0.6197421289980412, 0.5774922787344882, 0.3744748684888085, 0.37251284532248974, 0.41350604181714135, 0.5792273711413145, 0.4870248967781663, 0.5706450094779333, 0.31788068873186903, 0.6029749712596337, 0.4913206103329475, 0.6633308854781919, 0.5460451051947617, 0.49176725026752266, 0.33480630805715916, 1.3479429160555203, 0.42193966743846734, 0.5597552189396486, 0.39718747329380777, 0.29782965423144175, 0.4796193986386061, 0.5460734959459785, 0.3417854449957952, 0.5029548499090918, 0.3992776493231455, 0.3980397257825424, 0.5270541513131725, 0.3526876356409884, 0.49877781665987436, 0.5523736998438835, 0.580161837892873, 0.39075106641809854, 0.44434598883214804, 0.46389306274553144, 0.5292689026229912, 0.4670389929993285, 0.5802688244730234, 0.3589273741115527, 0.4277037158066576, 0.4230467684212185, 0.40513023218283284, 0.3575292641762644, 0.5410241152607944, 0.45428020553663373, 0.5065286617193903, 0.3295717551062505, 0.41299208145588634, 0.3683095402673058, 0.5050037357335289, 0.3508746804514279, 0.40366512371434105, 0.9268656961619854, 0.6148422521073371, 0.2858510330552235, 0.5226611133255004, 0.3873180219917699, 0.40471554638889545, 0.4583338130679395, 0.48859711219039226, 0.5347388709584873, 0.34755655036618316, 0.9884308601419132, 0.47457459865090174, 0.29996285308152437, 1.4176070636345282, 0.5054450641785349, 0.42054596457343835, 0.493248215006603, 0.4283398205041885, 0.3954651933442801, 0.47788559684219456, 0.48135316537486184, 0.6740488310654957, 0.38760908747402334, 0.2755975502853592, 0.3673725304696923, 0.5053423579895135, 0.41426714094212425, 0.3104949676980957, 1.0303085908293723, 0.4756256978337963, 0.6222330490275034, 0.47533326283097266, 0.4101617031597665, 0.4246502425521612, 0.5697277217275567, 0.4751348738473925, 0.43972894074395297, 0.38484133979571716, 0.3430920409772432, 0.55554207901542, 0.36057687823971113, 0.36550689737002057, 0.5659658603015401, 0.49577669566497207, 0.4699294349799554, 0.38664992364316153, 0.5505809777833779, 0.4740791152948621, 0.44376109276499065, 0.3032371319209536, 0.5095027192185323, 0.664365139324218, 0.5805070465430617, 0.40383331663906574, 0.5554207653710337, 0.5628648927260158, 0.4387758103595383, 0.4955190427265369, 0.6756144162888329, 0.45785774042208993, 0.48780096830829744, 0.5104370339749715, 0.3993632830989857, 0.4597819278992358, 0.4366342780559227, 0.5208255249592993, 0.5193718327209353, 0.5083288581420978, 0.5197646179132991, 0.44688416948719395, 0.42908101454377173, 0.5266319986078001, 0.5991474675635496, 0.48671621109048524, 0.5922126896856796, 0.39462298315131306, 0.559063690448446, 0.6010372251272201, 0.5197548402868437, 0.6497790986672044, 0.4752029581616322, 0.48533152942028307, 0.7417907839020093, 0.6210960736941724, 0.5928755042077315, 0.5340410604922459, 0.4963795390157473, 0.6367397333184879, 0.5178632550976343, 0.5081544505804777, 0.4847226630739325, 0.512503741979599, 0.5005254191124723, 0.4941228186918629, 0.50640669465065, 0.511506970661382]
2025-11-25 16:00:01 - fedit - INFO - loss data:
2025-11-25 16:00:01 - fedit - INFO - [0.9161079171158019, 1.0957187309861183, 0.8928737224804031, 0.7536816391206923, 0.8632172321279843, 0.5402830068199408, 0.9052538027986884, 1.2736139446496964, 0.9196580015402988, 0.9354712271264621, 0.8399157299349705, 0.5719492109492421, 0.705376968284448, 1.6759479250758886, 0.6549690340956051, 0.9566472413284437, 0.634243991590084, 0.49644093469140077, 0.7901162302919796, 0.6534068227878639, 1.1903628533085189, 0.6088259275783511, 0.6312267258763313, 0.7097557742680822, 0.9252304327592515, 0.6552065732578436, 0.8220451732299158, 1.1610016136577255, 0.623281660262777, 0.596616135821456, 0.6636290020619829, 0.29881618253975395, 0.5858245490691982, 0.44946517863621316, 0.7638578354022824, 0.5140818650169032, 0.522735798276133, 0.5702203817665576, 0.5439062863588333, 0.5410264895430633, 0.6373004611758959, 0.7276102444704842, 0.49214942241087556, 0.5914636461862496, 0.7138501000280182, 0.45997949344547173, 0.5354376429071028, 0.46615803623128504, 0.8953033745111454, 0.5752621508159098, 0.3803927316019933, 0.516287604014517, 0.6519380634029706, 0.43714984654820055, 0.6541600187237446, 0.3237387124216184, 0.6039887664246035, 0.43110189319898684, 0.41606207098811865, 0.3748477126161257, 0.33345886150046306, 0.41881236746641143, 0.602805185235209, 0.5184590932395723, 0.37954176324419675, 0.9015632244447866, 0.5656817020514072, 0.5461529332523545, 0.3708818335456249, 1.1997787657947767, 0.46281758246895593, 0.4315282089014848, 0.41137494538755465, 0.6565799444086022, 0.3552286946525176, 0.4786160923540592, 0.39333355474389264, 0.756344582708109, 0.4362175343558192, 0.5969353352983793, 0.5260171336377715, 0.4524297803640366, 0.42163452462603646, 0.7006107016510907, 0.5319882281234158, 0.46192823238670827, 0.6657625818004211, 0.40029294536563387, 0.4236549727618694, 0.9039860049055682, 0.53765014729773, 0.3860368538233969, 0.35306548859391895, 0.8045894538362821, 0.48902505884567893, 0.4237760953166906, 0.4737695860219937, 0.4499474872831569, 0.8000094898355504, 0.4746693928688492, 0.45274883065195315, 0.44640406366023755, 0.32881002589350655, 0.7255236666219739, 0.5107728727161884, 0.7536156078179678, 0.6483741924166679, 0.5969373520463706, 0.8613199394728456, 0.7634374760091305, 0.7636966154371437, 0.43659474789386704, 0.3562095077708364, 0.4276930415532091, 0.5238793461790515, 0.2857660923463603, 0.8193602639322097, 0.4302612491572897, 0.6943246722221375, 0.4186232656909105, 0.41350748900856293, 0.4403831181116402, 0.3786270757197958, 0.5072278452416261, 0.6217899605631828, 0.5601361876442319, 0.31734224036335945, 0.45775971599375676, 0.2794250777789525, 0.9002763468772172, 0.33521415535360577, 1.1074991207709886, 0.5102014344107981, 0.41638874844647944, 0.5489039785073448, 0.3379454957321286, 0.3128405074851635, 0.6176302755872408, 1.1983712067206702, 0.5747907197102904, 0.370686851721257, 0.32980517564597084, 0.530434020536772, 0.5125502766493488, 0.4246280779140991, 0.5492391802370549, 0.3335487677405278, 0.7015915169484086, 0.50218685278669, 0.39269649711814486, 0.5220714826136827, 0.5439196077012827, 0.4501213365162794, 0.3712413623929024, 0.5126266903643097, 0.8234656164422631, 0.43443972120682395, 0.6754421380658944, 0.5417136737988109, 0.4912181879083316, 0.49333013353102345, 0.47239814723531404, 0.570395647486051, 0.4152682221184174, 1.0541505195984715, 0.5782933568788899, 0.47240455696980155, 0.490572398652633, 0.5905366686483224, 0.5433956588662806, 0.8188395918036501, 0.9126789246996243, 0.4078332651033064, 0.3137070802024059, 0.8806015015524976, 0.6408542548971516, 0.7487714268740207, 0.4770280375248856, 0.47013696868504795, 0.468014771633205, 0.4801807038486004, 0.5290463329958064, 0.4949646602139661, 0.43172318206893073, 0.6659665924186507, 0.8601663460334142, 0.5960850222752645, 0.8388101011514664, 0.6610711699022966, 0.7124909694518959, 0.5203163894383531, 0.711845530072848, 0.6385603855053583, 0.6506290204823018, 0.4999553184760244, 0.5263345756878456, 0.6155083527167637, 0.534623330583175, 0.45022077464631627, 0.6829502587517102]
2025-12-17 22:28:12 - fedit - INFO - loss data:
2025-12-17 22:28:12 - fedit - INFO - [1.0281608727243212, 1.0663558561354876, 0.4694556904311937, 1.284205449000001, 0.828359460644424, 1.0670601333181065, 0.711679323965853, 1.124423513064782, 0.6800439209105889, 0.6391673916455917, 0.7017073648671309, 1.2190358319009345, 0.5002297642330329, 0.5031971546510856, 0.5541021571805079, 0.4249413004413677, 0.5177284659535596, 1.0073850811035796, 0.47802005286018057, 0.7841156707766155, 0.6839175906653205, 0.5043530919560881, 0.43842550497502086, 0.5379154921819767, 0.38746809614822264, 0.5504129360597103, 0.4805617159853379, 0.32777683091695076, 0.5257816251529299, 0.35473649901587445, 0.44777148173501097, 0.5276734311133623, 0.42996670547872784, 0.535485771857202, 0.42762178635563364, 0.3356884607567619, 0.47036254219710827, 0.4574247830587885, 0.3649700424944361, 0.6844112312280093, 0.501026454443733, 0.46929888042310874, 0.4164808811619878, 0.4223507030142678, 0.3490651997737586, 0.37575887356263893, 0.4405218986173471, 0.4494705653816894, 0.4870991377780835, 0.32572248829463557, 0.31257316920116707, 0.42213075656605803, 0.4819798208773136, 0.32966661170745887, 0.2853722614080956, 0.2685620679393072, 0.40004409893105425, 0.36554482517143094, 0.42886741462474065, 0.6309762805700302, 0.4605578534305096, 0.4275928230956197, 0.37086102900405726, 0.287545021228972, 0.29651683993542044, 0.36490534388770657, 0.3413197578862309, 0.435701072856671, 0.29431810651889956, 0.3411315630810956, 0.30879244004997114, 0.3117515712733502, 0.3813419693015572, 0.3766931060080727, 0.31956229037724626, 0.27234524928499015, 0.44029746850331625, 0.3124910531565547, 0.5011260301650813, 0.46335403621196747, 0.5473031825075547, 0.4442037735134363, 0.44055162654730723, 0.38582846721013386, 0.29901082851839333, 0.4257758248907825, 0.30131385593364635, 0.3906926068618442, 0.33447156596618394, 0.5070955122924513, 0.2313706435762562, 0.30603174873006844, 0.30297242564877547, 0.40507461968809366, 0.2577531636394829, 0.2518262716518207, 0.41877643399956554, 0.3626720114526424, 0.4339493182487786, 0.32433161110701886, 0.3982131208758801, 0.21749859119793682, 0.6233539079626401, 0.39136455884824195, 0.4382823533895943, 0.2344153518594491, 0.7063487232055353, 0.39646048558255037, 0.2657885675939421, 0.3622182367912804, 0.3590423356431226, 0.3221049767142783, 0.2842242017491824, 0.5292158357178172, 0.4327460231259465, 0.2876028874423355, 0.36233728017770883, 0.22957208878723864, 0.3687365405261517, 0.28689004549135766, 0.36050232629188234, 0.44115736513682036, 0.32764214314520357, 0.6734852492385968, 0.33860221101591986, 0.2617615967308386, 0.40850661487008133, 0.4927761807389881, 0.1989004402809466, 0.6649953560282786, 0.19314653097148787, 0.34581288352163264, 0.336871311121071, 0.250781909811, 0.5549719258296218, 0.16810787393821952, 0.40122882214685285, 0.2998863045612107, 0.4348963634844757, 0.41536807554463545, 0.3363814765587449, 0.24591337324571655, 0.2916636275748412, 0.33652337819624406, 0.11228554078955383, 0.9672815799299214, 0.2875082147533469, 0.3105743469670415, 0.414750744906278, 0.39267603171368437, 0.36408611121587453, 0.5811074543744326, 0.4063254676458209, 0.2370357822256688, 0.5504710947473843, 0.5231023095548153, 0.3229225663587642, 0.40190909591813884, 0.35750654257642916, 0.2949340003487385, 0.3429768386889588, 0.3840056555750577, 0.42887634293486676, 0.4714179711002443, 0.36593848064240786, 0.3303596279365152, 0.5143324219041329, 0.40938735244174795, 0.4892671640962362, 0.4378754742104899, 0.3860697626446684, 0.3971721264223258, 0.3737045612087417, 0.3124809295321122, 0.2799464329957771, 0.34353929282858586, 0.26562564135952427, 0.28863577247859956, 0.6253924043849111, 0.40356864202767606, 0.49492907486855986, 0.5786919003626058, 0.4295821528881788, 0.41996329128742216, 0.41161534090836843, 0.3055433903284597, 0.40360049712989066, 0.3547781269658696, 0.5275858040278156, 0.38012083557744825, 0.3521200785413384, 0.25076244172568507, 0.28675363324582576, 0.34613261555011077, 0.47843875621135035, 0.2456586074175222, 0.37923742147783435, 0.3966196936865648, 0.611002701583008, 0.4845978261695968]
2025-12-17 23:50:13 - fedit - INFO - loss data:
2025-12-17 23:50:13 - fedit - INFO - [0.8072330525765816, 0.6871288877228896, 0.8481049473086992, 0.8938688548741403, 0.7700840224822362, 0.7120119189222653, 0.6678940050800641, 0.5340923819690943, 0.6291258823540475, 0.5615546229888093, 0.5467257676883177, 0.4501947409783801, 0.4604092520584042, 0.4777564114175629, 0.6761823016736243, 0.38931448335448904, 0.565491194476684, 0.319305571851631, 0.6142665354410808, 0.5549584999680519, 0.4756101277373407, 0.4532316605250041, 0.34625449124723673, 0.4744661895050244, 0.551513580357035, 0.4218179041963248, 0.5415753044739917, 0.548627605372005, 0.3998938277177513, 0.5705786915553838, 0.47377321403473616, 0.3618783076924289, 0.4739763120056263, 0.4081260829060166, 0.44540909346606994, 0.4136428611818701, 0.364016602612168, 0.41861142584433153, 0.3517332614709934, 0.4520485489318768, 0.485187616199255, 0.2715558680395285, 0.33609906459578137, 0.5174120523035526, 0.3925081677044983, 0.4192992304900178, 0.3338919514282183, 0.35271258942250694, 0.46950277127325535, 0.45057332867549527, 0.37004178083417094, 0.49978202618094103, 0.45057041857702035, 0.3976803446033349, 0.47991656445622166, 0.32913201680892834, 0.24760618139787213, 0.3295134091270015, 0.34698634018952196, 0.4193259065172502, 0.4577635850080035, 0.26093705209592977, 0.45227667947271555, 0.3553931806575168, 0.5612740085460246, 0.4664496239412714, 0.39481417144890185, 0.3010737657546997, 0.7854727289470083, 0.35278906097325186, 0.3983147924276765, 0.3279663656113876, 0.24728229771735089, 0.41637986386194825, 0.4337040042380492, 0.3151152164621306, 0.3930646077927315, 0.29663646603567584, 0.33129622153937816, 0.38006923120054936, 0.27702303505165204, 0.4173378063986699, 0.4806010361191713, 0.4998827586709349, 0.28354306146352526, 0.31147564884137224, 0.3991277192891748, 0.4460170122691327, 0.39528839269446003, 0.41315630064087194, 0.3262606048335632, 0.3508830489195658, 0.34369935453728295, 0.2992182047698985, 0.2772118255185584, 0.5088209193820755, 0.37557383682578804, 0.38415250051766636, 0.3042282234337451, 0.33591537033207713, 0.2994073502719402, 0.41902307442740183, 0.26262504326490066, 0.30498286574665046, 0.8282788539039236, 0.41442568410808844, 0.2079656752123349, 0.4286021803195278, 0.2862750078607915, 0.3043925198291739, 0.36990555661420027, 0.3626235591166693, 0.4285991141487929, 0.2834611097505937, 0.5949503113092347, 0.39379838307698567, 0.22674353811889886, 1.1478528699527184, 0.4219250415072397, 0.327926468004783, 0.3519490134302113, 0.34593838422248757, 0.3002548089250922, 0.3919532633541773, 0.36395664513111115, 0.5257164707238025, 0.29269535224884746, 0.22530985490041044, 0.2679968428872256, 0.3590965012671671, 0.2759514964096572, 0.23521945549796025, 0.8513790000230074, 0.36217687719812, 0.38426332437881716, 0.396796311979944, 0.2874087376968452, 0.3689818227586026, 0.42534548590580623, 0.3407101241808215, 0.3180483179166913, 0.33950696857646107, 0.2626006289949697, 0.313061735115268, 0.2965858583235078, 0.23875909967006043, 0.4820947950085004, 0.311128080653196, 0.38832093961536884, 0.3739553656429052, 0.3690080463886261, 0.3297083987026579, 0.34438839465103765, 0.30677426798890034, 0.4103907931596041, 0.3712864498918255, 0.4350422728280334, 0.38637342827084165, 0.4188685055822134, 0.356908703421553, 0.43796180511514343, 0.3647662334764997, 0.33222142015516326, 0.2761410130187869, 0.49007306192760114, 0.30227657182709033, 0.4108865191539129, 0.374103550946572, 0.3898133140678207, 0.4289515788977345, 0.42667545238509774, 0.3998207746242935, 0.39773949013195103, 0.34604120062733135, 0.35072224813823893, 0.43456443661940847, 0.4954030543151829, 0.35256566634482667, 0.47179161157045096, 0.37687447811053554, 0.41778918387609776, 0.47587116800925944, 0.3855803301840117, 0.4716299432019393, 0.47790032774209973, 0.4129949867311451, 0.43230678403507106, 0.38155409797378204, 0.4641635140799212, 0.44898012928438913, 0.3868471287843154, 0.4230409860610962, 0.43902558291641375, 0.4939886420965195, 0.3935486528194613, 0.4627729350700974, 0.3883542416260342, 0.4620260142203834, 0.5539471886253783, 0.48477466826637583]
2025-12-18 01:01:28 - fedit - INFO - loss data:
2025-12-18 01:01:28 - fedit - INFO - [0.911537661155065, 0.8254109942664702, 0.9066721847516366, 0.6066263084058409, 0.8502721539049438, 0.51743020452559, 0.7141391494621834, 0.6982583273202181, 0.8026309876678845, 0.7995969206094742, 0.7122916582136832, 0.4376687731516237, 0.5115121799210707, 0.8966932995244861, 0.4701773554397126, 0.6935672389826288, 0.4727637139459451, 0.34332467699768365, 0.5026795313699552, 0.3487491793240662, 0.5046522687965382, 0.4580888886004687, 0.41008080646861345, 0.5444005437195301, 0.5944035912553469, 0.48213211521506305, 0.5596977949763338, 0.5468306450173259, 0.5063500374746628, 0.4799163127938907, 0.4245529560605064, 0.19511913008410137, 0.4030449675396085, 0.39599812055627504, 0.49375757086556404, 0.3994850851930096, 0.44621976154545945, 0.40513879953195797, 0.2799436843100314, 0.5113139504911723, 0.36271652010165983, 0.47688458909591036, 0.4064550689654425, 0.42535970219307473, 0.4214437011862174, 0.4011372301727534, 0.3773860596914098, 0.39985520608397046, 0.4508788316269164, 0.2593736573083637, 0.3264171077869833, 0.4315529713407159, 0.499062401180466, 0.4094962903274557, 0.5324147637188434, 0.22242619908647612, 0.4859397302911832, 0.31223785001784565, 0.28473457413880776, 0.22768560295226054, 0.27602838043821976, 0.31299198835536285, 0.5063982079426448, 0.3970347536106904, 0.3171878406777978, 0.6069429314113222, 0.3360096425935626, 0.44550450624277194, 0.27284521362744274, 0.6206442680131723, 0.37062625828114426, 0.400628661022832, 0.24922167680924756, 0.43734747299749865, 0.3474780607968569, 0.38914348862387915, 0.3170414073082308, 0.48130383566021917, 0.2920727712335065, 0.5978375046203535, 0.4054460540662209, 0.41393878118445476, 0.24635458441334776, 0.4364574124320195, 0.3934510798426345, 0.4066460517545541, 0.40691490679358444, 0.3758116127923131, 0.3836465305676966, 0.6037431988865137, 0.3217735152458772, 0.3086037948106726, 0.28523202711700374, 0.6111565985042473, 0.36552554663609377, 0.33536888354768357, 0.34587771389633415, 0.3666992289324601, 0.42506412267684934, 0.37901464859644574, 0.3628411671941305, 0.34460566917039226, 0.27759183635935186, 0.3859276994084939, 0.46426295234511294, 0.4366628443179973, 0.4913745450138143, 0.45204571383073927, 0.6445306474653383, 0.6155499385048946, 0.5648502839108308, 0.27677300530572047, 0.30313053554587666, 0.3216100269441421, 0.3928227669248978, 0.17449281752730408, 0.5959702468290925, 0.2819407474366017, 0.5053697998832481, 0.3051800567905108, 0.3227974130853576, 0.33064869636754424, 0.28605643374224504, 0.4315141617320478, 0.4950102844585975, 0.41233676348949644, 0.28806618868062894, 0.3064035515859723, 0.20631333485466596, 0.47645593122418584, 0.26067019650486833, 0.8380803010259301, 0.41940644805630045, 0.3096756549940134, 0.36763207844924184, 0.23767275223508477, 0.23830971848219634, 0.44718506261706353, 0.8512698836624623, 0.34665036729226506, 0.331254981054614, 0.26380819745827466, 0.4540359547982613, 0.3889521894355615, 0.32017404082016304, 0.439906439895945, 0.28488950330626084, 0.6066667790214221, 0.4037355674430728, 0.3164555007475428, 0.32094293783108396, 0.42814764225712193, 0.34589722524086636, 0.32220299475910985, 0.33917562553706837, 0.5729734758536021, 0.45482757811745006, 0.5135332701727748, 0.46714159532415644, 0.45337307489123835, 0.285295374194781, 0.5249968339999517, 0.36883350759744643, 0.3831561579227899, 0.7833769025281072, 0.40560100687046846, 0.3872650474707674, 0.4860235348908287, 0.45994785403211913, 0.4298081005069738, 0.5870941669134231, 0.5266940709203481, 0.398993369191885, 0.2814507447804014, 0.5844823107123376, 0.4623125744500646, 0.47894733193571926, 0.3711658996694799, 0.37219152577603476, 0.41669995875503774, 0.43190785429129996, 0.4252435634671538, 0.4337688150505225, 0.35945778824388985, 0.5255728262166182, 0.557697919011116, 0.4127638606727123, 0.476094214245677, 0.4318159051239491, 0.4651193622499704, 0.37637921087443826, 0.4745627785551137, 0.4733714514722427, 0.5060013061332883, 0.4058844326684872, 0.44380813240148553, 0.4244266703724861, 0.47982301050797105, 0.42068023757101636, 0.47823012148340543]
2025-12-19 17:31:13 - fedit - INFO - loss data:
2025-12-19 17:31:13 - fedit - INFO - [1.0328988917999797, 1.029291719198227, 0.4717125380035633, 1.47547931385537, 0.8959861313303312, 1.0612395773331325, 0.7348212799452472, 1.1320185265193383, 0.7687104032667362, 0.711244681103218, 0.8559563364833593, 1.6923964257041613, 0.6145452830827598, 0.6814959280192852, 0.6307931865255039, 0.5284863516437606, 0.6868905402042649, 1.192638609219681, 0.5825077887624502, 0.9540268751482168, 0.7877938040842613, 0.6139336707465577, 0.5079546076556047, 0.6138848995169004, 0.46584196127951144, 0.6067309579788109, 0.546288026869297, 0.3997498732450959, 0.5891581291899732, 0.4096499062135125, 0.5150110658568641, 0.6047239746898413, 0.4700605988502503, 0.599963907028238, 0.49415971812876786, 0.40356837820548275, 0.5667429957538843, 0.49752106236806815, 0.37514924589130616, 0.7887251898533467, 0.5353972339381774, 0.5439582716259692, 0.4297355108894408, 0.4781623990999328, 0.39562272174904745, 0.39954184577800333, 0.4954641219228506, 0.5024528628998044, 0.5325156512359779, 0.4005437088036141, 0.3565840537902778, 0.443877656782127, 0.5095431067670385, 0.3617425551948448, 0.3145066464319825, 0.29701058243711786, 0.5237602222633237, 0.40854029860347507, 0.4355524422135204, 0.70603933557868, 0.518743846192956, 0.4621252470649779, 0.43108404559704167, 0.4528142320937618, 0.3172272604436447, 0.4211944108828902, 0.3761100424453616, 0.4688553843308579, 0.3923612091986632, 0.4088588101168473, 0.31259296673039594, 0.3710108567272191, 0.48626434150318887, 0.4226369321967165, 0.36874810760028853, 0.2549806995084509, 0.5261429705967506, 0.3634392093556623, 0.5804135577830797, 0.6034023817628622, 0.5808953054249286, 0.5346063115944465, 0.49513636329143806, 0.4152711432116727, 0.32953910783046125, 0.5181587673102817, 0.3405006878698865, 0.44563250374613383, 0.3826055368408561, 0.5406846031132672, 0.28270572051135956, 0.38508018233502905, 0.3492816227225539, 0.39908961426805367, 0.29322533555058705, 0.33685293135543665, 0.48952869698405266, 0.3654216631230983, 0.5241384588181972, 0.3749873861896269, 0.45596988778561354, 0.2371786167337136, 0.7644412381367551, 0.4587795600295067, 0.4962531253695488, 0.28144692336597166, 0.7541292914310875, 0.4847601839651664, 0.31695925183594226, 0.4482377143779722, 0.4247509322439631, 0.36534100728264696, 0.3054086588064416, 0.5802924164881309, 0.4172262379899621, 0.3453502630194028, 0.41884366121763983, 0.25786366156435725, 0.4129617338689665, 0.3394013173257311, 0.4463849465569688, 0.5077645908636244, 0.3789668919829031, 0.7428916639182717, 0.4075416700914502, 0.298595721152826, 0.49978293192883333, 0.5063728636697582, 0.25913317513962586, 0.737853791192174, 0.25043088195754304, 0.4246189479118861, 0.4075802960170385, 0.30588461031121283, 0.6370114926248789, 0.20951240270082144, 0.4599081476529439, 0.35403104802674573, 0.5272336370227011, 0.48946935373047984, 0.4046601815149188, 0.32270890230482274, 0.3558792792881529, 0.387137315952434, 0.14754480843727763, 1.1216774920622508, 0.3785391752523455, 0.39781824660797915, 0.47475685788175237, 0.45385915643225117, 0.45013199364766476, 0.6018612449988723, 0.456060720438307, 0.29055383737461693, 0.6027594812214374, 0.5703044269314926, 0.4045049041605149, 0.41690434157434436, 0.413892085558902, 0.384656478117106, 0.4357333222234791, 0.44868097150887265, 0.5286938444090387, 0.5597904740936226, 0.39758522770922594, 0.39768850095852304, 0.60828483371415, 0.5004329024503629, 0.5517397714157899, 0.4735089144246145, 0.4700131447985768, 0.46698657957216105, 0.48511361962353644, 0.374335556381788, 0.350753867561714, 0.4248784334088365, 0.3176178619265556, 0.3617047699896666, 0.740737659484148, 0.4711184017981092, 0.5476737209285298, 0.5372619250711133, 0.5125576235353947, 0.4983890062818924, 0.4742170915421512, 0.38576289259574625, 0.48907597491310706, 0.40615942624933793, 0.5692735192055504, 0.5004326820373535, 0.4033510363350312, 0.3058315445836156, 0.36930394595996896, 0.3866233084350824, 0.5448882476737102, 0.3038263782350854, 0.4212346574912469, 0.4730594787746668, 0.6641671564429998, 0.5913652188868986]
2025-12-19 18:48:18 - fedit - INFO - loss data:
2025-12-19 18:48:18 - fedit - INFO - [0.8172865338623525, 0.7173722796638806, 0.8614533501366775, 0.8819535335937103, 0.7854409276197354, 0.7961177175243696, 0.8173417729139327, 0.6461516818652551, 0.7714395985835127, 0.7146820572515329, 0.6644660261815245, 0.546031487112244, 0.6064257958903909, 0.572084216206618, 0.8120811704132291, 0.4672274934955769, 0.706348960697651, 0.3761012644817432, 0.755286820034186, 0.6701917396124565, 0.5728472666841918, 0.5297371659013961, 0.3822233977831072, 0.5946435825729912, 0.6453692102183899, 0.5071878125270208, 0.6137242201301787, 0.6256410389310785, 0.4488722502812743, 0.6279575922150419, 0.5171539280218659, 0.41765820878262844, 0.5557757852199887, 0.49365952075631525, 0.5124863052533732, 0.4491018312672774, 0.43566860425347487, 0.48266983665525914, 0.40225939874847727, 0.5134680324544509, 0.5663585648327679, 0.3130228272639215, 0.40436014247707264, 0.5495189994573593, 0.4552298013672784, 0.4840431217794065, 0.36356051691215147, 0.394268115042221, 0.523438638668846, 0.5037018469638295, 0.4397712223006017, 0.5418507088765954, 0.5095086450998982, 0.4862104786249498, 0.533976396597508, 0.36659692338181904, 0.3072981166666833, 0.3486544513736259, 0.39480709047480067, 0.4692292408352452, 0.523669827522503, 0.31669830263902743, 0.5186222965857297, 0.41606566154144026, 0.6220781202893704, 0.5313588110661065, 0.46088441475122066, 0.3426466717695197, 0.8793922240676528, 0.4033030852054556, 0.48857641743138586, 0.38019192922446465, 0.28387693648198337, 0.48403306615849334, 0.5105847428739071, 0.3473013288786878, 0.46800829646262254, 0.36636685381333034, 0.35043992660939693, 0.44315896180295755, 0.33619789157494684, 0.4331561796367168, 0.5428888229653239, 0.5556444582011965, 0.3558110730743542, 0.37884115311834543, 0.44602775667552597, 0.522406849761804, 0.43342836258105105, 0.48881180972481764, 0.36563101888944705, 0.4084504562571193, 0.39058000198142095, 0.3642429056865248, 0.328707698918879, 0.568848026295503, 0.39477471854271634, 0.45161137771275306, 0.35480232981668003, 0.38501956866433223, 0.3688603171250886, 0.4989612426657182, 0.3158213706066211, 0.35186060451798973, 0.9432553782526936, 0.46120000390025473, 0.26101933019640655, 0.4862413777659337, 0.32651449956112744, 0.37219172636667885, 0.4078320919432574, 0.441593212261796, 0.4945347922303798, 0.3177443032463392, 0.7274509331380778, 0.463861652687192, 0.2817981232578556, 1.2566705691317717, 0.48904308101369276, 0.3951434546957413, 0.43021858755085207, 0.40476331431418655, 0.37321315668523314, 0.4616130908951163, 0.4042493005593618, 0.5805585455971879, 0.3465219702157709, 0.27046761740053044, 0.3554832251094605, 0.4243320351598239, 0.34711471276438755, 0.2880526964366436, 0.9861817594617606, 0.4291103777630876, 0.44454191011135225, 0.4827457697666956, 0.3625713123491517, 0.4252471347649892, 0.5000013201600976, 0.4128498961852694, 0.39001777606705823, 0.39747011605650184, 0.30297320829986624, 0.40770390396768397, 0.32679738572074307, 0.3321774613094215, 0.5584461688995361, 0.40944506374478573, 0.4661372436210513, 0.41097582305471103, 0.4673556921382745, 0.3946792357911666, 0.4185008084194528, 0.33504912623514727, 0.46139852081735927, 0.49595057641466456, 0.48743748421902244, 0.42747322930954396, 0.5095669642542348, 0.4371541424592336, 0.5124457557996114, 0.4307005661725998, 0.4245808407367355, 0.36076621599495406, 0.56619182208346, 0.391603709384799, 0.4875812724232673, 0.46249926065154345, 0.45553547441959386, 0.502862240622441, 0.49000781771416463, 0.48383971803228965, 0.4797738384351962, 0.40851106794068104, 0.40630978395541506, 0.4990145148238506, 0.5496173858642579, 0.4306523772523455, 0.5215088954126393, 0.42945332856792395, 0.4895142677878202, 0.5497043853456324, 0.4588531924580986, 0.5554889441778262, 0.5154991709937652, 0.4790478752719032, 0.5224865251261255, 0.4801575256646543, 0.5233818881138407, 0.5094983262094585, 0.48025353367029616, 0.4871221362716622, 0.4995430420928945, 0.5593479433407387, 0.47914500977430075, 0.5360073798025647, 0.4591508216004153, 0.5044637081109815, 0.5950441116999303, 0.5409916691482067]
2025-12-19 20:01:55 - fedit - INFO - loss data:
2025-12-19 20:01:55 - fedit - INFO - [0.9121795798341433, 0.8589998799065749, 0.8951258083527116, 0.6119340914267081, 0.8569776061809424, 0.5313980699827273, 0.7587137585505843, 0.8537968661015233, 0.8204520338047774, 0.8561215873521109, 0.7603984939833653, 0.43439094902326664, 0.6485254316280286, 1.1946510928682983, 0.5453211934616168, 0.8703800717575683, 0.570054251341908, 0.40937831266610714, 0.6529223098634527, 0.44320328825118915, 0.605738224228844, 0.5275840122252703, 0.5815931409597397, 0.5860826391726732, 0.6668612320441752, 0.5510378206769626, 0.6506572235996524, 0.6879699415216843, 0.5577035181224346, 0.548443237443765, 0.5306886285233001, 0.2386670099157426, 0.4490277068316937, 0.4498695264259974, 0.5840897961892187, 0.46492081473891933, 0.4808546767259637, 0.47700084706811213, 0.37983370455913246, 0.5357789066171756, 0.4455932845551245, 0.5459269660214583, 0.47862354572862387, 0.46804968260780533, 0.47349184365787855, 0.4532098951439063, 0.4396145441463556, 0.4238429203416262, 0.46191363564382, 0.34948031151994924, 0.35743848122656346, 0.5107238834723831, 0.5337585046887398, 0.4110033095551607, 0.5597961479425431, 0.24753810541393856, 0.5468533059152273, 0.358869084281226, 0.3207108088924239, 0.323369297934308, 0.29834324965874354, 0.3651765666522637, 0.5623303018510342, 0.49223762527108195, 0.3598505117620031, 0.6310163597886761, 0.41145348030336515, 0.4886978782713413, 0.2900082492494645, 0.719906482689239, 0.4085986197401177, 0.4030911181781751, 0.2994984318347027, 0.5231684986172088, 0.3865409426391125, 0.4241616739207631, 0.35754569359123706, 0.5076481917729745, 0.3547814843671707, 0.6270397788534562, 0.43765133308867615, 0.4043625582902072, 0.3652338957414031, 0.4918197714150525, 0.4417333745630458, 0.43494326025247576, 0.43035035397236543, 0.42202085759490726, 0.42433701263684215, 0.67307007436951, 0.42296404562269646, 0.34712364077568053, 0.331884221930025, 0.64261255400448, 0.40284068476070056, 0.40620295740664003, 0.42610397388537724, 0.4139891279240449, 0.45062981291363635, 0.4671324637283881, 0.4218509669278885, 0.4094714426520196, 0.315604165762111, 0.5040779195446521, 0.5542847209920486, 0.5505523165238315, 0.5665933160957966, 0.45770347348103924, 0.7006768138613552, 0.6814922004317244, 0.6594200445959966, 0.4284101085116466, 0.34770444746332607, 0.3856564151667632, 0.4525512975951036, 0.20118590372925005, 0.6997042317688466, 0.3048874292852512, 0.5822921647027565, 0.38558836350838344, 0.36607394628325574, 0.3972703452349048, 0.34200964431381886, 0.47158155515789985, 0.5381508071596424, 0.4610305950827115, 0.32900549477587143, 0.37808826796710493, 0.26230570763015215, 0.5504628981249513, 0.3113979222252965, 0.9870865790030131, 0.5199685928722223, 0.36620951038785277, 0.4188256848293046, 0.2581406551878899, 0.2700789274275303, 0.549395500529896, 0.855456142872572, 0.42237740239749355, 0.3719841429342826, 0.30031910272082313, 0.5230716352661451, 0.4125661677370469, 0.3884660212867535, 0.5182304566362124, 0.32920602106109814, 0.6173176455001036, 0.44037902837153525, 0.3544433727938061, 0.38215511962771415, 0.4947491535487083, 0.4253271312018235, 0.3776990880851041, 0.4072640290149511, 0.6386440551529328, 0.5193490393459796, 0.543981043373545, 0.4992638206523326, 0.494186977575394, 0.3424545563136538, 0.55244165584445, 0.41461378696064155, 0.41901034789555003, 0.8257205804189046, 0.4978075516720613, 0.4838931141518212, 0.5003380889468121, 0.5395135370393593, 0.603922892610232, 0.7004970720530241, 0.6310123912990093, 0.46110974624753, 0.3272973641132315, 0.6915072411298752, 0.5291071244411998, 0.5432198790764367, 0.5371716293195883, 0.4412097058808192, 0.45267700523329085, 0.4802609215180079, 0.43989148846379034, 0.502629218250513, 0.4252299290150404, 0.6007060430943966, 0.6888258397579193, 0.501383766843514, 0.6559666444857915, 0.5261135898530483, 0.5676588396231333, 0.45823057989279425, 0.6023054881599443, 0.543885812908411, 0.5547344004566019, 0.46822647750377655, 0.5137474808585027, 0.4898396447300911, 0.515190059474359, 0.4601231743223392, 0.574654180308183]
