2025-11-05 17:10:30 - fedit - INFO - loss data:
2025-11-05 17:10:30 - fedit - INFO - [0.6905579866694385, 0.5894919597239803, 0.86790989025643, 1.4318897180697499, 0.5118954741657434, 1.5079031782224774, 0.8653842904850056, 0.6957353207323214, 0.7281489693559706, 1.0426965334912395, 0.8142946926256021, 0.9613610775106483, 0.7751470236728588, 0.6829844884770482, 1.0727267269045115, 0.5619008098056333, 0.5228790314868093, 0.6724201343935349, 0.5012153656635847, 0.6477269614115357, 1.0671408716589212, 0.5416156077298565, 0.8900439850986004, 0.6903702481960257, 0.6988063512698692, 0.607104796477977, 0.505398266747886, 0.5733021547396977, 0.5972904171794653, 0.28509658980918556, 0.2832868086109455, 1.0662707226971784, 0.41631184714405156, 0.45391468064565405, 0.3270061176576241, 0.49178705736994743, 0.6566336322983262, 1.0863238054017226, 0.5434333828588327, 0.5014138696094355, 0.43404353389309513, 0.7011732585041931, 0.47211249095990376, 0.4800826287583301, 0.36893072575657515, 0.4975397117528199, 0.6421122429892421, 0.32771523536635283, 0.5508151998122532, 0.2705426180942191, 0.7279910725851854, 0.3674491489099132, 0.31783244666320826, 0.3430863924103936, 0.6193131188813009, 0.632855519031485, 0.44977453351020813, 0.3857238330251349, 0.4648138815537095, 0.36012751400909004, 0.3080816640765132, 0.5421060669339366, 0.49044853995335014, 0.4594157822430134, 0.31254487159451466, 0.36356086897042894, 0.33433473051991314, 0.6990966155659407, 0.6848451558810968, 0.5968136734822217, 0.3128208625559254, 0.449004462138741, 0.2725053664787035, 0.1733215387676561, 0.5867229768902891, 0.28074638987891376, 0.28268166270266337, 0.284669264730231, 0.2535131157132532, 1.094727758007745, 0.9409675358192009, 0.20138104827815873, 0.689954066183418, 0.2605348447384632, 0.6384459951353308, 0.771253234644731, 0.17846223072653328, 0.4660585466772318, 0.37552891684805645, 0.28142285127633887, 0.6073916279984748, 0.38690799424269545, 0.39909125464584894, 0.20264863708105527, 0.16456529607603443, 0.2903342302888632, 0.14938774268694033, 0.33119244392340386, 0.558220237493515, 0.3239828227398296, 0.62179532982409, 0.4638278745890906, 0.6234384495827625, 0.20460857742865052, 0.25380308977845645, 0.3976419375588497, 0.36407211318350674, 0.44960043461372456, 0.35501777638888193, 0.1699960046047508, 0.2190557831362336, 0.3816442806273699, 0.41766469567690206, 0.3831730000985165, 0.20657631196081638, 0.27270243647913245, 0.8008820698596537, 0.38391791951714777, 0.20154001920794445, 0.42279602703364455, 0.3977716133710654, 0.28997879691887646, 0.3311111713638124, 0.13023853316230494, 1.488519549369812, 0.1630795890477633, 0.8771003542796654, 0.22774609663874668, 0.2938807022990659, 0.41762038981541993, 0.25614313192458615, 0.6697511533275247, 0.44955359618453417, 0.40685954880293296, 0.25142337692280614, 0.9324365109205246, 0.17616110442516703, 0.2572468193045453, 0.33516148621599906, 0.45084807369858027, 0.40252785105258226, 0.34728067621795666, 0.4675916239619255, 0.527290266007185, 0.35261524077504874, 0.41885492847422545, 0.5437425083946437, 0.2816828250264128, 0.4227037838130605, 0.4449285650004943, 0.3511671054487427, 0.421081821302719, 0.3729170988291217, 0.5077973369302021, 0.23376801252169044, 0.29036659469791487, 0.36769277453422544, 0.36459517261634267, 0.41044667977839705, 0.34522916541117277, 0.5624353667565932, 0.5616611157440476, 0.3120548950894606, 0.2661502281694036, 0.18025913713629255, 0.4885714689367696, 0.2588198193639982, 0.43390390611089324, 0.4439722927442441, 0.48031531568747343, 0.2867848442132144, 0.3907499574124813, 0.3539929983808714, 0.3822707150752346, 0.39962347913533447, 0.5479044367869695, 0.44507400034105077, 0.5312130055997683, 0.3927634277691444, 0.39398977905511856, 0.4130697100706723, 0.344968170661222, 0.26329179061576724, 0.33322405034814345, 0.47308787630469196, 0.3670275081814074, 0.26445420062514685, 0.5502166546881199, 0.5050189726054668, 0.4155267213936895, 0.3137191428492467, 0.27831869269158815, 0.4785914232954383, 0.5030352907145724, 0.35246710948970006, 0.517181421027464, 0.4978551747898261, 0.49252846576273446, 0.3547649665776154, 0.5856582041208942]
2025-11-08 12:20:04 - fedit - INFO - loss data:
2025-11-08 12:20:04 - fedit - INFO - [0.7088117919690711, 0.5737995610992787, 0.8231793618515918, 1.4206843902083004, 0.4970858867623304, 1.5434041796252131, 0.8853771561070493, 0.6570758001838366, 0.7052474610746786, 1.0243122984686166, 0.8112786757449308, 0.8952066012166647, 0.8650259993970395, 0.5674766204564979, 1.0621121123433113, 0.5448222503583464, 0.617845660696427, 0.6600666219624234, 0.5311179818947697, 0.708893620253851, 1.1868342161178589, 0.7000663226857278, 1.140743125230074, 0.952024376951158, 0.9992363628219156, 0.945003562113818, 1.0549405889183867, 0.9775410542885462, 0.9208830632269382, 0.7334338227752596, 0.4495832447945658, 1.7557290184001129, 0.8445719939313436, 0.7515202645669903, 0.7754309167568054, 1.2205051500350237, 1.0232286989688872, 1.3986733920872212, 0.8283700779080391, 0.743495199084282, 0.8035930916666985, 1.237256584983123, 0.8271124056887393, 0.9205655590222592, 0.7670697871138129, 0.925294326439546, 1.0926120765507221, 0.6815434107800422, 1.0699013403306403, 0.5068551576178935, 1.315968077381452, 0.7169779183963935, 0.7287865958718303, 0.8434240865325064, 1.2087294282881837, 1.2225857824087143, 0.8059059778849285, 0.7926925657183126, 0.925441212952137, 0.8491324852494633, 0.662500630936348, 1.0005956354240577, 1.0351226811899858, 1.1775880008935928, 0.8441262129844158, 0.926480820402503, 0.8689241416752338, 1.3966696068644524, 1.2965395998520155, 1.207968433113659, 1.1221249421829718, 1.040924088781463, 0.7478657462879231, 0.5856875430378649, 1.2410262504385576, 0.6704646602272988, 0.6977039798849115, 0.6429838225141995, 0.6681032855477598, 1.7414274265368779, 1.9507996510056889, 0.5010469571894242, 1.3510959827237659, 0.7746359312084228, 1.299741268157959, 1.4316780959566433, 0.5931638073590066, 0.9906936995685101, 0.9193077778114992, 0.8907239917469651, 1.5998585452051723, 1.0255720631943808, 1.0657911028932123, 0.7510671547957157, 0.6496315168785967, 1.2988812554823725, 0.48487523562895757, 0.7171395305130217, 0.8957336867849032, 0.8359161463876565, 1.363953448086977, 1.2071944541401334, 0.8470672536641359, 0.5480487033306365, 0.8824589521520667, 0.8494738042354584, 0.9293273459923894, 1.0256324042876561, 0.9802718374464248, 0.4750677677884436, 0.6106933390825159, 0.7401973512023687, 1.0172637270196625, 0.9426823191344738, 0.7443517483770847, 0.8028513901475547, 1.6421851217746735, 0.9935806875719744, 0.7821184682349365, 1.0678034728940795, 1.009486244772287, 0.8235017411410809, 1.041071333962938, 0.43301863295750487, 2.820757180452347, 0.6618391449171069, 1.9619342404691613, 0.6754645960729407, 0.7925528008490801, 0.9275488932927449, 0.8114343564543459, 1.6704628437757492, 1.0388260080533869, 1.2994514427323272, 0.826496531565984, 1.5469615459442139, 0.6910390709009435, 0.9185775950874971, 0.9524844215415856, 1.0814224686473608, 1.0522107717891536, 1.0817959066480398, 0.9577693440020084, 1.0175258407990138, 0.8998031288385391, 1.228416768267103, 1.1308252923190594, 0.8549213896195094, 1.1507064618316352, 0.8928553812205792, 0.6228299448266625, 1.1244107469039806, 0.9683864066998163, 1.1466341647836897, 0.7758344732965643, 1.0034164148413278, 1.0191269510115186, 0.9425887187321981, 0.9760143533349037, 1.0269884418363702, 1.0489167583485444, 1.808437337478002, 0.9242886230118872, 0.7080871009512952, 0.7129289880394936, 1.3035726272746135, 1.0215719059109687, 1.0696959200150826, 0.8389722264061371, 1.0229916183310643, 0.8219110688880871, 0.9983218535780907, 1.0814951313476937, 1.289787982404232, 1.1879504323005676, 1.446708252032598, 1.0433173249749577, 1.2403584268430006, 1.09322468460434, 0.973185233771801, 1.0697181509024856, 0.9744474969404128, 0.9684245754033327, 1.0254404739193295, 1.1637077749359843, 1.0306888310348286, 0.9773730936735119, 1.257616940389077, 1.0163402656714122, 1.0618051080719422, 1.029066343481342, 0.9533388146743682, 1.001615685224533, 1.1354153537574936, 1.0522103172433956, 1.150178114280981, 1.0076442470153173, 1.1534624079863232, 1.0435766996248907, 1.0598368489493926]
2025-11-09 17:18:43 - fedit - INFO - loss data:
2025-11-09 17:18:43 - fedit - INFO - [0.6944490774706202, 0.5915392535874465, 0.8043211145620597, 1.4017869987908531, 0.49603508448130207, 1.4578305324539542, 0.7582758206285929, 0.5073313831851103, 0.5777663398378838, 0.8296275149335337, 0.5463214689244826, 0.5887997801312141, 0.6579353881378969, 0.374574173707515, 1.101280653104186, 0.4387175410778986, 0.5000892723134408, 0.4158695389142296, 0.3008681972019581, 0.35315826077324647, 0.723879233468324, 0.3651518092855163, 0.5351977022364736, 0.5259371483388047, 0.5301580246921409, 0.5020304955542088, 0.4358681269793534, 0.4399615749716759, 0.43940574396401644, 0.25560475011037564, 0.2604422980065768, 0.7971741454675794, 0.31190817210039024, 0.38703106618241256, 0.26092824000160264, 0.4302992052398622, 0.5635975456330925, 0.7967025090008975, 0.3904199612637361, 0.4063392750918865, 0.34244376938376164, 0.5829536269271844, 0.44429135486921845, 0.37289528444147946, 0.30286690374640257, 0.46778385327327365, 0.5100196013227105, 0.26249968391822026, 0.42168436238231755, 0.21800757215694627, 0.5328896601994833, 0.29217470241839893, 0.2765263849260663, 0.27374456740768727, 0.5594751992377273, 0.4967657560482621, 0.3032841827565183, 0.36355489711246747, 0.3668837696313858, 0.3488027064732331, 0.2706305721920787, 0.48535426519811153, 0.4319994605201132, 0.43166438800593215, 0.31403971031515776, 0.2608888039831072, 0.31220184329431505, 0.44828708097338676, 0.5842988611354183, 0.46380506258677034, 0.4023562435044401, 0.4112894375932521, 0.2639563732698821, 0.15725844477484419, 0.5293020538002666, 0.23312324471965742, 0.21019848596647775, 0.2517941967768517, 0.23388284713857704, 0.854532748965236, 0.8986668785047882, 0.15612846531439573, 0.46268825070082026, 0.23962865971258973, 0.5624196077942064, 0.5745125362028678, 0.1499526245170273, 0.41662422800436616, 0.3738268261446672, 0.2661797451896985, 0.5848780506673981, 0.29446401639143005, 0.40926697340739127, 0.17986506815558595, 0.17780853251381107, 0.26491604127774115, 0.1361453870769967, 0.2146077775913808, 0.4124344103038311, 0.26618513849874337, 0.6430776868015528, 0.4415502143609855, 0.33013578095738516, 0.203752753292267, 0.27457429385847515, 0.2747774372498194, 0.22727710908899704, 0.47859686544785895, 0.31837804866825337, 0.14724641974929623, 0.21898874494840534, 0.21503304364159703, 0.39785936525010546, 0.35330799321333567, 0.20409782075633603, 0.21464874021762953, 0.8022136570264896, 0.360273911657871, 0.335892669390887, 0.4112653760641229, 0.37465832185219317, 0.33493122323416175, 0.38420211973235663, 0.11135617815024387, 0.9721270352602005, 0.1999445732217282, 0.8376898823415532, 0.20395315234613456, 0.28372618784196674, 0.37305280476187663, 0.24873965528483194, 0.6235118401345972, 0.40016175740781956, 0.4502419318895841, 0.18460945451321703, 0.7008736580610275, 0.15958894132119086, 0.21983071951114613, 0.3156936636865687, 0.3428954517003149, 0.30251605063676834, 0.2844428733183627, 0.4052356820553541, 0.426479959115386, 0.3187087604776025, 0.41088567974815227, 0.473992848303169, 0.28284302360067765, 0.35034265595616076, 0.364013568063577, 0.20533923397306353, 0.42545786193736335, 0.25397160002547836, 0.36958155098060763, 0.20414237769549354, 0.27129735202974414, 0.3361428259251018, 0.3560307708879312, 0.3826793148803214, 0.35046360416239813, 0.39685369189828634, 0.6338221196913056, 0.28935391769020735, 0.2640883701477657, 0.17291296371776196, 0.41748416208122907, 0.2940296899847453, 0.4567396186182604, 0.2749950793028499, 0.4391511827772646, 0.366372903992765, 0.3742662202566862, 0.3542518625948944, 0.3567150255044301, 0.37345291320234536, 0.38881627640997374, 0.3142080669674803, 0.4938154330720072, 0.3046047303489306, 0.366674640091757, 0.41880862542252606, 0.3151971394972652, 0.28358589407677454, 0.3335896542729319, 0.3930939223580793, 0.3195694697409545, 0.25915340491883815, 0.4484669699023167, 0.4313995321591695, 0.34501543517322525, 0.30123815576856333, 0.2850793249329219, 0.3513357598334551, 0.42457913278656845, 0.3345481888545901, 0.4119360869859948, 0.48772483840584757, 0.45707543057699995, 0.3601659070700407, 0.4791043739145001]
2025-11-10 15:37:20 - fedit - INFO - loss data:
2025-11-10 15:37:20 - fedit - INFO - [0.6944490774706202, 0.5915392535874465, 0.8043211145620597, 1.4017869987908531, 0.49603508448130207, 1.4578305324539542, 0.7582758206285929, 0.5073313831851103, 0.5777663398378838, 0.8296275149335337, 0.5463214689244826, 0.5887997801312141, 0.6579353881378969, 0.374574173707515, 1.101280653104186, 0.4387175410778986, 0.5000892723134408, 0.4158695389142296, 0.3008681972019581, 0.35315826077324647, 0.723879233468324, 0.3651518092855163, 0.5351977022364736, 0.5259371483388047, 0.5301580246921409, 0.5020304955542088, 0.4358681269793534, 0.4399615749716759, 0.43940574396401644, 0.25560475011037564, 0.2604422980065768, 0.7971741454675794, 0.31190817210039024, 0.38703106618241256, 0.26092824000160264, 0.4302992052398622, 0.5635975456330925, 0.7967025090008975, 0.3904199612637361, 0.4063392750918865, 0.34244376938376164, 0.5829536269271844, 0.44429135486921845, 0.37289528444147946, 0.30286690374640257, 0.46778385327327365, 0.5100196013227105, 0.26249968391822026, 0.42168436238231755, 0.21800757215694627, 0.5328896601994833, 0.29217470241839893, 0.2765263849260663, 0.27374456740768727, 0.5594751992377273, 0.4967657560482621, 0.3032841827565183, 0.36355489711246747, 0.3668837696313858, 0.3488027064732331, 0.2706305721920787, 0.48535426519811153, 0.4319994605201132, 0.43166438800593215, 0.31403971031515776, 0.2608888039831072, 0.31220184329431505, 0.44828708097338676, 0.5842988611354183, 0.46380506258677034, 0.4023562435044401, 0.4112894375932521, 0.2639563732698821, 0.15725844477484419, 0.5293020538002666, 0.23312324471965742, 0.21019848596647775, 0.2517941967768517, 0.23388284713857704, 0.854532748965236, 0.8986668785047882, 0.15612846531439573, 0.46268825070082026, 0.23962865971258973, 0.5624196077942064, 0.5745125362028678, 0.1499526245170273, 0.41662422800436616, 0.3738268261446672, 0.2661797451896985, 0.5848780506673981, 0.29446401639143005, 0.40926697340739127, 0.17986506815558595, 0.17780853251381107, 0.26491604127774115, 0.1361453870769967, 0.2146077775913808, 0.4124344103038311, 0.26618513849874337, 0.6430776868015528, 0.4415502143609855, 0.33013578095738516, 0.203752753292267, 0.27457429385847515, 0.2747774372498194, 0.22727710908899704, 0.47859686544785895, 0.31837804866825337, 0.14724641974929623, 0.21898874494840534, 0.21503304364159703, 0.39785936525010546, 0.35330799321333567, 0.20409782075633603, 0.21464874021762953, 0.8022136570264896, 0.360273911657871, 0.335892669390887, 0.4112653760641229, 0.37465832185219317, 0.33493122323416175, 0.38420211973235663, 0.11135617815024387, 0.9721270352602005, 0.1999445732217282, 0.8376898823415532, 0.20395315234613456, 0.28372618784196674, 0.37305280476187663, 0.24873965528483194, 0.6235118401345972, 0.40016175740781956, 0.4502419318895841, 0.18460945451321703, 0.7008736580610275, 0.15958894132119086, 0.21983071951114613, 0.3156936636865687, 0.3428954517003149, 0.30251605063676834, 0.2844428733183627, 0.4052356820553541, 0.426479959115386, 0.3187087604776025, 0.41088567974815227, 0.473992848303169, 0.28284302360067765, 0.35034265595616076, 0.364013568063577, 0.20533923397306353, 0.42545786193736335, 0.25397160002547836, 0.36958155098060763, 0.20414237769549354, 0.27129735202974414, 0.3361428259251018, 0.3560307708879312, 0.3826793148803214, 0.35046360416239813, 0.39685369189828634, 0.6338221196913056, 0.28935391769020735, 0.2640883701477657, 0.17291296371776196, 0.41748416208122907, 0.2940296899847453, 0.4567396186182604, 0.2749950793028499, 0.4391511827772646, 0.366372903992765, 0.3742662202566862, 0.3542518625948944, 0.3567150255044301, 0.37345291320234536, 0.38881627640997374, 0.3142080669674803, 0.4938154330720072, 0.3046047303489306, 0.366674640091757, 0.41880862542252606, 0.3151971394972652, 0.28358589407677454, 0.3335896542729319, 0.3930939223580793, 0.3195694697409545, 0.25915340491883815, 0.4484669699023167, 0.4313995321591695, 0.34501543517322525, 0.30123815576856333, 0.2850793249329219, 0.3513357598334551, 0.42457913278656845, 0.3345481888545901, 0.4119360869859948, 0.48772483840584757, 0.45707543057699995, 0.3601659070700407, 0.4791043739145001]
2025-11-11 07:09:23 - fedit - INFO - loss data:
2025-11-11 07:09:23 - fedit - INFO - [0.6845029003084883, 0.5820811189814574, 0.8465172028855273, 1.386380473480505, 0.48522722733517487, 1.4759504720568657, 0.7710887601501064, 0.5245251844812563, 0.7513538169571095, 0.7756499436962635, 0.5688987828791141, 0.6016621755067415, 0.6912745562692484, 0.4231186381198074, 0.9812581276521086, 0.36952213597897854, 0.6160788326524198, 0.43388880495274185, 0.3231551252408988, 0.3921074828055377, 0.7516755894757807, 0.3628419110380509, 0.6573579534888268, 0.5119803083750109, 0.5408055606736418, 0.5637158795314676, 0.5363366253235761, 0.32354479283094406, 0.4269296023994684, 0.275534056270446, 0.26681358736916283, 0.7485709264874458, 0.33950175947852823, 0.3774937705708701, 0.24917078119566818, 0.44490436278283596, 0.4377806767821312, 0.7594091900934776, 0.34136643571158254, 0.32737534331778684, 0.37061095682697165, 0.6193246433609411, 0.4222196763977895, 0.3318370939477494, 0.29201706450661286, 0.43359791150103233, 0.5705136894248426, 0.290211920859625, 0.4062602093132833, 0.23150732898567286, 0.6347581185400486, 0.32765202174584074, 0.26663094037060253, 0.3133324622758664, 0.49209536458447317, 0.7382554574093471, 0.39423376570145285, 0.35152370932518073, 0.34598560724407434, 0.344815001658657, 0.28906891151678327, 0.48625802036581767, 0.3927076611229602, 0.48875964991748333, 0.30887226734437256, 0.3614361664125075, 0.3456233008648269, 0.5330733516253531, 0.46060107985977083, 0.5792148432091755, 0.5300901362413577, 0.42051103038153964, 0.24938778143310758, 0.20767318823879274, 0.46187080427383387, 0.237263769020016, 0.26455104847034244, 0.23907648971766723, 0.1804124903836863, 1.0898227137513459, 0.9008527547121048, 0.15179311239626259, 0.486749201754315, 0.24794993589651393, 0.6793502988538852, 0.5466183360666037, 0.1571543818572536, 0.3469782220199704, 0.3609330153275354, 0.27220767682209907, 0.5563805962310118, 0.29125031925488853, 0.3776092918261009, 0.15316742907988987, 0.1578271658384488, 0.314968748140688, 0.12818852378573967, 0.22031040218037862, 0.3515889334181944, 0.3072562339405219, 0.6544156279414892, 0.3854627389098621, 0.3375563006696514, 0.18968970123229234, 0.23595172544527385, 0.34809582494199276, 0.24883719518976777, 0.47655691504478453, 0.3366492834045655, 0.15988602093318804, 0.22297633196869557, 0.25145682343281806, 0.40629345861304067, 0.32487310299960276, 0.227409895354261, 0.23907914134147373, 0.8909320967892805, 0.36582303738185007, 0.2362225054142376, 0.40665616390167497, 0.3530808020492687, 0.3235331096686423, 0.34449471476609295, 0.09948827209599484, 1.2134585827589035, 0.15128905503201837, 0.842287530552815, 0.20104101515860986, 0.2901061979588121, 0.3528498842380941, 0.24476370685216453, 0.6218540186404425, 0.5399394390337607, 0.4180957387214985, 0.19369022804312408, 0.6660823784768581, 0.15240191037042272, 0.23710875030930922, 0.30240514201303836, 0.3787559487391263, 0.2721769086395701, 0.28669903243684935, 0.44867211300879717, 0.48401929152508577, 0.3392223475500941, 0.36956819959754206, 0.4611690053716302, 0.2914442894359429, 0.35387680102504937, 0.46133480705320834, 0.2994374146995445, 0.45056190511540456, 0.33995068699328435, 0.3033184291174015, 0.20209536539957101, 0.2573301804309891, 0.33820685010092955, 0.3691000720486045, 0.39388872194103897, 0.3343101190637533, 0.40917448505448795, 0.5637291506346729, 0.27376122805852177, 0.27964259268421876, 0.16596662275616028, 0.3657493532488221, 0.2853562792413868, 0.45898583444821484, 0.32642330368980765, 0.44144340820218386, 0.3282370335183499, 0.32500065863132477, 0.5020322733211751, 0.45331914611160756, 0.3511871833354235, 0.644136056303978, 0.37952234705581384, 0.572637936991194, 0.4346674577472085, 0.4028180432816346, 0.4012972841120285, 0.3177058136762332, 0.3494165766363343, 0.32805399825353454, 0.3800760780771574, 0.3402667627136451, 0.25038992245287317, 0.3697256874293089, 0.38442908339202403, 0.3558883247651944, 0.3706180280229697, 0.24533414053348238, 0.36935490388423203, 0.485903386684025, 0.3285122748531039, 0.5322296586545074, 0.5706546212236087, 0.35836877586940924, 0.3439391468287162, 0.57016335396717]
2025-11-13 16:17:26 - fedit - INFO - loss data:
2025-11-13 16:17:26 - fedit - INFO - [0.6959050112207861, 0.6161229549596706, 0.8414361316122507, 1.393100710476146, 0.5017388479751453, 1.5047950195148587, 0.8037134303074134, 0.5823026505177435, 0.6964971015178081, 0.9106435975074159, 0.6416513301432133, 0.8295250173347692, 0.5930667114754518, 0.46196917560882866, 0.9578871706500649, 0.43320644962497884, 0.4670172827318311, 0.5232593586403584, 0.3764493903662595, 0.48254576697945595, 0.8292379984632134, 0.42460789702436774, 0.6969361929222941, 0.5431668526182571, 0.5983301785993664, 0.5849576791857971, 0.5557441103692148, 0.38796972980101907, 0.48856207029893994, 0.31305643685995355, 0.2694604386129261, 0.9432002988954385, 0.357448865561501, 0.42322228380985427, 0.2811338582024392, 0.4169811496976763, 0.5389661774039268, 0.7649675097316504, 0.3696096744388342, 0.36739450742801033, 0.41779340700142914, 0.6588247089499706, 0.47233841042308244, 0.4399996618168396, 0.3071632675822465, 0.500785905187344, 0.6850976129062474, 0.3404410625047056, 0.4746522631806632, 0.25953362082752085, 0.7603245807190736, 0.3705458510728527, 0.3528008616523318, 0.36705068422873555, 0.5360870160685297, 0.7488409100721279, 0.29522621080589795, 0.4221939910507573, 0.3195112245157361, 0.3868742422474658, 0.33094036615198, 0.572372004803684, 0.43552380844074134, 0.6264934080342451, 0.3624110478077418, 0.4695879593491554, 0.4213113131467253, 0.6297802977263928, 0.5856437985785306, 0.5953709619010197, 0.5100021423575909, 0.5003388132150328, 0.29445044233610757, 0.26138659699103706, 0.5621769677123262, 0.2868729789896558, 0.2977807921553521, 0.29185261595643575, 0.22360422472572988, 1.3404167984457065, 1.1494516611975782, 0.22314166251776946, 0.5506836252493991, 0.2880450797733985, 0.7763800122039883, 0.43262325177590055, 0.21885455686020172, 0.410674006678164, 0.44932898743187677, 0.316008776812324, 0.6813463718794724, 0.3506114373707937, 0.42207446365671997, 0.23030896940709727, 0.2845372076755868, 0.40011843588007123, 0.21989574448727783, 0.26781359118305975, 0.32757091149687767, 0.3633026048541069, 0.7487473331391812, 0.4973317201559742, 0.293778635667296, 0.2230984733574798, 0.3280550628486607, 0.42678975748519105, 0.3213185341211787, 0.5142330634097259, 0.4118513518789162, 0.21484691497722738, 0.2641289137125972, 0.25381124834530056, 0.488087089602714, 0.40657159183174374, 0.3064584853127599, 0.2901701247724502, 0.9392137598867217, 0.4367134874503987, 0.30170220571259654, 0.4876745644810737, 0.46291226430741306, 0.3943726570807484, 0.40481020919168775, 0.17803432016323012, 1.181854024529457, 0.21473437334766218, 1.0331572386929218, 0.2716953104220169, 0.35254351240582765, 0.43140289252623915, 0.32237408864829276, 0.760342815099284, 0.49236602270427876, 0.6518302991770315, 0.25203348944584525, 0.9451987966895103, 0.2577687809243798, 0.31454593648769613, 0.38039822076611657, 0.42876366013661027, 0.3304974058022102, 0.3954399474096135, 0.5381967674940824, 0.5096217094610135, 0.454526405967772, 0.49145275609486777, 0.5776997813954949, 0.36310224930445356, 0.4302509606030642, 0.5138060270498196, 0.36648621891314787, 0.5548956963507569, 0.43303427692606217, 0.3867620384941498, 0.28650005761403263, 0.36516724144119245, 0.4094979667725662, 0.45490445556739967, 0.5376983519759961, 0.4497550680500283, 0.3980898160176972, 0.6865921579301357, 0.397226997111973, 0.35022785687132885, 0.25888743771550554, 0.5001431389858848, 0.3574501559603959, 0.5674909761942485, 0.3894135796775421, 0.4929346427517502, 0.4723212641712866, 0.4413765948265791, 0.543542698390928, 0.5559464116891225, 0.45528554236516355, 0.4842251582692067, 0.4121413265957552, 0.5524264135114525, 0.4544666023252325, 0.48066736198961735, 0.47586046806064203, 0.4221155688242839, 0.4249366959556937, 0.43126523114569354, 0.4612926942314587, 0.4469362500386065, 0.35914441151224774, 0.44943942204117776, 0.5129662918547789, 0.44890500455604576, 0.43640076058606303, 0.35792891545320193, 0.42146254479885104, 0.5718010997070986, 0.4322531547044854, 0.589014916735537, 0.610576169937849, 0.4002957545220852, 0.4403906327712795, 0.6138666126256187]
2025-11-14 06:11:14 - fedit - INFO - loss data:
2025-11-14 06:11:14 - fedit - INFO - [0.7039499222546032, 0.6110395843059653, 0.8213214399783235, 1.4363272198859383, 0.502231118880343, 1.5161885190755129, 0.854840631547727, 0.6916643307692762, 0.7215788818688856, 1.0006525001257582, 0.7219221763312816, 0.9846021352956693, 0.6847677620748679, 0.49546440533901515, 0.9933391116559506, 0.46085107563857386, 0.6365557961786786, 0.5361932496010673, 0.38748664941845673, 0.5476582381719103, 0.8693300234153867, 0.4234342214691898, 0.7364564035087824, 0.6045079119193058, 0.6606370236395913, 0.6183149854049963, 0.5860272939590847, 0.6753970707456272, 0.585266787558794, 0.2849546079646404, 0.2545138624134577, 1.2253945817550025, 0.45458671695699815, 0.4529777654822459, 0.30349851202239125, 0.5704129775986075, 0.6986388596706092, 1.0536315153042475, 0.4600749454150597, 0.5243338242173194, 0.44526829529139733, 0.7106466692823328, 0.4978324278969975, 0.5625455248120584, 0.438835788379309, 0.5309293942970019, 0.6442736517637968, 0.3428950867413245, 0.6304856886466343, 0.27496351544848746, 0.7723984505981206, 0.3313189669512212, 0.3568668436697301, 0.38423342474025524, 0.7089195660593217, 0.7188904086748759, 0.5726800874496499, 0.4270515009346936, 0.48707978054881096, 0.4148512607002083, 0.3495031717991201, 0.5479015476173825, 0.6099723325494457, 0.6747394682218631, 0.3966337560557821, 0.35537784205128753, 0.3877340546809137, 0.7961385414469987, 0.8650787107762881, 0.7865121653851341, 0.498590674169623, 0.508536893793673, 0.31355255331125176, 0.23465347617166116, 0.6338547056851287, 0.30300872234317167, 0.3330852640057473, 0.3210762350742395, 0.2685533141743185, 1.0872093789900343, 1.1568681628388517, 0.2303839981711159, 0.7785296327330999, 0.30984578533971885, 0.6816296479419658, 0.8184646205355723, 0.3835570167955464, 0.5364051954820752, 0.43702329815018415, 0.3541454723423445, 0.6702549701885265, 0.49186688543866497, 0.4568220947814339, 0.2687499939316982, 0.19859134317408056, 0.3843003863860902, 0.19614503321968693, 0.3092818872796165, 0.5324567978580792, 0.3701678088555733, 0.6856077255681157, 0.5538652139431279, 0.5594854014319329, 0.24814059269825753, 0.3575478144403961, 0.4396401021319131, 0.38965040579307497, 0.49645160970588526, 0.40597299726472963, 0.2173408812990314, 0.26707807219095736, 0.546374577563256, 0.4504537186868812, 0.4367227343842387, 0.27894430731733644, 0.35166152657779015, 0.973393347269545, 0.45572135595276075, 0.26551641803234816, 0.48011159034920675, 0.4923296462854042, 0.3437199143692851, 0.46368269136418466, 0.17310014030792648, 1.4743092358112335, 0.2378976959735155, 1.015900984625606, 0.2824638975409629, 0.3710122317075729, 0.46852146346742907, 0.3217036804391278, 0.7671266384422779, 0.5640425081638729, 0.5941554872670035, 0.21343039713489514, 0.9536005854606628, 0.25758337788283825, 0.34864388422473613, 0.40553487998926463, 0.5693165194243193, 0.4456128741924961, 0.4307392979325313, 0.47318602483719585, 0.5303902578850588, 0.41982269268482925, 0.5287836806281754, 0.619530912488699, 0.34320804638167224, 0.563628731989393, 0.45528612807393076, 0.350851510418579, 0.5253141227452194, 0.5675061238515708, 0.5227130595594645, 0.30709585016429947, 0.4507697346430801, 0.43183209374547005, 0.45650091835608086, 0.44123931922949855, 0.47142147133872764, 0.5236407867632806, 0.7254944062895246, 0.4111642890578084, 0.35981347860866475, 0.33043782392309773, 0.593011982150768, 0.3261425850206933, 0.5741808769019211, 0.46978385047987103, 0.4948606820221533, 0.41828719712793827, 0.4973060190677643, 0.3633800421238822, 0.5511605215569337, 0.49315810976549984, 0.6639069120089214, 0.535871127510772, 0.555169244175372, 0.48376470383825815, 0.48537445006271207, 0.49217657763240996, 0.42409338884036557, 0.4556772795816263, 0.44003111952939605, 0.5085728505224574, 0.4590010281087075, 0.3816537332190393, 0.5334515220796068, 0.5742778450250625, 0.4811740284295458, 0.4230792267868916, 0.38013481691587664, 0.5520177841186523, 0.6105378432308927, 0.4484879549430764, 0.5461469816372675, 0.5961362826327483, 0.5463832079122464, 0.43584057463575965, 0.6125458870083094]
2025-11-14 15:18:52 - fedit - INFO - loss data:
2025-11-14 15:18:52 - fedit - INFO - [0.7010745153713384, 0.608322122775846, 0.8287180944492942, 1.43447465142783, 0.5058568120157967, 1.4869137294590473, 0.8459257812876451, 0.7218898602329411, 0.7553520475824674, 1.0223627098457282, 0.7753087156762679, 1.0681625256935756, 0.6368074915061395, 0.4805039356364623, 1.1082501152530313, 0.4764724706196123, 0.5679272588652869, 0.5351055141871649, 0.3995462240289069, 0.4469735890937348, 0.8726761760190129, 0.4590474428330067, 0.6811097580939531, 0.6156852178896467, 0.6499068820849061, 0.5728739574551582, 0.5881683782619589, 0.4670144096016884, 0.4852366140112281, 0.2984091940875116, 0.29324609220105535, 1.0294192240883908, 0.38030642290648664, 0.45317102519043706, 0.2962450408894155, 0.6132073169574142, 0.612233268469572, 0.8546298687656722, 0.408246685564518, 0.4473969655732314, 0.4161450680759218, 0.7227616427760375, 0.4925814019820465, 0.4554188440374115, 0.3438735962988351, 0.5439181879347323, 0.6739719272591174, 0.34868559104849256, 0.5809866632334888, 0.28070480041464585, 0.8864556004603703, 0.38203575193442196, 0.3703070967488624, 0.38738451333177326, 0.6372867183465707, 0.6447334308177233, 0.3497312627732754, 0.4220730965603995, 0.35756427235901356, 0.39520588319967775, 0.3393650933684708, 0.5561620542365644, 0.5542290329056627, 0.5786056617895762, 0.40981488192782684, 0.3348615777989229, 0.37516249660402534, 0.4780108978506178, 0.7123734347211819, 0.5886226664571201, 0.4519205720229238, 0.5375965679000959, 0.33389523097951157, 0.23733913903124632, 0.6587306131712265, 0.290511840240409, 0.268418136438796, 0.31650309661744, 0.2784373583789501, 0.8876237325215092, 1.2294335902175484, 0.2361459643062618, 0.659427370565633, 0.3154780410605246, 0.6684359255197801, 0.5512364568188787, 0.21750317000340955, 0.44717040937393904, 0.47041813224992335, 0.34914355957880616, 0.7633330070358866, 0.37467625384225456, 0.5217712063561468, 0.28469509500274925, 0.2643994318814041, 0.4445371245475192, 0.19933495457755473, 0.24751606826773948, 0.44290753950675327, 0.3436677334830165, 0.6583327673375606, 0.5242814054816134, 0.40073766290313667, 0.22755582536560043, 0.4023036084448298, 0.3277381925533215, 0.39218531071878315, 0.5317511158684889, 0.4397495757754465, 0.21367151375141058, 0.28342032884635654, 0.2863703020848334, 0.4717998517434234, 0.4370699614907304, 0.2295869393274188, 0.5256899927297364, 0.9081703393409649, 0.4795800677847628, 0.37207587994635105, 0.5058293389777342, 0.5000862948432127, 0.4007392045110464, 0.42503952963844593, 0.1511308954925173, 1.1525925993919373, 0.28430637372596385, 1.121343605592847, 0.2797778309356637, 0.38151116920635103, 0.4711251111080249, 0.34620745509035056, 0.7341584779322148, 0.5518745076568687, 0.5613972580303317, 0.3502126311262449, 0.7804130911827087, 0.2604403960415059, 0.3099249127604391, 0.4225014459259589, 0.4243160798214376, 0.38033187141021096, 0.4383146559509138, 0.5054632736369967, 0.4917332656681538, 0.3942725440487266, 0.5473163789948043, 0.5586814158596098, 0.37912450103710094, 0.4672681139964683, 0.4845566648989916, 0.2625783404024939, 0.5323574829298784, 0.3951688232935137, 0.5572217696656784, 0.2907854500090518, 0.4022369837834274, 0.4483803654710452, 0.4644926865895589, 0.5241052370208005, 0.5054642709411118, 0.4557403107173741, 0.7594857580131955, 0.4179929450569507, 0.35078589105815217, 0.2887770168276297, 0.592049308905476, 0.3992953775450587, 0.6007533476633184, 0.40296313275272644, 0.4889675881321493, 0.5273218947805856, 0.48929964611306787, 0.5554884833594163, 0.593592747176687, 0.4736654803156853, 0.5632876840730507, 0.41635218306499366, 0.5679576592924802, 0.4704420532927745, 0.4262510088582834, 0.521652888517449, 0.46627803296898784, 0.39545144606381655, 0.4710018865745086, 0.4706638865903312, 0.4497553648502096, 0.38887621422279073, 0.5352486292521159, 0.5081566154956818, 0.45901475942350534, 0.4313894518030187, 0.3945719191831523, 0.41774658150970934, 0.5064859258777955, 0.48569528482225544, 0.5404955273603691, 0.560585088779529, 0.4467408572634061, 0.4732807530009228, 0.5256259947394331]
