2025-11-05 16:13:54 - fedit - INFO - loss data:
2025-11-05 16:13:54 - fedit - INFO - [0.6035629138350487, 1.198261708021164, 0.6478917397558689, 0.6312391981482506, 0.620221604903539, 0.5981256067752838, 0.5507248006761074, 1.3033418271690607, 1.1285784393548965, 0.5407102108001709, 0.371939175186627, 0.722225047647953, 0.8704516246914864, 0.7329735433061917, 0.38646356388926506, 0.30475042536854746, 1.0742434486746788, 0.31776169314980507, 0.28901223714152974, 0.43586945787925896, 0.3478872479405254, 0.5337247558054514, 0.5996671496347213, 0.40046212635934353, 0.5887865666300058, 0.5212842747569084, 0.4468557875603437, 0.4706915944814682, 0.310318972915411, 0.7099728643894195, 0.514449805021286, 0.34846852347254753, 0.39823208190500736, 0.10151774156838655, 0.6996199321001768, 0.4375090077519417, 0.36088186195120214, 0.554504572879523, 0.6866758316755295, 0.4327225089073181, 0.3967144638299942, 0.5184648808091878, 0.18311700369231404, 0.4805893041193485, 0.41289648972451687, 0.4064265781392654, 0.3306967727839947, 0.20373987033963203, 0.2888914030045271, 0.29565305449068546, 0.26632328778505326, 0.27398091182112694, 0.26393818377497763, 1.4477425266057253, 0.32680753199383616, 0.3278739996254444, 0.28837903030216694, 0.26055192574858665, 0.3622871972620487, 0.4408895820379257, 0.3286477398748199, 0.26324792578816414, 0.1840715395907561, 0.09516026686954623, 0.5263737421482801, 0.5266623929142952, 1.014590010046959, 0.2804776169359684, 1.418383926153183, 0.2621570508927107, 0.25783868692815304, 0.32460564142578124, 0.3391693331301212, 0.5898363329470158, 0.3460661008954048, 0.37235867604613304, 0.677677609026432, 0.29875757545232773, 0.16185086617600367, 0.5700552053749561, 0.21673778677359223, 0.4562498386949301, 0.633363054680457, 1.7819467276334762, 0.18528598315444672, 0.46555411093868315, 0.9674214497208595, 0.27628764882683754, 0.21842084638774395, 0.3436645679175854, 0.3366263285279274, 0.252816632669419, 1.637026071548462, 0.40994773581624033, 0.1872430182993412, 0.18891566929717857, 1.0323559492826462, 0.24086934374645352, 0.2360585816204548, 0.18920780532062054, 0.22461216524243355, 0.12775452993810177, 0.1353059694170952, 0.5816903281956911, 0.35945039987564087, 0.3166612326167524, 0.40714226197451353, 0.2172351200133562, 0.10692328028380871, 0.4038003832101822, 0.3163389861894151, 0.18620464589912444, 0.18320423687853488, 0.5605114764242899, 0.10918821580708027, 0.3144040511300167, 0.25590746123343705, 0.11219886969774961, 0.16198354586958885, 0.5277451481670141, 0.4383635039751728, 0.11928997840732336, 0.5115941769133012, 0.19782162240395945, 0.16994808552165827, 0.43977484852075577, 0.230152178555727, 0.2744986265897751, 0.14348896592855453, 0.2800129732737938, 0.3997517693658463, 1.2926776092499495, 0.18572148811072112, 0.47958652637898924, 0.5736445784568787, 0.4491692048807939, 0.4890216812491417, 0.23756214417517185, 0.2972655585035682, 0.13688294868916273, 0.10401142248883843, 0.21629294082522393, 0.14799218997359276, 0.3159943222999573, 0.166940254624933, 0.29545548992852366, 0.1813246981240809, 0.21621089645971855, 0.44390938989818096, 0.23998685274273157, 0.2797207406411568, 0.2894953700403372, 0.28190161250531676, 0.10235141385864052, 0.2640315629541874, 0.09371084941085428, 0.7647716421633959, 0.35893947817385197, 0.17057476441065472, 0.28067546859383585, 0.25584059370060763, 0.0974114983342588, 1.1436809450387955, 0.3959163831702123, 1.42410396784544, 0.5867992218583822, 0.6417058981955052, 0.18299130722880363, 0.3764606937766075, 0.18291582353413105, 0.2629553103198608, 0.13879292124571901, 0.3244094385765493, 0.3785218959674239, 0.8136433949694037, 0.8284550706545512, 0.9001998559882244, 0.49358471172551316, 0.7243379317224026, 0.23128141947090625, 0.5264207795262337, 0.14631837885826826, 0.3972199626266956, 0.35960270166397096, 0.4098594829440117, 0.7655809223651886, 0.40191471129655837, 0.2912280336022377, 0.31355596221983434, 0.5414025783538818, 0.34488064392159384, 0.40993823036551474, 0.20312354061752558, 0.44018904585391283, 0.5264466172084212, 0.24581792981674272, 0.214028795560201, 0.3869463142007589, 0.2595954680194457, 0.21227632984519004]
2025-11-08 11:24:46 - fedit - INFO - loss data:
2025-11-08 11:24:46 - fedit - INFO - [0.5823812209069729, 1.0298105329275131, 0.5996411703526974, 0.6290386766195297, 0.5139639067153137, 0.5558771193027496, 0.5290051611761252, 1.2570429608225822, 1.042754465714097, 0.4612991437315941, 0.3491216615721997, 0.7197758029215038, 0.8218774147331714, 0.6762933668990929, 0.4306460488587618, 0.3264677245169878, 1.0987647026777267, 0.3553151302039623, 0.3285891891767581, 0.5854514887582304, 0.3339266150827623, 0.46685339026023737, 0.5501191808402331, 0.463886983692646, 0.64159195125103, 0.701769545674324, 0.5610013797879219, 0.5265683952718974, 0.3851872831583023, 0.6734195217490196, 0.7492440789937973, 0.44605159759521484, 0.3535999767482281, 0.12962397933006287, 0.9269951283931732, 0.5791293382644653, 0.35107922423630955, 0.8478275830857456, 1.1837352514266968, 0.49920664727687836, 0.6192721289892992, 0.6187653243541718, 0.43112192414700984, 0.7195696085691452, 0.6487157791852951, 0.4927432121088108, 0.5747623816132545, 0.5434553176164627, 0.3542618937790394, 0.3360563386231661, 0.2805186502635479, 0.5405281260609627, 0.32341217357962804, 1.081674282439053, 0.37028856202960014, 0.4461623147130013, 0.3621961995959282, 0.462740421295166, 0.3694390244781971, 0.567949965596199, 0.41207762310902274, 0.6799596101045609, 0.3503140086929003, 0.12555866160740456, 0.4938795994967222, 0.5759219124913215, 1.0541834980249405, 0.29707150471707183, 1.366698533296585, 0.4563654065132141, 0.45696815103292465, 0.5449673305459631, 0.2870128907263279, 0.49224159494042397, 0.31317859441041945, 0.3924935281276703, 0.5865159630775452, 0.3952565062791109, 0.18654339817553084, 0.45169784501194954, 0.29613060504198074, 0.5463522849604487, 0.7348489573422639, 2.136015097796917, 0.23290150155743403, 0.6732123772380874, 0.8351248577237129, 0.24333317577838898, 0.35196558348834517, 0.4430753327906132, 0.3796401619911194, 0.28880028147250414, 1.3365261256694794, 0.7378419660031795, 0.3929237835109234, 0.4371556180218856, 0.6940106377005577, 0.3757776729762554, 0.36329006403684616, 0.40273388661444187, 0.2581186220049858, 0.6328026726841927, 0.2700808022171259, 0.45162858689824736, 0.3032740745693445, 0.43768429197371006, 0.3808673722669482, 0.3044751137495041, 0.2808326482772827, 0.5165462493896484, 0.2643169361166656, 0.1812847627637287, 0.13685029094793005, 0.4637803364952561, 0.17493111081421375, 0.360907843336463, 0.3087720230221748, 0.25255923345685005, 0.20242724753916264, 0.5280314739793539, 0.40671897294620674, 0.19421818852424622, 0.45915726994474726, 0.25981788833936054, 0.1996754538267851, 0.6203683093190193, 0.366173941642046, 0.3262496665120125, 0.22297207452356815, 0.2868641044944525, 0.35496041994904065, 1.102934818714857, 0.22113791406154631, 0.5163538619875908, 0.6237848624587059, 0.39905369778474176, 0.4886537455022335, 0.30542897805571556, 0.3782805986702442, 0.2675678050145507, 0.20494399778544903, 0.2837318055331707, 0.3528783144429326, 0.6539502888917923, 0.22566607408225536, 0.19690136797726154, 0.16248643938452006, 0.2427616628507773, 0.4725545672699809, 0.22126156371086836, 0.2645433453222116, 0.49715828274687135, 0.23151416908949612, 0.0871957616076947, 0.3832323029637337, 0.09905298007652164, 1.0056749694049358, 0.46706729009747505, 0.2570948948462804, 0.3110662857070565, 0.23985193371772767, 0.14085653265938164, 1.0088300108909607, 0.4037661246192228, 1.7201724089682102, 0.4990574516355991, 0.6975929051637649, 0.28037758357822895, 0.28556326404213905, 0.36899877339601517, 0.27771657624592383, 0.2892617457028892, 0.28178978599607946, 0.3506694259122014, 0.7058971850201488, 0.6333775700380405, 0.8425601658721765, 0.5224956187109152, 0.7431337833404541, 0.3631777919828892, 0.46331858448684216, 0.2222420359030366, 0.33891528099775314, 0.3739141203463078, 0.441105318069458, 0.6379875838756561, 0.46844954416155815, 0.3737848736345768, 0.29893078431487086, 0.5327803418040276, 0.3694662203391393, 0.35476046726107596, 0.3190310737118125, 0.5033232802525163, 0.5185609273612499, 0.2799544384082158, 0.19492123896876973, 0.41025872975587846, 0.23840830226739246, 0.19791016690433025]
2025-11-09 16:25:34 - fedit - INFO - loss data:
2025-11-09 16:25:34 - fedit - INFO - [0.5677224688231945, 1.0691038072109222, 0.6102223217487335, 0.6622391007840633, 0.6402375288307667, 0.601759247481823, 0.6258810857931772, 1.4494914198294282, 1.3296556938439608, 0.5513884499669075, 0.3702457947624175, 0.9076745338388719, 1.362962406873703, 0.7876443577309449, 0.4313136823475361, 0.28626050539314746, 1.1480816677212715, 0.31437768042087555, 0.297422302265962, 0.29655513920200366, 0.3239645060914983, 0.6178821422056191, 0.6422359581273567, 0.5335648581385612, 0.6788053438067436, 0.8058381602168083, 0.5842142283916474, 0.5447993330657482, 0.3900146663188934, 0.7248743154108525, 0.48181944340467453, 0.5015695542097092, 0.5354027226567268, 0.08853063778951764, 1.0928116403520107, 0.654671773314476, 0.4673454279080033, 0.8486312804743648, 1.115710124373436, 0.5872623175382614, 0.5584404940406481, 0.6192931726574897, 0.41836574133485555, 0.9780363030731678, 0.7644110769033432, 0.4901570199678341, 0.5978599637746811, 0.47813039273023605, 0.4416062459349632, 0.374159736558795, 0.2927438229322433, 0.40494887717068195, 0.31502224918868804, 1.5486989103257656, 0.3899534307420254, 0.4514362599700689, 0.59084203094244, 0.45936135947704315, 0.46947478502988815, 0.533018346875906, 0.3871324403832356, 0.531984880566597, 0.25619945426781976, 0.12090204879900235, 0.5078284032642841, 0.8509167656302452, 1.3255146890878677, 0.3636167937268813, 1.7068135738372803, 0.38898254558444023, 0.31058991327881813, 0.38811554910757373, 0.4421036347746849, 1.0363898426294327, 0.39370817467570307, 0.465004225820303, 0.7194142639636993, 0.4050129670649767, 0.23483588569409525, 1.3202169761061668, 0.2916507013142109, 0.5782893802970648, 0.8750718648985235, 1.9556695394217969, 0.2618385856298523, 0.44625778775662184, 0.8257056325674057, 0.3271198384463787, 0.3034763280302286, 0.5427253637462854, 0.5472095087170601, 0.3071237837895751, 2.296289950609207, 0.78256276845932, 0.24345363304018974, 0.29263207130134106, 1.2881294041872025, 0.37585696019232273, 0.3899439796805382, 0.3303395789116621, 0.292220301926136, 0.24905092315748334, 0.25685594864189626, 0.5082446473340193, 0.38838640227913857, 0.3771383734419942, 0.4846480586566031, 0.3270202800631523, 0.13340238854289055, 0.46210528165102005, 0.3155757213011384, 0.1890561208128929, 0.48476469213104184, 0.7045326790306717, 0.14577026665210724, 0.3967333044856787, 0.3364684760570526, 0.21212955005466938, 0.20374582335352898, 0.5910082086920738, 0.4091634973883629, 0.23277577385306358, 0.4471506990492344, 0.24351950393368801, 0.22271349653601646, 0.6307091638445854, 0.35838863998651505, 0.20442799292504787, 0.49809712171554565, 0.3120573731760184, 0.4152058109240089, 1.949530747719109, 0.23846075683832169, 0.6270010985434056, 0.8190721273422241, 0.5115394244591395, 0.6373823583126068, 0.28666357323527336, 0.4074360243976116, 0.22927916329354048, 0.19180046394467354, 0.26625077687203885, 0.2613717382773757, 0.4366851821541786, 0.28323480021208525, 0.21163329730431238, 0.16882107295095922, 0.28939682679871714, 0.5264660697430372, 0.29530533123761415, 0.31888971862693627, 0.34251097713907563, 0.20874815257266163, 0.13494916117310318, 0.33336434947947663, 0.14877105318009853, 0.868764903396368, 1.2158140055835247, 0.19962076966961223, 0.36319247242063285, 0.3144331470131874, 0.1590699356980622, 1.1213895678520203, 0.33407768967380336, 1.8152893483638763, 0.5387579463422298, 1.3842677094042302, 0.2626549396663904, 0.3857753574848175, 0.36402060836553574, 0.29106367118656634, 0.18138676051360864, 0.9643393505364657, 0.41948043182492256, 0.9512265399098396, 0.8636502896746, 0.98244802467525, 0.6023992492506901, 0.9504135623574257, 0.3052387282252312, 0.5208551846444607, 0.17191915959119797, 0.4320500321686268, 0.39776795767247675, 0.4710957370698452, 0.853742390871048, 0.4430965207517147, 0.30038206093013287, 0.9235174309462308, 0.5750103667378426, 0.32454479547838366, 0.44091028720140457, 0.7478792266920209, 0.6086080158129334, 0.5854378752410412, 0.2756990113606056, 0.21352624148130417, 0.4522420935332775, 0.202951081097126, 0.25287255346775056]
2025-11-10 14:35:19 - fedit - INFO - loss data:
2025-11-10 14:35:19 - fedit - INFO - [0.5677224688231945, 1.0691038072109222, 0.6102223217487335, 0.6622391007840633, 0.6402375288307667, 0.601759247481823, 0.6258810857931772, 1.4494914198294282, 1.3296556938439608, 0.5513884499669075, 0.3702457947624175, 0.9076745338388719, 1.362962406873703, 0.7876443577309449, 0.4313136823475361, 0.28626050539314746, 1.1480816677212715, 0.31437768042087555, 0.297422302265962, 0.29655513920200366, 0.3239645060914983, 0.6178821422056191, 0.6422359581273567, 0.5335648581385612, 0.6788053438067436, 0.8058381602168083, 0.5842142283916474, 0.5447993330657482, 0.3900146663188934, 0.7248743154108525, 0.48181944340467453, 0.5015695542097092, 0.5354027226567268, 0.08853063778951764, 1.0928116403520107, 0.654671773314476, 0.4673454279080033, 0.8486312804743648, 1.115710124373436, 0.5872623175382614, 0.5584404940406481, 0.6192931726574897, 0.41836574133485555, 0.9780363030731678, 0.7644110769033432, 0.4901570199678341, 0.5978599637746811, 0.47813039273023605, 0.4416062459349632, 0.374159736558795, 0.2927438229322433, 0.40494887717068195, 0.31502224918868804, 1.5486989103257656, 0.3899534307420254, 0.4514362599700689, 0.59084203094244, 0.45936135947704315, 0.46947478502988815, 0.533018346875906, 0.3871324403832356, 0.531984880566597, 0.25619945426781976, 0.12090204879900235, 0.5078284032642841, 0.8509167656302452, 1.3255146890878677, 0.3636167937268813, 1.7068135738372803, 0.38898254558444023, 0.31058991327881813, 0.38811554910757373, 0.4421036347746849, 1.0363898426294327, 0.39370817467570307, 0.465004225820303, 0.7194142639636993, 0.4050129670649767, 0.23483588569409525, 1.3202169761061668, 0.2916507013142109, 0.5782893802970648, 0.8750718648985235, 1.9556695394217969, 0.2618385856298523, 0.44625778775662184, 0.8257056325674057, 0.3271198384463787, 0.3034763280302286, 0.5427253637462854, 0.5472095087170601, 0.3071237837895751, 2.296289950609207, 0.78256276845932, 0.24345363304018974, 0.29263207130134106, 1.2881294041872025, 0.37585696019232273, 0.3899439796805382, 0.3303395789116621, 0.292220301926136, 0.24905092315748334, 0.25685594864189626, 0.5082446473340193, 0.38838640227913857, 0.3771383734419942, 0.4846480586566031, 0.3270202800631523, 0.13340238854289055, 0.46210528165102005, 0.3155757213011384, 0.1890561208128929, 0.48476469213104184, 0.7045326790306717, 0.14577026665210724, 0.3967333044856787, 0.3364684760570526, 0.21212955005466938, 0.20374582335352898, 0.5910082086920738, 0.4091634973883629, 0.23277577385306358, 0.4471506990492344, 0.24351950393368801, 0.22271349653601646, 0.6307091638445854, 0.35838863998651505, 0.20442799292504787, 0.49809712171554565, 0.3120573731760184, 0.4152058109240089, 1.949530747719109, 0.23846075683832169, 0.6270010985434056, 0.8190721273422241, 0.5115394244591395, 0.6373823583126068, 0.28666357323527336, 0.4074360243976116, 0.22927916329354048, 0.19180046394467354, 0.26625077687203885, 0.2613717382773757, 0.4366851821541786, 0.28323480021208525, 0.21163329730431238, 0.16882107295095922, 0.28939682679871714, 0.5264660697430372, 0.29530533123761415, 0.31888971862693627, 0.34251097713907563, 0.20874815257266163, 0.13494916117310318, 0.33336434947947663, 0.14877105318009853, 0.868764903396368, 1.2158140055835247, 0.19962076966961223, 0.36319247242063285, 0.3144331470131874, 0.1590699356980622, 1.1213895678520203, 0.33407768967380336, 1.8152893483638763, 0.5387579463422298, 1.3842677094042302, 0.2626549396663904, 0.3857753574848175, 0.36402060836553574, 0.29106367118656634, 0.18138676051360864, 0.9643393505364657, 0.41948043182492256, 0.9512265399098396, 0.8636502896746, 0.98244802467525, 0.6023992492506901, 0.9504135623574257, 0.3052387282252312, 0.5208551846444607, 0.17191915959119797, 0.4320500321686268, 0.39776795767247675, 0.4710957370698452, 0.853742390871048, 0.4430965207517147, 0.30038206093013287, 0.9235174309462308, 0.5750103667378426, 0.32454479547838366, 0.44091028720140457, 0.7478792266920209, 0.6086080158129334, 0.5854378752410412, 0.2756990113606056, 0.21352624148130417, 0.4522420935332775, 0.202951081097126, 0.25287255346775056]
2025-11-11 06:16:55 - fedit - INFO - loss data:
2025-11-11 06:16:55 - fedit - INFO - [0.5564978756010532, 1.066910207271576, 0.5990815259516239, 0.5933650434017181, 0.44519531602660817, 0.5794131904840469, 0.4982663691043854, 1.1397020159289242, 1.2133074328303337, 0.5554507672786713, 0.38321372512857327, 0.9807272886391729, 1.3836556404829026, 0.723871203760306, 0.3730907589197159, 0.26882709488272666, 0.8982200995087624, 0.32251354679465294, 0.25458685836444295, 0.4904967131571741, 0.30436231086625615, 0.48121342583585325, 0.6893286858944015, 0.47899949364364147, 0.5079456195235252, 0.5456589013338089, 0.41108750067651273, 0.38483868055045606, 0.35355211719870566, 0.4701968260109425, 0.4717518761754036, 0.4560784175992012, 0.29564048163592815, 0.07746035512536764, 0.6294383741915226, 0.4408201053738594, 0.32246005851775406, 0.5515368566848338, 0.7376096993684769, 0.5132458657026291, 0.39097333823641145, 0.5256216011941433, 0.38461307287216184, 0.48036349192261696, 0.3928098529577255, 0.406677158549428, 0.35873812064528465, 0.24767078831791878, 0.32749784986178077, 0.3319250848144293, 0.1857729025185108, 0.20652506407350302, 0.2368574706979416, 0.9738413108512759, 0.262350961798802, 0.3246751107275486, 0.38645684719085693, 0.2793737165629864, 0.38471537083387375, 0.6189112141728401, 0.3255053820709387, 0.679756410419941, 0.2457156560073296, 0.1087743724282417, 0.5222768522799015, 0.48103342205286026, 0.5417981743812561, 0.2903544840713342, 0.9854546636343002, 0.3128816168755293, 0.5631019771099091, 0.2019913063098405, 0.44801410734653474, 0.3188977614045143, 0.27604080364108086, 0.42749273031949997, 0.8307292461395264, 0.2935694018378854, 0.1486049527803819, 0.44169890508055687, 0.20069318963214755, 0.4182087164372206, 0.5661905739923694, 1.856147190183401, 0.18615114839546246, 0.31539144524140283, 0.997077226638794, 0.2917408309876919, 0.6300120305269956, 0.2662626150995493, 0.33147355914115906, 0.23042288199067115, 1.265479251742363, 0.511933172494173, 0.09459752077236772, 0.39791444937388104, 0.6684132888913155, 0.2899095294997096, 0.2549707219004631, 0.2322241310030222, 0.14743888564407825, 0.5451813042163849, 0.22868459839373828, 0.6076432491342226, 0.644038069061935, 0.5820421194657683, 0.399339254014194, 0.2496202103793621, 0.36526691168546677, 0.47678543627262115, 0.25897104893811046, 0.14794918921931335, 0.15714774106163532, 0.638612309776363, 0.43210360780358315, 0.2897994487235943, 0.22394985100254416, 0.11913800984621048, 0.11411461234092712, 0.43951092613860965, 0.33531586825847626, 0.08821482677012682, 0.4296536543406546, 0.19506289592633647, 0.16560802794992924, 0.5049858763813972, 0.17163704335689545, 0.47150375694036484, 0.20884012803435326, 0.2324787426739931, 0.360935326448978, 1.5865254619469245, 0.16952019250020384, 0.34318801015615463, 0.7959488034248352, 0.45751634488503135, 0.28185732290148735, 0.14482917822897434, 0.600982278585434, 0.1649782583117485, 0.15911226719617844, 0.19321042597293853, 0.6697376319207251, 0.29522534646093845, 0.13026404147967696, 0.25274052657186985, 0.22668900666758418, 0.22595921034614247, 0.326531995087862, 0.18551138183102012, 0.21431132759898902, 0.28378313655654586, 0.2600386645644903, 0.09347117021873903, 0.34325334802269936, 0.1516611124679912, 0.5802906583994627, 0.575315473601222, 0.13001825505246717, 0.2641144609078765, 0.215603840444237, 0.08809101348742843, 0.9148363694548607, 0.12267952954183177, 1.6462219096720219, 0.46113927811384203, 0.7860994704067708, 0.13333264086395502, 0.28737104684114456, 0.26669497787952423, 0.22512420142690343, 0.4551908657109986, 0.39124217303469777, 0.3541429815813899, 0.6531966724433005, 0.4503292065734665, 0.3776579877982537, 0.45313520543277264, 0.777253732085228, 0.54323851428926, 0.4436558708548546, 0.1002140105701983, 0.3099958211183548, 0.2857051929458976, 0.3265447560697794, 0.5060806125402451, 0.3667515736073256, 0.1213207334280014, 0.21004103124141693, 0.4621371403336525, 0.13845608437744278, 0.3467126049101353, 0.21626569144427776, 0.26688475999981165, 0.42673499789088964, 0.47243526050200063, 0.21104806289076805, 0.3317813716828823, 0.2970776942869027, 0.16135685509070755]
2025-11-13 15:22:30 - fedit - INFO - loss data:
2025-11-13 15:22:30 - fedit - INFO - [0.5606954872608185, 1.003326028585434, 0.6138632297515869, 0.6861530616879463, 0.7354639669259389, 0.6263381913304329, 0.744990718861421, 1.207398235052824, 1.2193997353315353, 0.5772366523742676, 0.4705002962404655, 0.7434973306953907, 1.404307919740677, 0.9060459608832996, 0.47675302997231483, 0.27553810328245165, 1.2694627419114113, 0.3338007368147373, 0.357946431885163, 0.5751794777590677, 0.38700534149538723, 0.6294796095074465, 0.9453752948385146, 0.554383672773838, 0.8174805529415607, 0.7649830132722855, 0.5847768310457468, 0.5674909695982933, 0.40335961878299714, 0.6144984871149063, 0.6172654554247856, 0.4884331375360489, 0.3999265469610691, 0.1127518629655242, 0.7813382837921381, 0.5979785472154617, 0.4144786672666669, 0.7666389336809516, 1.135840281844139, 0.5225956290960312, 0.4659738838672638, 0.6314329981803894, 0.31082596769556403, 0.6648605093359947, 0.401354618370533, 0.4213389754295349, 0.4309999495744705, 0.3177640177309513, 0.41125006042420864, 0.42111445404589176, 0.2863332569599152, 0.32681742310523987, 0.26862359823684934, 1.4998172612860798, 0.3239249805919826, 0.4249737862497568, 0.5088957399129868, 0.38054312765598297, 0.47440697252750397, 0.5905642360448837, 0.3610015533243617, 0.5955840051174164, 0.3644530139863491, 0.1361426382322356, 0.7927417866885662, 0.42548868656158445, 0.5714863017201424, 0.3684560793141524, 1.162640556693077, 0.4174872413277626, 0.44852857664227486, 0.22058238995749788, 0.5479580238461494, 0.5076833218336105, 0.44093279987573625, 0.5547533024102449, 0.9215882420539856, 0.37091996520757675, 0.2014688194147311, 0.8406861051917076, 0.262703032232821, 0.3573154918849468, 0.5827112071888728, 1.8798131756484509, 0.24346320310400593, 0.3237453899346292, 1.045683078467846, 0.39023591578006744, 0.4793473077937961, 0.40581972524523735, 0.4655661955475807, 0.31614528596401215, 2.1416957676410675, 0.881358777731657, 0.20596707239747047, 0.48566082554558915, 1.1100673824548721, 0.46298348531126976, 0.5963424295186996, 0.29327237885445356, 0.18961905129253864, 0.41209085285663605, 0.40039541460573674, 0.6816193982958794, 0.5037676487118006, 0.5020439475774765, 0.48604532238096, 0.470393443480134, 0.22701880894601345, 0.53880874812603, 0.3349953656705717, 0.2135557975464811, 0.31176206262575257, 0.4149021544959396, 0.25337354838848114, 0.4178078727175792, 0.30896534211933613, 0.23695984669029713, 0.15109173022210598, 0.5610553626902401, 0.5132844698925813, 0.21137685514986515, 0.5457304523016016, 0.26826433651149273, 0.22285159242649874, 0.6213334426283836, 0.28212833404541016, 0.48552267998456955, 0.4680505320429802, 0.3587310833235582, 0.3853341961124291, 1.412266210342447, 0.23215911192819477, 0.5694165851920843, 0.7107807099819183, 0.46156319975852966, 0.42704397812485695, 0.320774145424366, 0.4293251857161522, 0.34072661958634853, 0.2634067479521036, 0.3116449646651745, 0.4627687521278858, 0.4702971763908863, 0.18585336860269308, 0.3493321780115366, 0.24353499580174684, 0.3732932390024265, 0.4770286809653044, 0.2685956424102187, 0.33434749419490495, 0.36545409013827646, 0.3417355328798294, 0.21518897975976062, 0.3737244630853335, 0.17677007522433996, 0.6654915474355221, 0.755188113078475, 0.15448298615713912, 0.38883007410913706, 0.2895489833007256, 0.1224481400102377, 1.0521196871995926, 0.20969118027844363, 1.5988069921731949, 0.6326285541057587, 1.0339265018701553, 0.25626599974930286, 0.3859591633081436, 0.40070145577192307, 0.3262482194850842, 0.459034896766146, 0.5113797215744853, 0.39793024864047766, 0.8552036918699741, 0.5731256436556578, 0.6351208134243885, 0.690585362414519, 0.8032701462507248, 0.539327697455883, 0.5676910430192947, 0.1725946767255664, 0.4905454389750957, 0.391695168428123, 0.47099067345261575, 0.6927978545427322, 0.4938454359769821, 0.2550483427941799, 0.4705269508063793, 0.5745102912187576, 0.28242221412559354, 0.44060961306095126, 0.4220511196181178, 0.39696257933974266, 0.5496884435415268, 0.6071654558181763, 0.32959750170509017, 0.4372999146580696, 0.2852509617805481, 0.31635055541992185]
2025-11-14 05:14:41 - fedit - INFO - loss data:
2025-11-14 05:14:41 - fedit - INFO - [0.6047707676887513, 1.1898281872272491, 0.6528336860239505, 0.6920080445706844, 0.7685458697378635, 0.6181077212095261, 0.7334529099365076, 1.2676150701940059, 1.3933762405067682, 0.5805556699633598, 0.4047986140034886, 0.8544891122728586, 1.4556165486574173, 0.8860191057125728, 0.45470499247312546, 0.29748982898890974, 1.1751912385225296, 0.33248418010771275, 0.32432193433245027, 0.47191570348028716, 0.35331897242512145, 0.549491683674407, 0.693519934740228, 0.49124244414269924, 0.6753490455448627, 0.7163610458374023, 0.5465287569910288, 0.489114048704505, 0.346126938611269, 0.7219136387109757, 0.6886356025934219, 0.4470968171954155, 0.492530457675457, 0.18584663793444633, 0.6584851946681738, 0.5668549910187721, 0.384692529309541, 0.7590506975539029, 1.1990889310836792, 0.4984399937093258, 0.5333122697969278, 0.758214284479618, 0.4971054531633854, 0.9565259739756584, 0.6545309722423553, 0.44148270351191365, 0.4680913910269737, 0.4637855365872383, 0.39758516723910964, 0.31971087493002415, 0.31710033118724823, 0.38332792930305004, 0.3015107446699403, 1.410060582868755, 0.3943663868121803, 0.42192599810659887, 0.5215512290596962, 0.3921283856034279, 0.5173481926321983, 0.6144305765628815, 0.3822080803414186, 0.3688126876950264, 0.2486592618127664, 0.1235572233765399, 0.533541988581419, 0.4688732326030731, 0.9148297235369682, 0.3258929730703433, 1.7901232540607452, 0.3904873114079237, 0.47280055470764637, 0.37954145177273957, 0.3989048182964325, 0.6201671659946442, 0.44361813813447953, 0.5251445762813092, 1.2758654952049255, 0.4340936429798603, 0.2235019645120095, 0.5993787981569767, 0.2816237397491932, 0.6810576636344194, 0.5407115047063498, 1.9790964111685754, 0.29234162132747266, 0.4236555634997785, 0.8113876953721046, 0.3537016399204731, 0.39787173345685006, 0.612712275236845, 0.301385972648859, 0.3060577530413866, 2.0984001755714417, 0.47393807396292686, 0.2239086776971817, 0.2782406359910965, 1.0903107821941376, 0.29273974522948265, 0.35391397774219513, 0.2851809337735176, 0.26529655791819096, 0.19204063899815083, 0.20942200124263763, 0.6260081995278597, 0.4362261686474085, 0.5529511822387576, 0.42353062611073256, 0.25846483279019594, 0.15197607688605785, 0.4783056452870369, 0.35120331545670824, 0.2139155917490522, 0.32381078328843516, 0.5944445225642994, 0.21832945570349693, 0.35483494897683465, 0.3485642928630114, 0.15504232980310917, 0.1872261669486761, 0.4485812149941921, 0.4829028895745675, 0.14636327140033245, 0.5192872930318118, 0.25213466212153435, 0.2539521884173155, 0.557624164968729, 0.26888078823685646, 0.32265276089310646, 0.291930690407753, 0.3433364637196064, 0.46357092034304515, 1.5883510174850624, 0.24047688227146863, 0.6056798353791237, 0.6488586813211441, 0.3906290729840597, 0.6423854157328606, 0.34209469705820084, 0.26996001973748207, 0.2425910448655486, 0.18304176814854145, 0.32854069136083125, 0.2723078243434429, 0.3526783585548401, 0.22307952586561441, 0.2593535718818506, 0.18290757462382318, 0.30139374298353994, 0.5329549144953489, 0.2619481338188052, 0.36104309881726904, 0.3195913893481096, 0.2643191907554865, 0.1353861178358784, 0.3833986148238182, 0.1557724546873942, 0.8775021471083164, 0.6959264371544123, 0.2000572606921196, 0.4055871445685625, 0.29928186486164726, 0.14537812490016222, 1.2257619202136993, 0.32677054237380315, 1.740781269967556, 0.6210214868187904, 0.9603353425860405, 0.30729163251817226, 0.38329723104834557, 0.2991402968764305, 0.3117929091056188, 0.2337518127428161, 0.49387919474393127, 0.3967616893351078, 0.8226515231654048, 1.0508995472143094, 1.0997961641599734, 0.705345805734396, 1.0017094239592552, 0.521565967798233, 0.5056435130536556, 0.20569648407399654, 0.4158042497932911, 0.40418248623609543, 0.496815437823534, 0.8979739099740982, 0.5038756392896175, 0.3145725212991238, 0.4981942780315876, 0.5774190127849579, 0.3213916029781103, 0.42141278460621834, 0.44369633216410875, 0.6021215412765741, 0.5694293398410082, 0.36844604897002375, 0.24174753824869794, 0.47704054564237597, 0.2322408842543761, 0.19873043168336152]
2025-11-14 14:26:17 - fedit - INFO - loss data:
2025-11-14 14:26:17 - fedit - INFO - [0.5644388511776924, 1.1357994079589844, 0.6486155733466148, 0.7163226157426834, 0.8804480234781902, 0.6408524438738823, 0.8151114011804262, 1.1447542622685432, 1.3147072866559029, 0.5714234560728073, 0.47812946469316053, 0.6893941373564303, 1.2452970191836357, 0.8467762370904286, 0.4606742709875107, 0.27069775518029926, 1.0859103053808212, 0.3234101738780737, 0.33828059708078706, 0.4838904402891381, 0.32805288558722373, 0.5332415352394391, 0.7469924600833716, 0.39572433941066265, 0.6245633009821177, 0.6263668611645699, 0.49687760025262834, 0.40891465209424493, 0.280623722076416, 0.5655950672924519, 0.5950390323996544, 0.4410373419523239, 0.5780471041798592, 0.2042071335017681, 0.6364380531013012, 0.5158359557390213, 0.3567902594804764, 0.6844529332593083, 0.9232601523399353, 0.5113789141178131, 0.4620324522256851, 0.452064897865057, 0.32982332799583675, 0.7618129327893257, 0.5191949158906937, 0.3998146243393421, 0.438998706638813, 0.5695387199521065, 0.33134059980511665, 0.27226969320327044, 0.3608634456992149, 0.38660356029868126, 0.2805198701163236, 1.2394452404230833, 0.3485682401806116, 0.3647576719522476, 0.8637961447238922, 0.37868423014879227, 0.45087071135640144, 0.5188613310456276, 0.3098725751042366, 0.4992339164018631, 0.25062997080385685, 0.10862933246082523, 0.5526374615728855, 0.5056002404540777, 0.9503866285085678, 0.2881175894290209, 1.4850787222385406, 0.41501989029347897, 0.33895615488290787, 0.30153853613107157, 0.35566849634051323, 0.8671083524823189, 0.3380814343690872, 0.4306521963328123, 1.1839382648468018, 0.3465367304161191, 0.20971114681128206, 1.1576151587069035, 0.4114604266360402, 0.6084566246718168, 0.7101021091867652, 1.7279272340238094, 0.2309525448330937, 0.4880436137318611, 0.8923906087875366, 0.27086417749524117, 0.31430632136762143, 0.6661726636812091, 0.4843484200537205, 0.28734664265066384, 2.457984119653702, 0.6306253671646118, 0.31585437059402466, 0.32808386472364265, 0.8779685348272324, 0.4652554392814636, 0.38807710260152817, 0.3765760948881507, 0.24667096138000488, 0.2514113262295723, 0.2652193959802389, 0.4592092583576838, 0.31975794583559036, 0.36628202348947525, 0.5341393686830997, 0.3395424047484994, 0.2201128713786602, 0.4223543107509613, 0.31648796135559676, 0.21192612204079828, 0.6470863237951158, 0.662362132652197, 0.2639514282345772, 0.3456083002189795, 0.3265560582280159, 0.14449177868664265, 0.16666440851986408, 0.45737159065902233, 0.4002803305784861, 0.15464156679809093, 0.4978674373589456, 0.23035705058525008, 0.2256494282434384, 0.6523718349635601, 0.41738416254520416, 0.2854408659040928, 0.6979731619358063, 0.29710237868130207, 0.41656288952152765, 1.4995226884881656, 0.23135153371840717, 0.5885644111782312, 0.4976412057876587, 0.3789459802210331, 0.5427553802728653, 0.3449363447725773, 0.36844825372099876, 0.2505291663110256, 0.22156974859535694, 0.2752763208001852, 0.2710307464003563, 0.4939284026622772, 0.35356876999139786, 0.22796794647971788, 0.17868610937148333, 0.29580526053905487, 0.5013407291844487, 0.2429772075265646, 0.3207596935331821, 0.31080363069971406, 0.22815958335995673, 0.12845267568223384, 0.3323237759371599, 0.19435849599540234, 0.8258367143571377, 1.477423034608364, 0.2548250878850619, 0.3900079283863306, 0.26072899854431547, 0.1409379506483674, 1.0731968879699707, 0.27934359724167734, 1.6622468009591103, 0.46908446289598943, 1.4650257274508476, 0.32534148916602135, 0.2976927012205124, 0.31391536444425583, 0.2699671162913243, 0.27123744413256645, 1.0978427248075604, 0.32894335500895977, 0.7613647393882275, 0.9050230532884598, 0.9971525793274244, 0.5498923659324646, 0.9310913532972336, 0.3018323197960854, 0.4736643545329571, 0.2574368133209646, 0.4435968577861786, 0.38520498126745223, 0.44084481447935103, 0.7707622647285461, 0.42564657479524615, 0.2634775251150131, 0.8682569995522499, 0.5238866060972214, 0.3027905703832706, 0.44355722814798354, 0.9507617522031069, 0.5316552296280861, 0.563391013070941, 0.33550504532953107, 0.1943332888185978, 0.4477445907890797, 0.16882111504673958, 0.2224395450204611]
2025-11-21 15:51:13 - fedit - INFO - loss data:
2025-11-21 15:51:13 - fedit - INFO - [0.5922812618780882, 0.6078667938709259, 0.55626166947186, 0.4990618084039953, 0.6154792949557304, 0.5603798519819975, 0.5825109630823135, 0.6785240727994177, 0.597979346010834, 0.5686154682189226, 0.5069496704265475, 0.5473622454330325, 0.5140005920496251, 0.5333482103189453, 0.5350850224494934, 0.2998677933588624, 0.5148821013048291, 0.3969370874634478, 0.3137876228429377, 0.45267897145822644, 0.38927204459905623, 0.31934059262275694, 0.4590152703846494, 0.3516283599795619, 0.45778829604387283, 0.3479073874652386, 0.37208261005580423, 0.3009102918440476, 0.3622895713326418, 0.21914915327215567, 0.2890899213060038, 0.23068319279700517, 0.35380341888715827, 0.20797513509169221, 0.4303762197494507, 0.3702500000596046, 0.4664153829216957, 0.4267594227567315, 0.2887539732994305, 0.29709805527495015, 0.31724232190754265, 0.21485654818308023, 0.34861893123015764, 0.2917670052498579, 0.25963019602932036, 0.3115066349506378, 0.31575022675096986, 0.2776605517499977, 0.39025112096634174, 0.3185679377987981, 0.332110482826829, 0.20265473872423173, 0.2778750667348504, 0.2738070274806685, 0.249017885989613, 0.18985826624339097, 0.1361243560936095, 0.370395484380424, 0.41863032430410385, 0.24619597415439784, 0.2856648750603199, 0.23827032204717397, 0.20103810208125247, 0.1625962420832366, 0.24300173381343484, 0.33562538363039496, 0.2280915178772476, 0.281586005538702, 0.22197288022273118, 0.26173833645880223, 0.28870490156114104, 0.16671392033911414, 0.4023558432236314, 0.2802455250173807, 0.3189060969485177, 0.21345658476930113, 0.22338944408111275, 0.37702102698385714, 0.22584208921762183, 0.24561260901391507, 0.23427657736465335, 0.19504535528831185, 0.34886814665514976, 0.15773824977481532, 0.1928387544583529, 0.36664890870451927, 0.41343743936158717, 0.27414572085253897, 0.143856357731339, 0.15935831497319872, 0.2461239779368043, 0.2651035461574793, 0.20500832330435514, 0.263728862721473, 0.24426802790912916, 0.3546742685139179, 0.22855678331106902, 0.2569749952672282, 0.3160934910178185, 0.27964485343545675, 0.14796090388877525, 0.16599091297636429, 0.21528653101995587, 0.09214088419555791, 0.21239933716133236, 0.2238252344774082, 0.17616393768694252, 0.13230645982548594, 0.3043868006207049, 0.1605940567329526, 0.14620577067964607, 0.31560651184991, 0.23308333801105618, 0.19271948281675577, 0.18662104522809386, 0.23442812553710407, 0.2530665247759316, 0.6935627115890384, 0.2840324081480503, 0.10993900111255547, 0.07295236617533697, 0.07853668770080224, 0.1250342860003002, 0.17836308060213923, 0.3395490399969276, 0.20252805156633258, 0.17348845764063298, 0.07503808732144535, 0.1279763207089218, 0.10090130483531538, 0.30333667271770537, 0.6095531936734915, 0.08676721738237474, 0.22149062147364018, 0.27728070691227913, 0.30273638691287486, 0.23898108543471608, 0.18227459501940757, 0.27397405784577133, 0.18867235439829527, 0.09229061629157513, 0.1314081271411851, 0.4278389157727361, 0.1345813419582555, 0.17526323930360377, 0.18503450250718745, 0.21251443366054446, 0.07039378434910759, 0.24474381376057863, 0.09223422921386373, 0.2148832176811993, 0.1353589451755397, 0.15028329115981856, 0.19399438394854465, 0.2751547692343593, 0.2075904170051217, 0.0880154369968093, 0.2925965743139386, 0.3118688326328993, 0.11132963439740706, 0.1707072043067051, 0.24346795361489057, 0.14950726283714175, 0.2886262757703662, 0.20163137530907987, 0.2640885221771896, 0.09660721500404179, 0.1353605318290647, 0.13847953745474417, 0.11643029821829663, 0.26057215547189116, 0.24102137982845306, 0.11248086697628928, 0.09958584752554696, 0.23169994946510997, 0.17723484366433695, 0.17597397486679256, 0.299173996434547, 0.19186473257529238, 0.1783730247290805, 0.28141352790407836, 0.10580549301165673, 0.23909591818228365, 0.22230874751694502, 0.2907887166365981, 0.24494062596932054, 0.1686193473637104, 0.2251968807540834, 0.28527959110215306, 0.2707025142153725, 0.1928768356330693, 0.20298154512420297, 0.20628501251339912, 0.28513437998481095, 0.22729937313124537, 0.31634905915707345, 0.24033498456701635, 0.1754277202533558, 0.15847080419771373, 0.21003447873517872]
2025-11-21 18:55:41 - fedit - INFO - loss data:
2025-11-21 18:55:41 - fedit - INFO - [0.5922812618780882, 0.6078667938709259, 0.55626166947186, 0.4990618084039953, 0.6154792949557304, 0.5603798519819975, 0.5825109630823135, 0.6785240727994177, 0.597979346010834, 0.5686154682189226, 0.5069496704265475, 0.5473622454330325, 0.5140005920496251, 0.5333482103189453, 0.5350850224494934, 0.2998677933588624, 0.5148821013048291, 0.3969370874634478, 0.3137876228429377, 0.45267897145822644, 0.38927204459905623, 0.31934059262275694, 0.4590152703846494, 0.3516283599795619, 0.45778829604387283, 0.3479073874652386, 0.37208261005580423, 0.3009102918440476, 0.3622895713326418, 0.21914915327215567, 0.2890899213060038, 0.23068319279700517, 0.35380341888715827, 0.20797513509169221, 0.4303762197494507, 0.3702500000596046, 0.4664153829216957, 0.4267594227567315, 0.2887539732994305, 0.29709805527495015, 0.31724232190754265, 0.21485654818308023, 0.34861893123015764, 0.2917670052498579, 0.25963019602932036, 0.3115066349506378, 0.31575022675096986, 0.2776605517499977, 0.39025112096634174, 0.3185679377987981, 0.332110482826829, 0.20265473872423173, 0.2778750667348504, 0.2738070274806685, 0.249017885989613, 0.18985826624339097, 0.1361243560936095, 0.370395484380424, 0.41863032430410385, 0.24619597415439784, 0.2856648750603199, 0.23827032204717397, 0.20103810208125247, 0.1625962420832366, 0.24300173381343484, 0.33562538363039496, 0.2280915178772476, 0.281586005538702, 0.22197288022273118, 0.26173833645880223, 0.28870490156114104, 0.16671392033911414, 0.4023558432236314, 0.2802455250173807, 0.3189060969485177, 0.21345658476930113, 0.22338944408111275, 0.37702102698385714, 0.22584208921762183, 0.24561260901391507, 0.23427657736465335, 0.19504535528831185, 0.34886814665514976, 0.15773824977481532, 0.1928387544583529, 0.36664890870451927, 0.41343743936158717, 0.27414572085253897, 0.143856357731339, 0.15935831497319872, 0.2461239779368043, 0.2651035461574793, 0.20500832330435514, 0.263728862721473, 0.24426802790912916, 0.3546742685139179, 0.22855678331106902, 0.2569749952672282, 0.3160934910178185, 0.27964485343545675, 0.14796090388877525, 0.16599091297636429, 0.21528653101995587, 0.09214088419555791, 0.21239933716133236, 0.2238252344774082, 0.17616393768694252, 0.13230645982548594, 0.3043868006207049, 0.1605940567329526, 0.14620577067964607, 0.31560651184991, 0.23308333801105618, 0.19271948281675577, 0.18662104522809386, 0.23442812553710407, 0.2530665247759316, 0.6935627115890384, 0.2840324081480503, 0.10993900111255547, 0.07295236617533697, 0.07853668770080224, 0.1250342860003002, 0.17836308060213923, 0.3395490399969276, 0.20252805156633258, 0.17348845764063298, 0.07503808732144535, 0.1279763207089218, 0.10090130483531538, 0.30333667271770537, 0.6095531936734915, 0.08676721738237474, 0.22149062147364018, 0.27728070691227913, 0.30273638691287486, 0.23898108543471608, 0.18227459501940757, 0.27397405784577133, 0.18867235439829527, 0.09229061629157513, 0.1314081271411851, 0.4278389157727361, 0.1345813419582555, 0.17526323930360377, 0.18503450250718745, 0.21251443366054446, 0.07039378434910759, 0.24474381376057863, 0.09223422921386373, 0.2148832176811993, 0.1353589451755397, 0.15028329115981856, 0.19399438394854465, 0.2751547692343593, 0.2075904170051217, 0.0880154369968093, 0.2925965743139386, 0.3118688326328993, 0.11132963439740706, 0.1707072043067051, 0.24346795361489057, 0.14950726283714175, 0.2886262757703662, 0.20163137530907987, 0.2640885221771896, 0.09660721500404179, 0.1353605318290647, 0.13847953745474417, 0.11643029821829663, 0.26057215547189116, 0.24102137982845306, 0.11248086697628928, 0.09958584752554696, 0.23169994946510997, 0.17723484366433695, 0.17597397486679256, 0.299173996434547, 0.19186473257529238, 0.1783730247290805, 0.28141352790407836, 0.10580549301165673, 0.23909591818228365, 0.22230874751694502, 0.2907887166365981, 0.24494062596932054, 0.1686193473637104, 0.2251968807540834, 0.28527959110215306, 0.2707025142153725, 0.1928768356330693, 0.20298154512420297, 0.20628501251339912, 0.28513437998481095, 0.22729937313124537, 0.31634905915707345, 0.24033498456701635, 0.1754277202533558, 0.15847080419771373, 0.21003447873517872]
2025-11-21 21:35:29 - fedit - INFO - loss data:
2025-11-21 21:35:29 - fedit - INFO - [0.3963658340275288, 0.6657159365713596, 0.4674507617950439, 0.8755566827952862, 0.8265408873558044, 0.6424023814499378, 0.9390699565410614, 0.2964467514306307, 0.6837365210056305, 0.5359594732522964, 0.3853462010622024, 0.5535596288740635, 0.32829588195309045, 0.48018045872449877, 0.5779529273509979, 0.4436756836017594, 0.4485665675252676, 0.5324063569307327, 0.456714179739356, 0.4246650792658329, 0.248964717797935, 0.6245045095682145, 0.47373178191483023, 0.3010771045926958, 0.2380444573238492, 0.7352508947253227, 0.3052795509807765, 0.5405930317938328, 0.4107610661536455, 0.27672857306897636, 0.21828510146588087, 0.24772793683223426, 0.4137933295220137, 0.2928156412905082, 1.4969399489462376, 0.2816832199692726, 0.3455102665349841, 0.3392965901643038, 0.243280166760087, 0.285204033437185, 0.2662463800981641, 0.20574323143810033, 0.3394037235528231, 0.32328494228422644, 0.2870211534202099, 0.27893656129017474, 0.3640608757734298, 0.2000127418898046, 0.3902813266962767, 0.2380293328780681, 0.2733845075592399, 0.2028328928630799, 0.32189030982553957, 0.2696372149512172, 0.42042213343083856, 0.20044898660853505, 0.2933329255320132, 0.0973444321192801, 0.08504210875835269, 0.541606450267136, 0.3282887926325202, 0.3219456285238266, 0.14598333425819873, 0.14928430933505296, 0.34327344414778055, 0.42016207203269007, 0.43502384051680565, 0.9610638752579689, 0.21478567719459535, 0.17051605782471596, 0.26654201075434686, 0.20038634166121483, 0.21110997982323168, 0.2034437873866409, 0.32802243549376725, 0.4278809491544962, 0.1967995600309223, 0.3156886823475361, 0.1852783156791702, 0.2437301142141223, 0.7084238276816904, 0.7202605476602912, 0.25530552538111806, 0.28628962282091375, 0.21727852374315262, 0.2763751454651356, 0.41159484162926674, 0.49422567021101715, 0.18536388711072505, 0.7361939800903201, 0.19010583460330963, 0.3707180412486195, 0.2592637913301587, 0.42116161016747355, 0.3817395951366052, 0.6545714177191257, 0.23661051020026208, 0.2193762332899496, 0.5609251461923123, 0.23991453805938362, 0.2607296332716942, 0.20774731840938332, 0.14637125441804527, 0.26696236319839955, 0.5252255301922559, 0.30662734564393757, 0.35377325024455786, 0.2289555714931339, 0.17461531162261962, 0.6501843575853854, 0.2310408330988139, 0.2106592332944274, 0.31777898613363503, 0.39440241223201156, 0.19820969002321362, 0.20064493091776966, 0.15076707513071597, 0.29503371245227755, 0.21937908697873354, 0.27123781968839467, 0.3566228186711669, 0.1715614441782236, 0.7900158151984215, 0.23244825699366628, 0.5025022893911227, 0.15707066673785447, 0.32158823413774373, 0.1430363306310028, 0.19474453534930944, 0.09828060485888272, 0.3572833491489291, 0.2131058031693101, 0.08852124139666558, 0.061722152028232814, 0.3152859456371516, 0.18258574834326283, 0.18219579778960904, 0.45165814105421304, 0.25595891252160075, 0.40835872702300546, 0.35024637961760163, 0.12353783743456007, 0.2699514226987958, 0.20484089078381656, 0.35312936678528783, 0.34496203176677226, 0.1488713886588812, 0.17978910747915505, 0.6037741839885712, 0.16442170608788728, 0.2069574397057295, 0.35184126123785975, 0.272997394669801, 0.3078787637874484, 0.08929807785898447, 0.5025090433657169, 0.2598110621329397, 0.05598143662791699, 0.3363084313925356, 0.16069942205213011, 0.171107538882643, 0.09705031835474073, 0.3331607350613922, 0.23797593964263797, 0.43485342729836707, 0.2036217085085809, 0.26305696927011013, 0.18618067177012565, 0.27360343281179667, 0.19515018155798317, 0.11752276066690684, 0.2582664634101093, 0.18561454638838767, 0.21721563236787916, 0.18341335356235505, 0.20287903151474893, 0.5427625756710768, 0.29678136520087717, 0.24231853280216456, 0.2376770873554051, 0.384150717407465, 0.3702458490151912, 0.09209582069888711, 0.5542018279433251, 0.35400595385581257, 0.247623747959733, 0.298983714915812, 0.29350406117737293, 0.18279313994571567, 0.41443278864026073, 0.31603153981268406, 0.254271962121129, 0.25227883607149126, 0.44005964770913125, 0.24625495411455633, 0.13922064900398254, 0.34821200724691154, 0.22555687837302685, 0.38896160647273065, 0.26123489812016487]
2025-11-22 00:07:35 - fedit - INFO - loss data:
2025-11-22 00:07:35 - fedit - INFO - [0.49581529553979636, 0.48349468099574244, 0.4332920803688467, 0.4873405546881258, 0.7014883033931255, 0.4984352096915245, 1.009862345457077, 0.6277305245399475, 0.594192636013031, 0.5435398872941732, 0.6007697626948356, 0.27837228213902565, 0.615324791893363, 0.37309739696793254, 0.3890673983376473, 0.17736651794984937, 0.6021942363431056, 0.5861603010445833, 0.46418119557201865, 0.5585283651947975, 0.4685416566828886, 0.3472717725206167, 0.33405411629937587, 0.39209810085594654, 0.5421926453709602, 0.26341239288449286, 0.18263627882115543, 0.26043625812356674, 0.4595905400812626, 0.3007345661055297, 0.3967654947191477, 0.31145868031308055, 0.16813416953664273, 0.15387656805105507, 0.5739870354533195, 0.2767661296762526, 0.2685462420806289, 0.4268068991601467, 0.26925980530213567, 0.1035266960505396, 0.43434308394789695, 0.3664107612334192, 0.14370375382713974, 0.38456774353981016, 0.22879905137233436, 0.2702625158941373, 0.21514352797530592, 0.29225172572769226, 0.37763617374002934, 0.3213263573125005, 0.16472905220774314, 0.3742560088634491, 0.8437631666660309, 0.2614114364143461, 0.2202986956690438, 0.10346067093778402, 0.162709114945028, 0.22655873332793514, 0.27295996230095626, 0.15698790069048602, 0.08480094643200572, 0.20367831147304968, 0.3208356399089098, 0.34561577923595904, 0.12893345165502978, 0.4700798070989549, 0.148212556168437, 0.3623747369128978, 0.3267748989164829, 0.2789464286218087, 0.2669927589595318, 0.43984499797224996, 0.5201099769522746, 0.16690019114757887, 0.30091293894220145, 0.29505690149962904, 0.18113140873610972, 0.10113252159208058, 0.1908227173727937, 0.27482414369781816, 0.2179919693619013, 0.16304625887423754, 0.4062401708215475, 0.2507840043399483, 0.14842080718372017, 0.35754512138664724, 0.5785451350733638, 0.1630624454235658, 0.12907475382089614, 0.19890939281322062, 0.21195354051887988, 0.22689886018633842, 0.1822099452605471, 0.14083501546410843, 0.16175671487580984, 0.2696999627165496, 0.27517172719817606, 0.19841180075891315, 0.2635741619393229, 0.3072386868298054, 0.21666236547753215, 0.05583010986301815, 0.2541612659639213, 0.15570837537913274, 0.15122838577954098, 0.15115196478242676, 0.14617608849657698, 0.10726243332901504, 0.15353223514102865, 0.34523204853758216, 0.24426320414058864, 0.11415674507152289, 0.5257152877748013, 0.6190614600976309, 0.05772253152681515, 0.6226129236941537, 0.187826839229092, 0.17702726452844217, 0.19589446404716002, 0.14929169034585357, 0.18989764293655753, 0.05407281357911416, 0.08326010168530047, 0.2373877045077582, 0.06334236028487794, 0.18774302614619956, 0.1406768506509252, 0.17399634923785925, 0.3208878022308151, 0.2899566906504333, 0.5580572242615744, 0.12609132464276626, 0.40947939939796923, 0.09584059183252976, 0.21716451958054675, 0.02772731321019819, 0.6946203148923814, 0.1932003281603102, 0.19125777537313599, 0.1539324488432612, 0.155497459275648, 0.467004597466439, 0.2137139942497015, 0.25368482241174206, 0.3583214096724987, 0.3634163697483018, 0.1724950594827533, 0.19625414827217658, 0.19792576786130667, 0.1457222897093743, 0.2072913142153993, 0.17502678360324353, 0.357566055515781, 0.1623462355695665, 0.19078148496337236, 0.17709946827962994, 0.17988148694857956, 0.17088055579612654, 0.09345214339943292, 0.11520546793472022, 0.028392559310304932, 0.29045387116493654, 0.4819986968126614, 0.16955970459093805, 0.2487194603891112, 0.13978317813986602, 0.1068382813828066, 0.10604361144360155, 0.21654008996556515, 0.18408742532192263, 0.2164723942211519, 0.2609660810480515, 0.09991494875284843, 0.09369748064200394, 1.03095982670784, 0.503111429058481, 0.22431869292631745, 0.18530126218684018, 0.16304361829534172, 0.11210853076384714, 0.7472313974052668, 0.13001449981238694, 0.1502150139422156, 0.16737904510810042, 0.7442657906154636, 0.8895271062850952, 0.24180809723911806, 0.1432351915165782, 0.4286484766053036, 0.310315640643239, 0.8037065148353577, 0.2477278492413461, 0.18296147361397744, 0.6928178805159405, 0.5425594863248989, 0.14753676522523165, 0.10057780959177762, 0.14858752817381174, 0.0998914303490892, 0.09132429563906044]
2025-11-25 10:11:47 - fedit - INFO - loss data:
2025-11-25 10:11:47 - fedit - INFO - [0.5558442482259125, 0.6772210432423486, 0.5501245457679034, 0.49545784625742173, 0.6181009858846664, 0.5390159793198108, 0.5639118980616331, 0.7037343051698473, 0.6458316588308662, 0.5810142703354358, 0.5480092473328113, 0.5944420371204615, 0.5490974311199452, 0.552320939488709, 0.5878707617521286, 0.3425656333565712, 0.5822627736255527, 0.47619539746083317, 0.467595255933702, 0.5494321987032891, 0.46947729662060733, 0.4098107986152172, 0.608156605106261, 0.5357645146755708, 0.6163195982575417, 0.4889942057430744, 0.5583755349740386, 0.5431214710697532, 0.5305773210194376, 0.3500980365090072, 0.4360256431624293, 0.33345100209116935, 0.4892808945539097, 0.40106160324066875, 0.48817804753780364, 0.42219442278146746, 0.5272393692284822, 0.5294151674956084, 0.39756234577960436, 0.41415616704357994, 0.36185214286670087, 0.3412330495322951, 0.4330556440167129, 0.43113529400693046, 0.37392979045398533, 0.36059114150702953, 0.3630084667354822, 0.34553223012222184, 0.4297180018491215, 0.3416192615404725, 0.4073278196156025, 0.2124672206118703, 0.34442747104912996, 0.4183228707147969, 0.41733921505510807, 0.2387702596734016, 0.27106323248396313, 0.392377820238471, 0.46075206296518445, 0.3307965839514509, 0.3780337618663907, 0.3132094891741872, 0.30261122402217655, 0.3072056844830513, 0.3048864917829633, 0.42438861783593895, 0.3181552874545256, 0.3549280308187008, 0.3149199321452114, 0.30309457816183566, 0.38692107424139977, 0.26538466951913303, 0.5169769991189241, 0.3144962824881077, 0.3950422228210502, 0.27887528939172623, 0.3142081298865378, 0.4303624078631401, 0.2904759436962195, 0.2870186842978001, 0.351834703120403, 0.32249434841796754, 0.40864806808531284, 0.23243397374042413, 0.3170482990797609, 0.49433679040521383, 0.3413087395019829, 0.2677590985666029, 0.26888764804850024, 0.26914319762339195, 0.34517924226820473, 0.3347468040883541, 0.26925161220133303, 0.3435716576874256, 0.34146662382408977, 0.4014893136918545, 0.312351287342608, 0.3430244931951165, 0.37047032415866854, 0.3471437096595764, 0.24195851484934489, 0.25479028661631875, 0.3120674231089652, 0.20158359388717348, 0.3072449926286936, 0.2785691463854164, 0.22771090962924062, 0.18187681548297405, 0.277795035392046, 0.22424665093421936, 0.22152495862812632, 0.38051925860345365, 0.3464257188141346, 0.2682416373863816, 0.21019139140844345, 0.28134034015238285, 0.29254187014885247, 0.47863612659275534, 0.3779885772615671, 0.20731645698348683, 0.16231360255430144, 0.18420799064139526, 0.22732982735124097, 0.24023610283620656, 0.4223072823137045, 0.26121335914358496, 0.2685479074716568, 0.14558185709433424, 0.2251831171568483, 0.19347933197859674, 0.38319595134817064, 0.3717522546648979, 0.21422979061802228, 0.3131547842174769, 0.3945498839020729, 0.3185420064255595, 0.2853493773145601, 0.2799405208788812, 0.3000708527863026, 0.2922030363231897, 0.16499496456235646, 0.2696110927499831, 0.31742721423506737, 0.2520930070226314, 0.2729146396741271, 0.2300706271082163, 0.3374286035541445, 0.18117155930182588, 0.3479626886546612, 0.23807135899551213, 0.3096605592407286, 0.20848107354249806, 0.2540273614434732, 0.28959583503504593, 0.32903033345937727, 0.2476322390139103, 0.19730281405564812, 0.3447919864207506, 0.38581757750362156, 0.21397638553753495, 0.24095018464657994, 0.2445107063278556, 0.21896479493007065, 0.37118653850629924, 0.22176136635243893, 0.28292560623958707, 0.2240431038895622, 0.2522120462032035, 0.25673168193962836, 0.20999688172919884, 0.29164136853069067, 0.2636268276721239, 0.21098429448902606, 0.21427443470391963, 0.40474086023859857, 0.28098075138404965, 0.2700088649160332, 0.30491989268921316, 0.3308015012492736, 0.30048751290887593, 0.2999748713336885, 0.203355326420731, 0.3339667269960046, 0.31364298071712254, 0.4685040958225727, 0.4243318841326982, 0.2743634840473533, 0.28412258215248587, 0.21061468590050936, 0.408107141032815, 0.2651269678026438, 0.27054981626570224, 0.2379657279700041, 0.2422852497547865, 0.3305391864851117, 0.3776010598987341, 0.3142295626923442, 0.33432648703455925, 0.2473841218277812, 0.32183499753009526]
2025-11-25 12:02:27 - fedit - INFO - loss data:
2025-11-25 12:02:27 - fedit - INFO - [0.41796294674277307, 0.660174448043108, 0.4743242353200912, 0.9421483024954795, 0.7882730960845947, 0.6633659482002259, 0.9341599941253662, 0.2938648326322436, 0.6842352487146854, 0.5610605113208293, 0.442570311576128, 0.6225289516150951, 0.4040408670902252, 0.5549290321767331, 1.0169527381658554, 0.4818765286356211, 0.5370917515829206, 0.6102245505899191, 0.5303414449095726, 0.5103713795542717, 0.24046501284465194, 0.7153985157608986, 0.5527078971266746, 0.35884412564337254, 0.30140410643070936, 0.8732821002602578, 0.3864366745576262, 0.8148460201919079, 0.5367439173161983, 0.38968789801001547, 0.2603005524724722, 0.31873411405831575, 0.5104708947241307, 0.3825010800734162, 1.2153605550527573, 0.361805571988225, 0.4563752081245184, 0.416114904731512, 0.38710634410381317, 0.330085436347872, 0.34456763155758385, 0.246580907702446, 0.4958801936358213, 0.4743086814880371, 0.33861561566591264, 0.35276928134262564, 0.4467534065246582, 0.35802949536591766, 0.49545784667134285, 0.3294240010902285, 0.3538373827934265, 0.25813721902668474, 0.3681732887402177, 0.39421469606459136, 0.506784376129508, 0.2619515074416995, 0.2521152822300792, 0.13368683736771345, 0.1482496299315244, 0.5222025148570537, 0.4060937266796827, 0.38340664841234684, 0.2567325193434954, 0.224096236564219, 0.5063916944433003, 0.4918073067441583, 0.4787269671447575, 0.9039986936375499, 0.254528422281146, 0.2668736565858126, 0.33223878517746924, 0.27614574544131754, 0.2609207951463759, 0.2748335000127554, 0.39533545896410943, 0.4916026443243027, 0.2615661366842687, 0.3662162421271205, 0.26713639656081795, 0.3165702823549509, 0.7600696865469218, 0.6112355500459671, 0.3461102804169059, 0.4091216042637825, 0.3026465319097042, 0.27201089933514594, 0.3423582840710878, 0.5707596682012082, 0.2518943619215861, 0.7939017228782177, 0.25395199395716195, 0.4048512574285269, 0.3251213237643242, 0.5086222246289254, 0.3782550479285419, 0.6276807859539986, 0.2921722989529371, 0.316671541146934, 0.5409672621637582, 0.3180299634113908, 0.3543031893670559, 0.30975193474441765, 0.22714766319841145, 0.2772818231955171, 0.5838435627520084, 0.3504814073443413, 0.3977234964258969, 0.3466245837509632, 0.2889453055337071, 0.6377361984923482, 0.28231938630342485, 0.3201676901429892, 0.3088955102488399, 0.4381620427593589, 0.3237860523164272, 0.30757853891700504, 0.2412728253751993, 0.354675842449069, 0.301950054243207, 0.2003212571144104, 0.4207793932408095, 0.2207514349371195, 0.8979567646980285, 0.2946121018379927, 0.5525461723096668, 0.2549488923512399, 0.42466713711619375, 0.22857868457213043, 0.29314825795590876, 0.21069326158612967, 0.41766931414604186, 0.23805604558438062, 0.16637432337738572, 0.10609873300418257, 0.32261648615822197, 0.24237768636085094, 0.2210152274928987, 0.588646188005805, 0.3095097836107016, 0.3942868523299694, 0.33474902287125585, 0.31577258091419935, 0.36556057557463645, 0.30457717552781105, 0.4512785291299224, 0.35658728536218404, 0.24552758233621716, 0.24614835255779327, 0.591197470575571, 0.28223411422222855, 0.27109014317393304, 0.42346697226166724, 0.2887784706428647, 0.2905381079763174, 0.16525579243898392, 0.4285332690924406, 0.3177939126268029, 0.10531782265752554, 0.4312828809022904, 0.23081014901399613, 0.2507294988259673, 0.1747758717276156, 0.1584562599658966, 0.3865097740665078, 0.6949382282793521, 0.24050103798508646, 0.4248711496591568, 0.30010721553117037, 0.334374338015914, 0.27504150159657004, 0.21093502901494504, 0.3281105184927583, 0.3134246006608009, 0.3405325565487146, 0.2329203115776181, 0.23706010123714805, 0.6509262286126614, 0.4197297180071473, 0.33941944818943737, 0.3273279009386897, 0.36621886752545835, 0.48812712859362367, 0.1772236260585487, 0.7014090232551098, 0.48837227150797846, 0.36914346106350426, 0.42835338711738585, 0.2527101766318083, 0.2655320631340146, 0.5526975058019161, 0.3265209123492241, 0.3135983802378178, 0.3873147591948509, 0.4334385633468628, 0.26570302061736584, 0.22349631786346436, 0.4762332025915384, 0.4234315022826195, 0.3991271711885929, 0.30715570189058783]
2025-11-25 15:06:12 - fedit - INFO - loss data:
2025-11-25 15:06:12 - fedit - INFO - [0.5253133453428745, 0.4867853742713729, 0.4295217527076602, 0.496978176664561, 0.7426655873656274, 0.49814464449882506, 1.1237953022122382, 0.6254880756139756, 0.5875933855772019, 0.548781817778945, 0.6502396568655968, 0.3259065325371921, 0.5980337679386138, 0.45140109565109016, 0.4142292082309723, 0.24444212992675604, 0.9762712913254896, 0.46402067355811594, 0.5301938053220511, 0.6033007472753524, 0.5266458541154861, 0.43844799129292367, 0.35520403664559125, 0.4245703642566999, 0.5926412977278233, 0.3403933417052031, 0.2132547593675554, 0.30494306652496256, 0.5247118094315132, 0.3553718046285212, 0.5278984859585762, 0.36291333818808197, 0.1990259506739676, 0.1852698061615229, 0.6875741690397262, 0.4020449972711504, 0.4216189248021692, 0.5899726077914238, 0.3492754627019167, 0.13966548470780255, 0.5779838065306345, 0.5504238263703882, 0.1930130890570581, 0.49850959467391176, 0.31832977191079403, 0.3467957347165793, 0.3337109319167212, 0.3494116210495122, 0.45474393889307974, 0.34682391646007693, 0.2069810389308259, 0.4596098575741053, 0.8882992260158062, 0.31576998801901934, 0.27394941304810344, 0.159065572777763, 0.24265533965080976, 0.26068072505295276, 0.3599001351743937, 0.21128846732123444, 0.1262766784755513, 0.28258096005301925, 0.3602313660085201, 0.4258037142455578, 0.1922125892509939, 0.5013787456788122, 0.16717333323322237, 0.4057308243121952, 0.42764003947377205, 0.3347306953122219, 0.3469543311744928, 0.4500174744054675, 0.5966427107652028, 0.1944462165236473, 0.3600640969350934, 0.44463797360658647, 0.23830264080315827, 0.1399562938604504, 0.24528749622404575, 0.30730753391981125, 0.2831493633333594, 0.1964149794463689, 0.5214194916188717, 0.2930535664781928, 0.18878515458200126, 0.4706334866583347, 0.6134713020175695, 0.1857815687544644, 0.1812057263062646, 0.32815818339586256, 0.30525607280433176, 0.43932164212067926, 0.256071229185909, 0.20486271624686195, 0.17504633786156773, 0.28599082846194507, 0.34994334103539587, 0.24595196817535908, 0.35542783327400684, 0.4275085017085075, 0.33155433693900704, 0.08787677751388401, 0.2517846777336672, 0.19782755475801728, 0.18968711104243993, 0.21765391039662063, 0.21700661797658538, 0.15836885990574956, 0.1776328437961638, 0.5758257061243057, 0.2381256206892431, 0.16143814057577402, 0.5956856343895197, 0.6470498194297154, 0.10782665165606886, 0.5815479767819246, 0.24748308341950176, 0.338076382590225, 0.23349674872588366, 0.18533050934784115, 0.29104511910118164, 0.09842760459869168, 0.1305618843762204, 0.3081990552445253, 0.104952477151528, 0.23749450496397911, 0.22181589037645608, 0.3763421781361103, 0.35573405666897695, 0.3870337329804897, 0.6851682006381452, 0.17688386640511453, 0.4012972921133041, 0.1567537644645199, 0.2759826228255406, 0.06443080144235863, 0.8738200820982456, 0.25374182251980526, 0.2391765326416741, 0.22840224280953408, 0.23830665424466133, 0.7462533004581928, 0.29300642795860765, 0.34458154169842603, 0.6054346098098904, 0.417388323135674, 0.23441181369125844, 0.29338400103151796, 0.3027271904051304, 0.21221658040303737, 0.281266805017367, 0.22793430994109562, 0.4503269045148045, 0.20542978839948772, 0.2776276965625584, 0.24411915075033902, 0.2897867842266957, 0.26405428132663167, 0.15772703926389414, 0.16834022402763366, 0.055260307621210814, 0.31559319361113014, 0.6654080383479595, 0.2738240533042699, 0.2632019111537375, 0.19997162907384336, 0.17346158950434376, 0.16263252149801702, 0.25098700140952135, 0.21754357435274868, 0.2987886627088301, 0.38953375530739626, 0.1540301047731191, 0.14541644384153188, 1.0637337531894446, 0.5453805807046592, 0.4775319968350232, 0.40142226219177246, 0.2301827638875693, 0.13070899692053597, 0.7627020682673902, 0.22876105951145292, 0.3978316426277161, 0.2539097531232983, 0.7682538968045265, 0.8605543963611126, 0.3337495785206556, 0.3044349546544254, 0.4580807527527213, 0.37806206569075584, 0.844509045407176, 0.37491721175611015, 0.34357834349696836, 0.836776427179575, 0.6298841521609575, 0.24343350250273943, 0.14413111368194223, 0.20913061327300966, 0.13030393454246222, 0.12017745822668076]
2025-12-17 21:49:31 - fedit - INFO - loss data:
2025-12-17 21:49:31 - fedit - INFO - [0.5922812618780882, 0.6078667938709259, 0.55626166947186, 0.4990618084039953, 0.6154792949557304, 0.5603798519819975, 0.5825109630823135, 0.6785240727994177, 0.597979346010834, 0.5686154682189226, 0.5069496704265475, 0.5473622454330325, 0.5140005920496251, 0.5333482103189453, 0.5350850224494934, 0.2998677933588624, 0.5148821013048291, 0.3969370874634478, 0.3137876228429377, 0.45267897145822644, 0.38927204459905623, 0.31934059262275694, 0.4590152703846494, 0.3516283599795619, 0.45778829604387283, 0.3479073874652386, 0.37208261005580423, 0.3009102918440476, 0.3622895713326418, 0.21914915327215567, 0.2890899213060038, 0.23068319279700517, 0.35380341888715827, 0.20797513509169221, 0.4303762197494507, 0.3702500000596046, 0.4664153829216957, 0.4267594227567315, 0.2887539732994305, 0.29709805527495015, 0.31724232190754265, 0.21485654818308023, 0.34861893123015764, 0.2917670052498579, 0.25963019602932036, 0.3115066349506378, 0.31575022675096986, 0.2776605517499977, 0.39025112096634174, 0.3185679377987981, 0.332110482826829, 0.20265473872423173, 0.2778750667348504, 0.2738070274806685, 0.249017885989613, 0.18985826624339097, 0.1361243560936095, 0.370395484380424, 0.41863032430410385, 0.24619597415439784, 0.2856648750603199, 0.23827032204717397, 0.20103810208125247, 0.1625962420832366, 0.24300173381343484, 0.33562538363039496, 0.2280915178772476, 0.281586005538702, 0.22197288022273118, 0.26173833645880223, 0.28870490156114104, 0.16671392033911414, 0.4023558432236314, 0.2802455250173807, 0.3189060969485177, 0.21345658476930113, 0.22338944408111275, 0.37702102698385714, 0.22584208921762183, 0.24561260901391507, 0.23427657736465335, 0.19504535528831185, 0.34886814665514976, 0.15773824977481532, 0.1928387544583529, 0.36664890870451927, 0.41343743936158717, 0.27414572085253897, 0.143856357731339, 0.15935831497319872, 0.2461239779368043, 0.2651035461574793, 0.20500832330435514, 0.263728862721473, 0.24426802790912916, 0.3546742685139179, 0.22855678331106902, 0.2569749952672282, 0.3160934910178185, 0.27964485343545675, 0.14796090388877525, 0.16599091297636429, 0.21528653101995587, 0.09214088419555791, 0.21239933716133236, 0.2238252344774082, 0.17616393768694252, 0.13230645982548594, 0.3043868006207049, 0.1605940567329526, 0.14620577067964607, 0.31560651184991, 0.23308333801105618, 0.19271948281675577, 0.18662104522809386, 0.23442812553710407, 0.2530665247759316, 0.6935627115890384, 0.2840324081480503, 0.10993900111255547, 0.07295236617533697, 0.07853668770080224, 0.1250342860003002, 0.17836308060213923, 0.3395490399969276, 0.20252805156633258, 0.17348845764063298, 0.07503808732144535, 0.1279763207089218, 0.10090130483531538, 0.30333667271770537, 0.6095531936734915, 0.08676721738237474, 0.22149062147364018, 0.27728070691227913, 0.30273638691287486, 0.23898108543471608, 0.18227459501940757, 0.27397405784577133, 0.18867235439829527, 0.09229061629157513, 0.1314081271411851, 0.4278389157727361, 0.1345813419582555, 0.17526323930360377, 0.18503450250718745, 0.21251443366054446, 0.07039378434910759, 0.24474381376057863, 0.09223422921386373, 0.2148832176811993, 0.1353589451755397, 0.15028329115981856, 0.19399438394854465, 0.2751547692343593, 0.2075904170051217, 0.0880154369968093, 0.2925965743139386, 0.3118688326328993, 0.11132963439740706, 0.1707072043067051, 0.24346795361489057, 0.14950726283714175, 0.2886262757703662, 0.20163137530907987, 0.2640885221771896, 0.09660721500404179, 0.1353605318290647, 0.13847953745474417, 0.11643029821829663, 0.26057215547189116, 0.24102137982845306, 0.11248086697628928, 0.09958584752554696, 0.23169994946510997, 0.17723484366433695, 0.17597397486679256, 0.299173996434547, 0.19186473257529238, 0.1783730247290805, 0.28141352790407836, 0.10580549301165673, 0.23909591818228365, 0.22230874751694502, 0.2907887166365981, 0.24494062596932054, 0.1686193473637104, 0.2251968807540834, 0.28527959110215306, 0.2707025142153725, 0.1928768356330693, 0.20298154512420297, 0.20628501251339912, 0.28513437998481095, 0.22729937313124537, 0.31634905915707345, 0.24033498456701635, 0.1754277202533558, 0.15847080419771373, 0.21003447873517872]
2025-12-17 23:06:05 - fedit - INFO - loss data:
2025-12-17 23:06:05 - fedit - INFO - [0.3963658340275288, 0.6657159365713596, 0.4674507617950439, 0.8755566827952862, 0.8265408873558044, 0.6424023814499378, 0.9390699565410614, 0.2964467514306307, 0.6837365210056305, 0.5359594732522964, 0.3853462010622024, 0.5535596288740635, 0.32829588195309045, 0.48018045872449877, 0.5779529273509979, 0.4436756836017594, 0.4485665675252676, 0.5324063569307327, 0.456714179739356, 0.4246650792658329, 0.248964717797935, 0.6245045095682145, 0.47373178191483023, 0.3010771045926958, 0.2380444573238492, 0.7352508947253227, 0.3052795509807765, 0.5405930317938328, 0.4107610661536455, 0.27672857306897636, 0.21828510146588087, 0.24772793683223426, 0.4137933295220137, 0.2928156412905082, 1.4969399489462376, 0.2816832199692726, 0.3455102665349841, 0.3392965901643038, 0.243280166760087, 0.285204033437185, 0.2662463800981641, 0.20574323143810033, 0.3394037235528231, 0.32328494228422644, 0.2870211534202099, 0.27893656129017474, 0.3640608757734298, 0.2000127418898046, 0.3902813266962767, 0.2380293328780681, 0.2733845075592399, 0.2028328928630799, 0.32189030982553957, 0.2696372149512172, 0.42042213343083856, 0.20044898660853505, 0.2933329255320132, 0.0973444321192801, 0.08504210875835269, 0.541606450267136, 0.3282887926325202, 0.3219456285238266, 0.14598333425819873, 0.14928430933505296, 0.34327344414778055, 0.42016207203269007, 0.43502384051680565, 0.9610638752579689, 0.21478567719459535, 0.17051605782471596, 0.26654201075434686, 0.20038634166121483, 0.21110997982323168, 0.2034437873866409, 0.32802243549376725, 0.4278809491544962, 0.1967995600309223, 0.3156886823475361, 0.1852783156791702, 0.2437301142141223, 0.7084238276816904, 0.7202605476602912, 0.25530552538111806, 0.28628962282091375, 0.21727852374315262, 0.2763751454651356, 0.41159484162926674, 0.49422567021101715, 0.18536388711072505, 0.7361939800903201, 0.19010583460330963, 0.3707180412486195, 0.2592637913301587, 0.42116161016747355, 0.3817395951366052, 0.6545714177191257, 0.23661051020026208, 0.2193762332899496, 0.5609251461923123, 0.23991453805938362, 0.2607296332716942, 0.20774731840938332, 0.14637125441804527, 0.26696236319839955, 0.5252255301922559, 0.30662734564393757, 0.35377325024455786, 0.2289555714931339, 0.17461531162261962, 0.6501843575853854, 0.2310408330988139, 0.2106592332944274, 0.31777898613363503, 0.39440241223201156, 0.19820969002321362, 0.20064493091776966, 0.15076707513071597, 0.29503371245227755, 0.21937908697873354, 0.27123781968839467, 0.3566228186711669, 0.1715614441782236, 0.7900158151984215, 0.23244825699366628, 0.5025022893911227, 0.15707066673785447, 0.32158823413774373, 0.1430363306310028, 0.19474453534930944, 0.09828060485888272, 0.3572833491489291, 0.2131058031693101, 0.08852124139666558, 0.061722152028232814, 0.3152859456371516, 0.18258574834326283, 0.18219579778960904, 0.45165814105421304, 0.25595891252160075, 0.40835872702300546, 0.35024637961760163, 0.12353783743456007, 0.2699514226987958, 0.20484089078381656, 0.35312936678528783, 0.34496203176677226, 0.1488713886588812, 0.17978910747915505, 0.6037741839885712, 0.16442170608788728, 0.2069574397057295, 0.35184126123785975, 0.272997394669801, 0.3078787637874484, 0.08929807785898447, 0.5025090433657169, 0.2598110621329397, 0.05598143662791699, 0.3363084313925356, 0.16069942205213011, 0.171107538882643, 0.09705031835474073, 0.3331607350613922, 0.23797593964263797, 0.43485342729836707, 0.2036217085085809, 0.26305696927011013, 0.18618067177012565, 0.27360343281179667, 0.19515018155798317, 0.11752276066690684, 0.2582664634101093, 0.18561454638838767, 0.21721563236787916, 0.18341335356235505, 0.20287903151474893, 0.5427625756710768, 0.29678136520087717, 0.24231853280216456, 0.2376770873554051, 0.384150717407465, 0.3702458490151912, 0.09209582069888711, 0.5542018279433251, 0.35400595385581257, 0.247623747959733, 0.298983714915812, 0.29350406117737293, 0.18279313994571567, 0.41443278864026073, 0.31603153981268406, 0.254271962121129, 0.25227883607149126, 0.44005964770913125, 0.24625495411455633, 0.13922064900398254, 0.34821200724691154, 0.22555687837302685, 0.38896160647273065, 0.26123489812016487]
2025-12-18 00:21:05 - fedit - INFO - loss data:
2025-12-18 00:21:05 - fedit - INFO - [0.49581529553979636, 0.48349468099574244, 0.4332920803688467, 0.4873405546881258, 0.7014883033931255, 0.4984352096915245, 1.009862345457077, 0.6277305245399475, 0.594192636013031, 0.5435398872941732, 0.6007697626948356, 0.27837228213902565, 0.615324791893363, 0.37309739696793254, 0.3890673983376473, 0.17736651794984937, 0.6021942363431056, 0.5861603010445833, 0.46418119557201865, 0.5585283651947975, 0.4685416566828886, 0.3472717725206167, 0.33405411629937587, 0.39209810085594654, 0.5421926453709602, 0.26341239288449286, 0.18263627882115543, 0.26043625812356674, 0.4595905400812626, 0.3007345661055297, 0.3967654947191477, 0.31145868031308055, 0.16813416953664273, 0.15387656805105507, 0.5739870354533195, 0.2767661296762526, 0.2685462420806289, 0.4268068991601467, 0.26925980530213567, 0.1035266960505396, 0.43434308394789695, 0.3664107612334192, 0.14370375382713974, 0.38456774353981016, 0.22879905137233436, 0.2702625158941373, 0.21514352797530592, 0.29225172572769226, 0.37763617374002934, 0.3213263573125005, 0.16472905220774314, 0.3742560088634491, 0.8437631666660309, 0.2614114364143461, 0.2202986956690438, 0.10346067093778402, 0.162709114945028, 0.22655873332793514, 0.27295996230095626, 0.15698790069048602, 0.08480094643200572, 0.20367831147304968, 0.3208356399089098, 0.34561577923595904, 0.12893345165502978, 0.4700798070989549, 0.148212556168437, 0.3623747369128978, 0.3267748989164829, 0.2789464286218087, 0.2669927589595318, 0.43984499797224996, 0.5201099769522746, 0.16690019114757887, 0.30091293894220145, 0.29505690149962904, 0.18113140873610972, 0.10113252159208058, 0.1908227173727937, 0.27482414369781816, 0.2179919693619013, 0.16304625887423754, 0.4062401708215475, 0.2507840043399483, 0.14842080718372017, 0.35754512138664724, 0.5785451350733638, 0.1630624454235658, 0.12907475382089614, 0.19890939281322062, 0.21195354051887988, 0.22689886018633842, 0.1822099452605471, 0.14083501546410843, 0.16175671487580984, 0.2696999627165496, 0.27517172719817606, 0.19841180075891315, 0.2635741619393229, 0.3072386868298054, 0.21666236547753215, 0.05583010986301815, 0.2541612659639213, 0.15570837537913274, 0.15122838577954098, 0.15115196478242676, 0.14617608849657698, 0.10726243332901504, 0.15353223514102865, 0.34523204853758216, 0.24426320414058864, 0.11415674507152289, 0.5257152877748013, 0.6190614600976309, 0.05772253152681515, 0.6226129236941537, 0.187826839229092, 0.17702726452844217, 0.19589446404716002, 0.14929169034585357, 0.18989764293655753, 0.05407281357911416, 0.08326010168530047, 0.2373877045077582, 0.06334236028487794, 0.18774302614619956, 0.1406768506509252, 0.17399634923785925, 0.3208878022308151, 0.2899566906504333, 0.5580572242615744, 0.12609132464276626, 0.40947939939796923, 0.09584059183252976, 0.21716451958054675, 0.02772731321019819, 0.6946203148923814, 0.1932003281603102, 0.19125777537313599, 0.1539324488432612, 0.155497459275648, 0.467004597466439, 0.2137139942497015, 0.25368482241174206, 0.3583214096724987, 0.3634163697483018, 0.1724950594827533, 0.19625414827217658, 0.19792576786130667, 0.1457222897093743, 0.2072913142153993, 0.17502678360324353, 0.357566055515781, 0.1623462355695665, 0.19078148496337236, 0.17709946827962994, 0.17988148694857956, 0.17088055579612654, 0.09345214339943292, 0.11520546793472022, 0.028392559310304932, 0.29045387116493654, 0.4819986968126614, 0.16955970459093805, 0.2487194603891112, 0.13978317813986602, 0.1068382813828066, 0.10604361144360155, 0.21654008996556515, 0.18408742532192263, 0.2164723942211519, 0.2609660810480515, 0.09991494875284843, 0.09369748064200394, 1.03095982670784, 0.503111429058481, 0.22431869292631745, 0.18530126218684018, 0.16304361829534172, 0.11210853076384714, 0.7472313974052668, 0.13001449981238694, 0.1502150139422156, 0.16737904510810042, 0.7442657906154636, 0.8895271062850952, 0.24180809723911806, 0.1432351915165782, 0.4286484766053036, 0.310315640643239, 0.8037065148353577, 0.2477278492413461, 0.18296147361397744, 0.6928178805159405, 0.5425594863248989, 0.14753676522523165, 0.10057780959177762, 0.14858752817381174, 0.0998914303490892, 0.09132429563906044]
