2025-11-05 17:00:17 - fedit - INFO - loss data:
2025-11-05 17:00:17 - fedit - INFO - [0.4766588037600741, 0.10003675400124243, 0.20988954541583857, 0.4231364318014433, 0.7245985556531835, 0.46106596237846786, 0.3555841550908305, 0.39780186700324216, 0.6718137835462887, 0.3656968799020563, 0.11494570351957614, 0.7336452255646388, 0.2956197338792244, 0.24762957919934978, 0.36969109872976935, 0.3125292909021179, 0.4588455935008824, 0.32537167313663906, 0.3335673608989627, 0.1907256871551605, 0.30192671973210444, 0.1508557273318729, 0.14194080001652765, 0.3601962123066187, 0.18705767270488044, 0.44724243654248613, 0.283713514637202, 0.38374111783646403, 0.3480037044556368, 0.23519537897248355, 0.38553125907977426, 0.3281483087533464, 0.49079635611269623, 0.28906306088902056, 0.7618002866705259, 0.21401202621027116, 0.3526192911501442, 0.23655670850227278, 0.05190226920982847, 1.2786421813070774, 0.37838021072524564, 0.22274979365368686, 0.2508545458316803, 0.3101635138814648, 0.15503802524991833, 0.3328292916952209, 0.28934671437101706, 0.21061064922832884, 0.27954075028273195, 0.2942994079656071, 0.3045551157778218, 0.3149699181732204, 0.11778866693906215, 0.3047899165501197, 0.12124539215971405, 0.21659082945081448, 0.1541368492014174, 0.27490755383457455, 0.23490347868452469, 0.10497540073508087, 0.4150755583125195, 0.21043604325192672, 0.3448230850609076, 0.1458034781309669, 0.2988797268209358, 0.4975112463746752, 0.2520196034262578, 0.28744252029709616, 0.2862713309004903, 0.3740947959013283, 0.3615812403149903, 0.19424294268537778, 0.5818511687573933, 0.3672270131840681, 0.22414919769480113, 0.1674250815950689, 0.7683172151446342, 0.21664264005505374, 0.11880511693573984, 0.3181642306735739, 0.23352584994087616, 0.3509327806677902, 1.1473071055903954, 0.761954814905212, 0.07553559721612449, 0.38155786941448844, 0.140276408340368, 0.5460616967507771, 0.19492506428311268, 0.41450555458044014, 0.4345260965152799, 0.31138851491823083, 0.26268030697247013, 0.1498812829682027, 0.2949638242522875, 0.21724454168879398, 0.14842959775290054, 0.29930767238450545, 0.13588196008155742, 0.1644796799713125, 0.05080037951314201, 0.3423568047583103, 0.10503495862552276, 0.6616605947966929, 0.24595870077610016, 0.2444644495844841, 0.18660485240656677, 0.05627878479426727, 0.09388415312181071, 0.4080898065474772, 0.30164563531676925, 0.22506000750042773, 0.15908432247306337, 0.9004264272128542, 0.10753313894383609, 0.2509998552052787, 0.21211706914214623, 0.0588713997664551, 0.045246658963151276, 0.6930157656994803, 0.45194227583141944, 0.06744297834423682, 0.5627210493905075, 0.26659764930831664, 0.2126511200632969, 0.16167970094829798, 0.652679649007041, 1.2868755385279655, 0.04045393526515302, 0.34187904740412717, 0.09070624532533758, 0.35155075574638667, 0.24523377337803443, 0.15312422178685664, 0.9880643747746944, 0.46479126743294974, 0.27360739403714734, 0.03566807145640875, 0.8249819837510586, 0.04834580601503451, 0.051060749363387004, 0.1840483347533293, 0.24591376239226925, 0.21520650914559764, 0.2714864102502664, 0.2548726416296429, 0.24587014509985844, 0.30574370334269824, 0.18379357987497416, 0.48895874795400435, 0.20199553915471943, 0.33632970612609026, 0.2618017286062241, 0.23289417306174678, 0.3889142683635055, 0.25582960434257984, 0.26734575036292274, 0.060065897043872, 0.8168453587727114, 0.19672714119984044, 0.29696553270160053, 0.20104279418786367, 0.3556673229332008, 0.26261430342371267, 0.4154850018210709, 0.190517481682556, 0.4541310165232668, 0.43464407428788643, 0.5847751929291657, 0.5890450419392437, 0.31169685027586724, 0.23710311914328486, 0.5241529777646065, 0.25814862569261876, 0.4455406286029352, 0.2837532506409016, 0.2689654282121747, 0.2892890393871952, 0.2908329168955485, 0.2408608795099315, 0.2614244350956546, 0.2483910224917862, 0.3710331826781233, 0.29007697938424015, 0.1943010344088728, 0.1757282318236927, 0.2007981537405165, 0.2757504419201896, 0.25554803812078064, 0.2063209908822226, 0.26227538763648933, 0.3485095572968324, 0.17930548881284064, 0.21934206411242485, 0.1801788769248459, 0.23417717480549105, 0.46276373653249303, 0.21851054043878637, 0.3658941306851127, 0.3930190081397692]
2025-11-08 12:13:18 - fedit - INFO - loss data:
2025-11-08 12:13:18 - fedit - INFO - [0.46490913781795706, 0.12621391552966088, 0.21453832834441627, 0.41148366308253675, 0.6755599081516266, 0.43840160274079865, 0.3225089738314802, 0.368249486759305, 0.5998612981703546, 0.314334983538304, 0.09557886246734092, 0.933875322341919, 0.2673666228148495, 0.22959052620771453, 0.3871446425716082, 0.26803235835395756, 0.47470105765387416, 0.2959871899414187, 0.32459050320364813, 0.2233581425777326, 0.2966004663418451, 0.1715088070936569, 0.10607398594826616, 0.42139015098412835, 0.17348488953688906, 0.3709712806157768, 0.2823108611628413, 0.3519701432022784, 0.26361951342828216, 0.23057959461584687, 0.2943296184142431, 0.3483422414865345, 0.2012912893187604, 0.26398450178385247, 0.8455648438798056, 0.21581435413654182, 0.31100629633736043, 0.3946136094164103, 0.03909644875026667, 1.3260631710290909, 0.3114426279509509, 0.23248816003712514, 0.241540346480906, 0.3531528769060969, 0.15382112489935804, 0.34759376232484074, 0.2789127692757618, 0.24789046352452715, 0.28000297612667857, 0.25137987588014865, 0.3086071030369827, 0.25534858275204897, 0.11971734619825536, 0.37726035453379153, 0.1404334537985657, 0.20408883132927474, 0.15297388468336848, 0.1966219414912519, 0.17387664546307255, 0.10284745153815796, 0.42954622612927446, 0.137607765228798, 0.3212016328938207, 0.16816544479688947, 0.24618409580240647, 0.5202092574465842, 0.2478847025583188, 0.2785289097915996, 0.29894221162733936, 0.34829668957778875, 0.2546912911348045, 0.15967068148893304, 0.6144100766451586, 0.40788459793354076, 0.2118046979109446, 0.16910373998717182, 0.53877236507833, 0.20503450333554712, 0.1259351578647814, 0.43107886920915917, 0.2075517226010561, 0.3078913425852079, 1.4600942786006879, 0.6241298593758118, 0.07802114071237157, 0.4274436645209789, 0.12864914263362096, 0.47280300608170883, 0.18140779407694935, 0.29221232565275085, 0.4109098779396542, 0.34733613947672504, 0.257313880516449, 0.1173191618810441, 0.2205968213578065, 0.1727916993642628, 0.14292741862923972, 0.15341389936899455, 0.11469749173834098, 0.11358493926624458, 0.03960285959377264, 0.1778387495627006, 0.09832792761117162, 0.6531153987679217, 0.288226667791605, 0.22768767178058624, 0.16222172183915973, 0.04111260125937406, 0.04515292344391734, 0.3160282111327563, 0.2825850598376106, 0.31362606309078356, 0.17998022104802658, 0.926577780675143, 0.04910824427497573, 0.21753985597320866, 0.20931773863525854, 0.03518031056349476, 0.03406563089487867, 0.6467335190779219, 0.4463431963965184, 0.038158757806134716, 0.5374110150856503, 0.2658996750610043, 0.1823402677869631, 0.11163306652775241, 0.49627148230501916, 1.4797424338757992, 0.02566039128578268, 0.3431457370992691, 0.07813648954793785, 0.35917315452739046, 0.25489495154470204, 0.1487376032707592, 0.9467592909932137, 0.4264723072675142, 0.3300558585777051, 0.015889092814177275, 0.7681190855801105, 0.037519312525788946, 0.029166466752131883, 0.19053040844543526, 0.23228080881138644, 0.15362328803166747, 0.28078927047964597, 0.21134257151020897, 0.22794679099073012, 0.3401075909949011, 0.17086848166460794, 0.5042153971476687, 0.16620956342667342, 0.28413684999175143, 0.2413885798305273, 0.2773257006483618, 0.38719984116377654, 0.4194897785782814, 0.18870333991944788, 0.05751495494526655, 0.48004490475762973, 0.20532793363349305, 0.2950468771090662, 0.18932077564919988, 0.32247251402106253, 0.23109270026907325, 0.3682666955515742, 0.18914448829101665, 0.2684666204576691, 0.2554906372446567, 0.5256329354430948, 0.4128628460069497, 0.2542976144376019, 0.22550090128788725, 0.535917808363835, 0.2359185659193567, 0.4373239991772506, 0.29718479457678215, 0.3222281325056597, 0.2615341073660939, 0.2902769595384598, 0.22612482504475684, 0.27879365543938345, 0.2172954597820838, 0.3853844969843825, 0.2960315066907141, 0.17663332549411626, 0.1863948879763484, 0.18736348070559047, 0.19227382593921252, 0.253318410455471, 0.21897915639870225, 0.20143274328222982, 0.4017187269404531, 0.23450056811755832, 0.20797939650300476, 0.17661174948637684, 0.1933007307212662, 0.4359501969407905, 0.20677659265874399, 0.29235124367881904, 0.4468198077132305]
2025-11-09 17:12:02 - fedit - INFO - loss data:
2025-11-09 17:12:02 - fedit - INFO - [0.46700261463780723, 0.1423609317280352, 0.20440156956513722, 0.43831118263511193, 0.6493965070004817, 0.455826605537108, 0.3058968745172024, 0.5137103608498971, 0.4857865282230907, 0.41167788207530975, 0.09740010146803495, 0.606342467168967, 0.29726967051447856, 0.24154004841262508, 0.32010749727487564, 0.2844927428135028, 0.36019006540300325, 0.29118720937468523, 0.31140035032122226, 0.15619804109519464, 0.2655030425356104, 0.15862099092216037, 0.11132584932511236, 0.4983779788017273, 0.19377936382467548, 0.5018290976683298, 0.2823095113452938, 0.37486478715898497, 0.364780331030488, 0.22923014111196, 0.24458887179692587, 0.25403142091818154, 0.3386293541716441, 0.1749905707547441, 0.8093272273739178, 0.23076536473152892, 0.33686679096094196, 0.24238219267378253, 0.04729088187635474, 1.0234284922480583, 0.31482655458428244, 0.21343444531473021, 0.2213254403322935, 0.28385410650322834, 0.16136120682183122, 0.32754899972880425, 0.2550539489658106, 0.13392339381001267, 0.28199951057987555, 0.3545793236957656, 0.3196383242805799, 0.25177459605038166, 0.11749117982787236, 0.23586994518215457, 0.14733419958890104, 0.2172903026853289, 0.13871171266483934, 0.21125576733833268, 0.26168665146299946, 0.07359968505140084, 0.3348899407509827, 0.16352750751927186, 0.30698524265916965, 0.11583503420206398, 0.416804992997398, 0.4566788568737961, 0.15342292895851037, 0.25589788757119475, 0.21593290342328447, 0.43052902662505704, 0.2323202295228839, 0.12500448092032457, 0.5566493773034641, 0.18115116780002913, 0.22552258592276347, 0.18079778089941967, 0.797456425614655, 0.21965570130075018, 0.1087862012386419, 0.2583438381552696, 0.20892573250457644, 0.3571409817013773, 1.217895130927597, 0.7139261769396918, 0.06947552686918546, 0.3976273164153099, 0.1495083279977922, 0.5405733431024211, 0.16129328617826105, 0.46951716860445836, 0.4110433786797027, 0.2902221578927267, 0.3588154003955424, 0.13704066532331385, 0.32836412265896797, 0.1939646543927886, 0.1320229999588004, 0.26050775712549995, 0.15498937257715234, 0.3153329524832467, 0.038849122617102695, 0.22909330514570078, 0.12784538405636947, 0.7090347897675302, 0.2682296596467495, 0.2695934846997261, 0.2021331981716988, 0.05182897001504898, 0.0625775333949908, 0.35172982624776306, 0.2835070145005981, 0.2825621058819471, 0.13174148800317198, 0.6483824006281793, 0.059408364541013725, 0.25071195484552944, 0.2105723671615124, 0.043188931032394365, 0.04285154212266207, 0.5756349527121832, 0.3426304916992332, 0.044437887923171125, 0.4947727905981468, 0.23409938844240674, 0.1951721503606273, 0.15999528898909274, 0.5997692463570274, 1.2834284733980894, 0.16138167826769254, 0.3239752221951094, 0.08328284526538078, 0.3599257468487378, 0.24119260994096597, 0.14251400499294203, 0.9967555813491344, 0.3665506203066219, 0.2499525852294432, 0.025711891474202275, 0.6493703946471214, 0.051903424652603766, 0.056148449427888006, 0.1746318534313191, 0.23672427299122017, 0.15764118855198223, 0.3697178977438145, 0.2782294877839309, 0.2611515910054247, 0.24227935482782348, 0.175451793630297, 0.3888537569178475, 0.18421725623861507, 0.2986604231550838, 0.2764850923170646, 0.1660273482799918, 0.3615861963104419, 0.29003534466028214, 0.17417729329317808, 0.05331598651828244, 0.87161469865929, 0.21447439334458773, 0.2893594056436861, 0.2074895423837006, 0.3129330692842366, 0.19121438885728517, 0.42802333139503995, 0.18665303963990437, 0.17755032544761584, 0.3816069685077916, 0.4422490285443408, 0.39314348235105473, 0.2748620205277962, 0.22461271433470148, 0.32710908512817694, 0.23791551593291974, 0.38762845988902783, 0.19396196650058933, 0.23651724819231917, 0.24926221950186622, 0.24611681327223778, 0.2241293101438454, 0.36713167517963385, 0.29727996658119893, 0.27641151050726576, 0.2660419624337616, 0.18385594503007946, 0.13013321921850243, 0.18959969711593455, 0.18800149840258418, 0.1797163939280879, 0.23070235757364166, 0.18843830576925366, 0.28979748624066515, 0.16222938373620208, 0.15818956928948563, 0.18330538521210354, 0.20857789822750622, 0.3620686793530529, 0.21362550345264258, 0.4379058964550495, 0.33978001711269223]
2025-11-10 15:31:42 - fedit - INFO - loss data:
2025-11-10 15:31:42 - fedit - INFO - [0.46700261463780723, 0.1423609317280352, 0.20440156956513722, 0.43831118263511193, 0.6493965070004817, 0.455826605537108, 0.3058968745172024, 0.5137103608498971, 0.4857865282230907, 0.41167788207530975, 0.09740010146803495, 0.606342467168967, 0.29726967051447856, 0.24154004841262508, 0.32010749727487564, 0.2844927428135028, 0.36019006540300325, 0.29118720937468523, 0.31140035032122226, 0.15619804109519464, 0.2655030425356104, 0.15862099092216037, 0.11132584932511236, 0.4983779788017273, 0.19377936382467548, 0.5018290976683298, 0.2823095113452938, 0.37486478715898497, 0.364780331030488, 0.22923014111196, 0.24458887179692587, 0.25403142091818154, 0.3386293541716441, 0.1749905707547441, 0.8093272273739178, 0.23076536473152892, 0.33686679096094196, 0.24238219267378253, 0.04729088187635474, 1.0234284922480583, 0.31482655458428244, 0.21343444531473021, 0.2213254403322935, 0.28385410650322834, 0.16136120682183122, 0.32754899972880425, 0.2550539489658106, 0.13392339381001267, 0.28199951057987555, 0.3545793236957656, 0.3196383242805799, 0.25177459605038166, 0.11749117982787236, 0.23586994518215457, 0.14733419958890104, 0.2172903026853289, 0.13871171266483934, 0.21125576733833268, 0.26168665146299946, 0.07359968505140084, 0.3348899407509827, 0.16352750751927186, 0.30698524265916965, 0.11583503420206398, 0.416804992997398, 0.4566788568737961, 0.15342292895851037, 0.25589788757119475, 0.21593290342328447, 0.43052902662505704, 0.2323202295228839, 0.12500448092032457, 0.5566493773034641, 0.18115116780002913, 0.22552258592276347, 0.18079778089941967, 0.797456425614655, 0.21965570130075018, 0.1087862012386419, 0.2583438381552696, 0.20892573250457644, 0.3571409817013773, 1.217895130927597, 0.7139261769396918, 0.06947552686918546, 0.3976273164153099, 0.1495083279977922, 0.5405733431024211, 0.16129328617826105, 0.46951716860445836, 0.4110433786797027, 0.2902221578927267, 0.3588154003955424, 0.13704066532331385, 0.32836412265896797, 0.1939646543927886, 0.1320229999588004, 0.26050775712549995, 0.15498937257715234, 0.3153329524832467, 0.038849122617102695, 0.22909330514570078, 0.12784538405636947, 0.7090347897675302, 0.2682296596467495, 0.2695934846997261, 0.2021331981716988, 0.05182897001504898, 0.0625775333949908, 0.35172982624776306, 0.2835070145005981, 0.2825621058819471, 0.13174148800317198, 0.6483824006281793, 0.059408364541013725, 0.25071195484552944, 0.2105723671615124, 0.043188931032394365, 0.04285154212266207, 0.5756349527121832, 0.3426304916992332, 0.044437887923171125, 0.4947727905981468, 0.23409938844240674, 0.1951721503606273, 0.15999528898909274, 0.5997692463570274, 1.2834284733980894, 0.16138167826769254, 0.3239752221951094, 0.08328284526538078, 0.3599257468487378, 0.24119260994096597, 0.14251400499294203, 0.9967555813491344, 0.3665506203066219, 0.2499525852294432, 0.025711891474202275, 0.6493703946471214, 0.051903424652603766, 0.056148449427888006, 0.1746318534313191, 0.23672427299122017, 0.15764118855198223, 0.3697178977438145, 0.2782294877839309, 0.2611515910054247, 0.24227935482782348, 0.175451793630297, 0.3888537569178475, 0.18421725623861507, 0.2986604231550838, 0.2764850923170646, 0.1660273482799918, 0.3615861963104419, 0.29003534466028214, 0.17417729329317808, 0.05331598651828244, 0.87161469865929, 0.21447439334458773, 0.2893594056436861, 0.2074895423837006, 0.3129330692842366, 0.19121438885728517, 0.42802333139503995, 0.18665303963990437, 0.17755032544761584, 0.3816069685077916, 0.4422490285443408, 0.39314348235105473, 0.2748620205277962, 0.22461271433470148, 0.32710908512817694, 0.23791551593291974, 0.38762845988902783, 0.19396196650058933, 0.23651724819231917, 0.24926221950186622, 0.24611681327223778, 0.2241293101438454, 0.36713167517963385, 0.29727996658119893, 0.27641151050726576, 0.2660419624337616, 0.18385594503007946, 0.13013321921850243, 0.18959969711593455, 0.18800149840258418, 0.1797163939280879, 0.23070235757364166, 0.18843830576925366, 0.28979748624066515, 0.16222938373620208, 0.15818956928948563, 0.18330538521210354, 0.20857789822750622, 0.3620686793530529, 0.21362550345264258, 0.4379058964550495, 0.33978001711269223]
2025-11-11 07:08:35 - fedit - INFO - loss data:
2025-11-11 07:08:35 - fedit - INFO - [0.4460263033434453, 0.10189260205758426, 0.19663211879216963, 0.3835107934169678, 0.7469977962749976, 0.4786052852869034, 0.34527411921457807, 0.4864420749247074, 0.6274617633057965, 0.4423532517892974, 0.11080984174218934, 0.7413219660520554, 0.28674209777206655, 0.24746673610395561, 0.4435595770676931, 0.258894280421858, 0.44462791306432337, 0.29914186913002694, 0.4494542722348813, 0.24354796169185042, 0.2704831761506544, 0.16879924512907868, 0.12064454757031248, 0.5065991263836622, 0.17329827193429487, 0.4857962582415591, 0.2640523404607342, 0.3955420089501237, 0.35748088501748587, 0.2606289980134794, 0.35700828954577446, 0.2916565281727041, 0.40124795818701386, 0.2776922985794954, 0.8083422121902307, 0.25245241246496636, 0.35693745288465706, 0.30500079221868265, 0.043138219764083864, 1.195295937359333, 0.330282437166682, 0.2444348857117196, 0.25889193899929525, 0.31603013997276624, 0.18659437336724036, 0.3259801634559126, 0.30252965362299056, 0.21578433904020736, 0.32837674761940905, 0.3489820137619972, 0.369469113470543, 0.29209893714222646, 0.1136122303272714, 0.3410064329082767, 0.1321496406434259, 0.2137034334109298, 0.19968443552248313, 0.2650379528779359, 0.25180805241689086, 0.1420350056141615, 0.3966332206135672, 0.18822053389643165, 0.3006752680380349, 0.13089013537357846, 0.5562465149909258, 0.5064456517852488, 0.2725345753133297, 0.28954504149687754, 0.2805295399545381, 0.35594272922996123, 0.3095926851965487, 0.17352245341347347, 0.6762536262117681, 0.20615731020613265, 0.2742225935771352, 0.19738802918720813, 0.720175800845027, 0.21847351133409473, 0.10383858275223853, 0.31873404516954906, 0.26097813944021864, 0.3357627391769711, 1.291789669994614, 0.5988684610596725, 0.0763253201343711, 0.4375750509401163, 0.1724870648190734, 0.46798306490693775, 0.22842342474808297, 0.596943228924647, 0.5568315649094681, 0.27881920866313437, 0.3005480558495037, 0.13543290673780056, 0.37668627624710405, 0.16549009947938786, 0.17737098976171442, 0.41689546911705594, 0.12330244949996648, 0.3979603479926785, 0.0619905278707544, 0.3210487257068356, 0.09649778169890244, 0.6122086388921296, 0.3729166314005852, 0.39556582272052765, 0.2945267821325817, 0.04734735386834169, 0.12629552073970748, 0.42348207063263377, 0.2719642482491003, 0.3754280539988368, 0.06602163408873214, 1.00208787471056, 0.1100544941436965, 0.23208387642538314, 0.2086630857653088, 0.05901789339259267, 0.04266712443333947, 0.6451047622831538, 0.4222628946670077, 0.051206288539106026, 0.5162499928790512, 0.2613038644947187, 0.2169123095529223, 0.12199972326763803, 0.6382623228273587, 1.0739250928163528, 0.03590361578972079, 0.29690396853737416, 0.0790290842891813, 0.31339035165944584, 0.2504084663465619, 0.14248562858750424, 0.675563519820571, 0.3455071441659873, 0.3856601079977635, 0.030656855980244778, 0.7194029651582241, 0.04327093392300109, 0.038074333149577595, 0.18660521220451864, 0.32330879372441107, 0.1612050438222165, 0.49305793311860824, 0.24574561479190987, 0.26001805675526457, 0.2864376266521436, 0.17821693651947296, 0.35939304572012687, 0.1712301397592657, 0.3043492755880861, 0.2184189822524786, 0.19863051203719806, 0.37562956259607866, 0.38181863725185394, 0.21251410523739955, 0.10224624865416748, 0.8294640759175473, 0.20994803255630864, 0.2914537772743238, 0.18625804351177067, 0.3552298198143641, 0.23091475075731677, 0.34734995157147447, 0.22345324508136227, 0.296642651502043, 0.5332357239443809, 0.506490185590727, 0.5199034452283134, 0.27791790536077565, 0.25088564040682587, 0.37776461904868486, 0.29013541323365644, 0.4102178309112787, 0.3397813177470005, 0.37207658940719235, 0.23611957196974093, 0.35770394653081894, 0.2884142115002587, 0.22421533779965508, 0.36312795833994943, 0.2845456043879191, 0.27699204108988246, 0.19690137393476942, 0.19107232708483934, 0.18505069569108032, 0.23493841929095133, 0.16584300533854512, 0.2507786297697633, 0.2188640360341028, 0.28309754033883416, 0.21163233971068013, 0.2196839754987094, 0.15972938468265865, 0.24470724938092409, 0.33295555497435003, 0.21247949643385788, 0.28440724634988745, 0.329982602596283]
2025-11-13 16:10:59 - fedit - INFO - loss data:
2025-11-13 16:10:59 - fedit - INFO - [0.458122383832695, 0.12534847925417125, 0.2127432459861868, 0.45547920030852157, 0.8086338429539293, 0.4909445228321212, 0.384334652938626, 0.47009134106338024, 0.5630514617595408, 0.45643762020128115, 0.11363151099552246, 0.865269919236501, 0.31551991040182725, 0.25841523569801617, 0.47013118366400397, 0.28698642776968575, 0.7260109782218933, 0.3710639771953639, 0.5205488064222865, 0.2447116057179907, 0.33961160363677273, 0.18684752443174754, 0.12737450834174524, 0.6581771411001682, 0.2092429341437916, 0.467566779969881, 0.3061370105223937, 0.4337239378383235, 0.4184336786468824, 0.28863801637531394, 0.47503842040896416, 0.35834569367580116, 0.4154568273224868, 0.3488525404827669, 0.5596098771525754, 0.2687517104980846, 0.37098393445568423, 0.35104918278132874, 0.05910898834144973, 0.9601177275180817, 0.3757921574568307, 0.2908216970662276, 0.30010709948837755, 0.3602327458560467, 0.1991896758679234, 0.36995084505302434, 0.36048024360622677, 0.24423774162278278, 0.3669479756386249, 0.41619463699559367, 0.4236315086129166, 0.3760346873766846, 0.14852912580099656, 0.4252459878722826, 0.16271204503718764, 0.28137879087811424, 0.24370434231657004, 0.3210822572665555, 0.25196683934579295, 0.13571491690042117, 0.4426749939042511, 0.2151176987681538, 0.3079417416698892, 0.16821433045399978, 0.6185704133162896, 0.5200827334608351, 0.32825656856099766, 0.3397908175436707, 0.3182474627780417, 0.39058876161774, 0.36187249422073364, 0.21100402707573568, 0.855636543993439, 0.4504792746156454, 0.33610110091311596, 0.24534160101874952, 0.9383609276264906, 0.28935561583687863, 0.13189789387057924, 0.41445936472155154, 0.3002964434524377, 0.4009075954090804, 1.1534851516674582, 0.6509116910220611, 0.12016980529442663, 0.4672051345308622, 0.20260265544943865, 0.5238473122673375, 0.21839878298342227, 0.7051443117981155, 0.4159656859313448, 0.3452090914405528, 0.5764107666909695, 0.2061233622800847, 0.3438586393992106, 0.20799714798869734, 0.2637159138518785, 0.3867218809512754, 0.21221848510183572, 0.4131544553985198, 0.10562226617087922, 0.32967911536494887, 0.12108131107718995, 0.6948936022818089, 0.4540650174021721, 0.3556283935904503, 0.385615912770542, 0.10545548326335848, 0.14023028182176253, 0.40833578241013346, 0.33620961683767814, 0.38202968350163213, 0.16308352442865726, 0.9275693837553263, 0.14826963329687715, 0.2885577879949576, 0.2565740662937363, 0.07381210988387465, 0.053200651632828846, 0.6976546480630835, 0.5257886902492663, 0.07851527732176086, 0.6093429733462857, 0.31640645609510065, 0.2504074304295635, 0.16399585171085262, 0.755309885731549, 1.190094605088234, 0.05896270608112294, 0.4330549978862994, 0.10896927605467177, 0.41033524047169423, 0.3046198746810357, 0.19992118834828337, 0.9131844565272331, 0.46609382060441107, 0.3965313575334019, 0.05043305169480543, 0.7854006104171276, 0.10379656519119938, 0.06645478887690438, 0.24170988082464429, 0.3139540089501275, 0.2399990459283193, 0.5021618327332867, 0.3404676256080469, 0.31874325989435115, 0.38297144316688736, 0.25928068486973643, 0.4768465215133296, 0.24134266946671737, 0.37065535478971223, 0.31887951251119373, 0.2718899843651646, 0.471580728415011, 0.5399143099784851, 0.31802164533485966, 0.09593991902390069, 0.7617842541499571, 0.26312740843536125, 0.36723596188757157, 0.32122214970489343, 0.47890239679032853, 0.27375546322825056, 0.4713947268202901, 0.327126931399107, 0.1892545866314322, 0.7175755771497885, 0.5531675864809326, 0.5980256676363448, 0.3806658097636447, 0.2932587595035632, 0.46970704551786185, 0.37369994351839914, 0.5268960630314218, 0.39347294221321744, 0.4479680632551511, 0.32542317840098234, 0.40008715291817987, 0.35116386590968995, 0.31654833133021987, 0.4178329439212879, 0.3493303845636547, 0.33086392072339854, 0.2526879756607943, 0.2323248442262411, 0.25810725178333027, 0.31903213102902683, 0.23542581295103965, 0.3140984321131356, 0.30914677113846495, 0.37929609082639215, 0.24028353545387895, 0.3117170315235853, 0.22716066893190145, 0.3275378603074286, 0.45733216506513685, 0.2832257936132096, 0.38619401576844126, 0.40272123167912166]
2025-11-14 06:04:03 - fedit - INFO - loss data:
2025-11-14 06:04:03 - fedit - INFO - [0.48072936613526607, 0.12680788765040535, 0.21194820544785922, 0.4629153175176018, 0.7624025996084567, 0.5200227413858687, 0.35804206336086447, 0.5060507292548815, 0.5197998674379455, 0.36840536738080637, 0.10742050102271605, 0.7397373492519062, 0.30033727383448017, 0.26379783159656517, 0.39674447725216544, 0.30972600434906783, 0.49065055465325713, 0.3501480017762838, 0.33679880325992906, 0.17210336698917672, 0.34510960945900004, 0.1730219378710899, 0.14759202200972746, 0.4254397787153721, 0.18465692040303516, 0.4634905965843548, 0.3044386512289445, 0.4071364927563875, 0.356244428171998, 0.2638872768729925, 0.3354044432441393, 0.31098842062056065, 0.537554441485554, 0.23848868277855217, 0.731335555927621, 0.2548435252780716, 0.34641632574299974, 0.23340649995952845, 0.05531950288605003, 1.0623364392668009, 0.40890369702268525, 0.2596823246218264, 0.27404237700005374, 0.35647870134562254, 0.18081692573364957, 0.3559432360315413, 0.35270345193289576, 0.27317129852720734, 0.3208175770357832, 0.34840581814448035, 0.3250253897692476, 0.36231999285519123, 0.13393942994104388, 0.3000892979403337, 0.13610486090765334, 0.2696752414639507, 0.23211963075612274, 0.2872086552282175, 0.27533368572282296, 0.09156029000102232, 0.45548864179149723, 0.14902018511202186, 0.36253486631551024, 0.191968659169299, 0.3794458464408914, 0.49708706069560277, 0.2646935001636545, 0.31932888092932765, 0.304702359251678, 0.3135587150075783, 0.41829836554825306, 0.21590190926508512, 0.8029867353893462, 0.2565962891870489, 0.2750126524340539, 0.1959096312434191, 0.8716934900730848, 0.246119740139693, 0.1337874946713176, 0.3512487607076764, 0.20287852194160222, 0.30128265176608693, 1.4196095122412469, 0.6721296745042007, 0.10703686835501382, 0.4178271094957987, 0.1759479926503633, 0.5341908889157432, 0.19872153475880622, 0.36543116501222056, 0.44243712808626395, 0.3525360919357765, 0.363968020392349, 0.20910131800476287, 0.29643593480189645, 0.21301531155283251, 0.21374229148828558, 0.275334266324838, 0.18113881510327615, 0.2972064635095497, 0.07743334729845325, 0.2692612664153179, 0.12439034404233099, 0.7408117257334568, 0.29298773780465126, 0.24334023892879486, 0.20408833774531054, 0.1055410714043925, 0.10333128506317735, 0.40968314167999087, 0.3169290939897851, 0.32069109601003154, 0.16508897521513669, 0.8945201453442375, 0.1082705759035889, 0.3024507404339534, 0.24477086917807656, 0.07432121116047104, 0.05467527204503616, 0.6237933883676305, 0.50966550349399, 0.0713956190738827, 0.6021899336102334, 0.29466652358421175, 0.25709253392630704, 0.19689428595463848, 0.644065203719947, 1.4202941916882992, 0.06969587426525928, 0.418007520318189, 0.11212875217380416, 0.4384760826274201, 0.28558632890797325, 0.19185817210624614, 0.8306164108216763, 0.4325960420749404, 0.35560579587601954, 0.05553806813744207, 0.7829564139246941, 0.09665421896303694, 0.07827814623144352, 0.23380296427889594, 0.2972547970712185, 0.26933629733199876, 0.33519692801766926, 0.3536097801945828, 0.33323967307806013, 0.35583805410122427, 0.23425189193545118, 0.49912123630444205, 0.2612575012155705, 0.40103862908753485, 0.27252120890965065, 0.23129908864696822, 0.4393624211426335, 0.3238050788640976, 0.30838453651716313, 0.13076109657995402, 0.7234185426072641, 0.23356683185944954, 0.35848552481167845, 0.1963258451782167, 0.3998802896470778, 0.3150328824607035, 0.4819642536342144, 0.26901513834794366, 0.20007148736234132, 0.3918159207329154, 0.6055071125073093, 0.4404240938213964, 0.3991809992720841, 0.24905802588909864, 0.5377721294760704, 0.29051165049895644, 0.5093342026488649, 0.30799543473756674, 0.30862439458292945, 0.36161621280566414, 0.32545987268288934, 0.29861650172443616, 0.3131088769684235, 0.3354724577317635, 0.34686591799060507, 0.3203087142565184, 0.25730413094990784, 0.1903949761763215, 0.2643017393522083, 0.3447242909598918, 0.4146319024591884, 0.2620352234336592, 0.3489602129492495, 0.35889810596903166, 0.2687802343732781, 0.24196703147350085, 0.23332425039261578, 0.2773579857139676, 0.4639273099601269, 0.28970352255754056, 0.4121906164694916, 0.399486855790019]
2025-11-14 15:17:58 - fedit - INFO - loss data:
2025-11-14 15:17:58 - fedit - INFO - [0.4590173296977781, 0.13764287484809756, 0.2131853372531219, 0.4462057166060226, 0.7281928357702714, 0.4366669553731169, 0.35550280761989683, 0.5058843284845352, 0.5343311842944887, 0.41380322564925465, 0.10401105482095671, 0.5353468184669812, 0.315981770706703, 0.26992067851609103, 0.3752815996607145, 0.3052570255667282, 0.5397960804402828, 0.2850234662182629, 0.33403917829747554, 0.21556323024318166, 0.27836422229960417, 0.16930799964963322, 0.11443793948031573, 0.531334391484658, 0.20706512882089656, 0.4931470106045405, 0.3097800106638008, 0.4128775312787011, 0.38675062677689964, 0.26466012794879223, 0.3026598431169987, 0.2758591875511532, 0.3691303848027019, 0.20045422529801726, 0.7057839151885774, 0.25607714691155015, 0.3658908886214097, 0.2857169390190393, 0.0569070921913711, 1.1983740851283073, 0.34987173946919264, 0.2468549756333232, 0.23365809892614683, 0.3138449497831365, 0.18743595869247137, 0.3590169041219986, 0.29871188955647604, 0.20967618312473255, 0.29781632415660014, 0.39140537153515553, 0.33019230514764786, 0.30677897876335514, 0.13779760435184774, 0.28070095280806223, 0.3068178629036993, 0.27190912184970717, 0.18786619221542164, 0.2576655882100264, 0.33776264418459806, 0.0771437023843949, 0.4994166119080601, 0.18979911246181774, 0.4000238831521887, 0.15423604630356721, 0.4264913582243025, 0.46257656369180905, 0.23446369978288809, 0.2853445785676504, 0.26341593979547423, 0.3799039515045782, 0.3159281415864825, 0.14792471933712173, 0.6331557251867794, 0.23162507112526026, 0.298805632406757, 0.22958510066604332, 0.7757516372948885, 0.265445151200725, 0.1183254310458627, 0.3834667392075062, 0.22598889584963522, 0.28683385175827425, 1.1856614467105828, 0.6968330749798388, 0.10906542229762028, 0.2937284248570601, 0.18433094808706157, 0.6829794624022075, 0.18581667697678012, 0.49711120321104924, 0.3574630791942279, 0.37407889174563547, 0.3831481356173754, 0.20607001526514068, 0.26486547415455186, 0.19283640070352703, 0.22131824047703827, 0.30906508513726294, 0.23417510868914956, 0.37337481357778113, 0.08452755411465963, 0.239079217116038, 0.14456436553349097, 0.8873758554734565, 0.3451378345489502, 0.29138727486133575, 0.263998547465437, 0.1102099091668303, 0.07401087072988351, 0.3849151102559907, 0.32225637499380994, 0.3556051368790644, 0.14352362079322725, 0.6797142861721417, 0.06639755162177607, 0.2909390275426968, 0.25332089606672525, 0.07327833725139499, 0.0603906624019146, 0.6023595458827913, 0.4394708962010389, 0.06798789494981368, 0.6734637148678303, 0.2876607441352774, 0.24445056061570844, 0.18595880086326766, 0.6313948927854653, 1.2906197756528854, 0.07338669214126034, 0.41270088510853903, 0.10675505648315367, 0.40769413082549966, 0.2893529563728306, 0.19983988826473553, 1.0350236650556326, 0.4111258878626607, 0.3170087131050726, 0.054751329900075994, 0.6559387054294348, 0.10792234077428778, 0.08756762432555357, 0.21607317979769072, 0.3061528582539823, 0.2460898707310359, 0.39653065655794406, 0.38912542840396913, 0.3589347674200932, 0.3202487475894116, 0.23557262510682148, 0.41127352768348324, 0.23760559355012245, 0.3558298221817522, 0.3321072584018111, 0.1640970791243793, 0.41048759591267114, 0.2505455929785967, 0.26407725401222704, 0.12132299896329642, 0.6628513234582813, 0.24319573513542614, 0.3737529845287403, 0.22555144187062978, 0.46075788364996983, 0.21865009632892907, 0.5353604144106309, 0.2793559437351567, 0.24501112597063185, 0.5119443294902642, 0.5897978288786752, 0.5859169426063696, 0.36736776382125247, 0.25592539242158335, 0.36850732962290444, 0.3330354951405233, 0.5149081630839242, 0.28042263362669584, 0.35941530598534477, 0.325413236429018, 0.3048537795742353, 0.2972895368224099, 0.423871861356828, 0.3571667311092218, 0.31332878979543843, 0.31481623844140105, 0.25583166867080664, 0.17866161822651822, 0.25561918282792684, 0.292584492337136, 0.21736300457268953, 0.26793098856236724, 0.28416213351819253, 0.3223994032790264, 0.2522517225653347, 0.2475318027039369, 0.23146967531906232, 0.2756183184683323, 0.3970286510884762, 0.2763421991692176, 0.47150490703907877, 0.3733289650330941]
2025-11-21 16:43:09 - fedit - INFO - loss data:
2025-11-21 16:43:09 - fedit - INFO - [0.6856425659287544, 0.48689475345114863, 0.7280273818954205, 0.7543669794084659, 1.5126973092556, 0.2560074597247876, 1.0014181465134646, 1.5344732526157583, 0.5287864180831683, 0.1135111552792249, 0.41482068651488846, 0.4951456182946761, 0.34799481090158224, 0.44555341811624555, 0.6826485635091861, 0.15564270922138046, 0.41915072447487284, 0.24202535247077123, 0.40127541666151956, 0.32792252920066506, 1.8260606471449137, 0.13820656274522966, 1.159796650450644, 0.6107168539951824, 0.2967432515571515, 0.3042188877838531, 0.34845848865807055, 0.2486921094795091, 0.3461729745416866, 0.3123364805430174, 0.1500617509512019, 0.7504727505147457, 0.1276285477313407, 1.2347761722547668, 0.35532594551997526, 0.2245463375797352, 0.3342396212467112, 0.22161049209535122, 0.2837670182978565, 0.3626256696879864, 0.36753639169037344, 0.15428549935742736, 0.6438239659493168, 0.27583442008610637, 0.5408939350644748, 0.307316571349899, 0.264624312830468, 0.36977548777524916, 0.21602069549262523, 0.2698269041165353, 0.36190839400071473, 0.2921225157255928, 0.2051161580973051, 0.446372459509543, 0.4272285923361778, 0.33728826362639663, 0.21228196922068793, 0.2149250003354003, 0.17332602254658316, 0.29542848915748654, 0.1948340588652242, 0.4751773682637288, 0.7169631945324085, 0.33128546769065514, 0.2642222857102752, 0.29684145994484423, 0.22560384548269213, 0.1262315909339154, 0.23874224254037613, 0.14253253403540628, 0.3140141706727445, 0.18597884965129197, 0.4909281931218824, 0.23054886131833952, 0.48623672337271273, 0.2853973891275624, 0.33569220767489505, 0.20647395648933076, 0.23201163599442226, 0.2861746915926536, 0.1709042612094183, 0.40444982806220653, 0.45787710826843975, 0.31530136363580824, 0.2918159157852642, 0.4899337804388432, 0.2877556952337424, 0.11791756873851857, 0.5536484380385706, 0.14149229248325534, 0.17327330471016467, 0.17749092876444578, 0.4887198398510615, 0.20827906783670186, 0.2405552346880237, 0.19614371643206302, 0.21259122085757554, 0.1865965888183564, 0.32603791455316933, 0.12346393964253366, 0.1759583227491627, 0.3887291022221602, 0.2211035547591746, 0.3687232977577618, 0.03959912153691726, 1.5705001583943765, 0.22019046226605063, 0.4984835721552372, 0.08453665399104536, 1.4941490672528743, 0.27521108281576917, 0.16831148589275532, 0.34472222490003335, 0.2913710561580956, 0.2672819591420037, 0.2073928174472207, 0.3016909821735074, 0.20982439070940018, 0.18135989193494123, 0.253472931785509, 0.18478575710886314, 0.39384282744001775, 0.18545779354559877, 0.47525338890651864, 0.465631284750998, 0.17265544201784694, 0.730344561394304, 0.20793675502417644, 0.2007916925063768, 0.6729634361607688, 0.2653703913092613, 0.21225444308762986, 0.36556008653271765, 0.16433295706102702, 0.9884519976164614, 0.24359031979526793, 0.1452074594055422, 0.781795849047956, 0.12388794295292777, 0.9448559860122345, 0.5177625329898936, 0.1624939476295064, 0.3868659976038795, 0.1922504253463731, 0.22538748290389776, 0.1302253703953913, 0.2956016093539074, 0.12104844034666062, 1.4530362233164764, 0.2926396598507251, 0.33377098912994063, 0.22283169574880352, 0.4012857943529352, 0.270162878325209, 0.3349250629544258, 0.33199834916740656, 0.12345604794194, 0.7003191047849564, 0.3143565497760262, 0.21910526583987205, 0.2812526750688752, 0.2562284123357103, 0.2886307916293542, 0.2950357999652624, 0.4566286404927572, 0.29836917422957476, 0.5150058782171636, 0.3265991875280937, 0.17181278967585129, 0.7796232347878126, 0.2713307276651973, 0.2637046689965895, 0.3801558315753937, 0.2933741120994091, 0.26842400176414793, 0.2467645584339542, 0.19154634690533082, 0.4963883222932262, 0.36697719840018395, 0.08686473351330137, 0.7802373851729291, 1.4504006654024124, 0.6009966282245632, 0.7530940636992454, 0.1566811122559011, 0.4792313246729059, 0.2996636115469866, 0.37943633534014226, 0.5015544021236045, 0.46326060868644464, 0.15831756684929132, 0.4763426203853809, 0.3462433714626564, 0.365936979973832, 0.08215464018715116, 0.17703915806487203, 0.21973707166034728, 0.5287707513464349, 0.12388715490868146, 0.10196707360963855]
2025-11-21 19:48:24 - fedit - INFO - loss data:
2025-11-21 19:48:24 - fedit - INFO - [0.6856425659287544, 0.48689475345114863, 0.7280273818954205, 0.7543669794084659, 1.5126973092556, 0.2560074597247876, 1.0014181465134646, 1.5344732526157583, 0.5287864180831683, 0.1135111552792249, 0.41482068651488846, 0.4951456182946761, 0.34799481090158224, 0.44555341811624555, 0.6826485635091861, 0.15564270922138046, 0.41915072447487284, 0.24202535247077123, 0.40127541666151956, 0.32792252920066506, 1.8260606471449137, 0.13820656274522966, 1.159796650450644, 0.6107168539951824, 0.2967432515571515, 0.3042188877838531, 0.34845848865807055, 0.2486921094795091, 0.3461729745416866, 0.3123364805430174, 0.1500617509512019, 0.7504727505147457, 0.1276285477313407, 1.2347761722547668, 0.35532594551997526, 0.2245463375797352, 0.3342396212467112, 0.22161049209535122, 0.2837670182978565, 0.3626256696879864, 0.36753639169037344, 0.15428549935742736, 0.6438239659493168, 0.27583442008610637, 0.5408939350644748, 0.307316571349899, 0.264624312830468, 0.36977548777524916, 0.21602069549262523, 0.2698269041165353, 0.36190839400071473, 0.2921225157255928, 0.2051161580973051, 0.446372459509543, 0.4272285923361778, 0.33728826362639663, 0.21228196922068793, 0.2149250003354003, 0.17332602254658316, 0.29542848915748654, 0.1948340588652242, 0.4751773682637288, 0.7169631945324085, 0.33128546769065514, 0.2642222857102752, 0.29684145994484423, 0.22560384548269213, 0.1262315909339154, 0.23874224254037613, 0.14253253403540628, 0.3140141706727445, 0.18597884965129197, 0.4909281931218824, 0.23054886131833952, 0.48623672337271273, 0.2853973891275624, 0.33569220767489505, 0.20647395648933076, 0.23201163599442226, 0.2861746915926536, 0.1709042612094183, 0.40444982806220653, 0.45787710826843975, 0.31530136363580824, 0.2918159157852642, 0.4899337804388432, 0.2877556952337424, 0.11791756873851857, 0.5536484380385706, 0.14149229248325534, 0.17327330471016467, 0.17749092876444578, 0.4887198398510615, 0.20827906783670186, 0.2405552346880237, 0.19614371643206302, 0.21259122085757554, 0.1865965888183564, 0.32603791455316933, 0.12346393964253366, 0.1759583227491627, 0.3887291022221602, 0.2211035547591746, 0.3687232977577618, 0.03959912153691726, 1.5705001583943765, 0.22019046226605063, 0.4984835721552372, 0.08453665399104536, 1.4941490672528743, 0.27521108281576917, 0.16831148589275532, 0.34472222490003335, 0.2913710561580956, 0.2672819591420037, 0.2073928174472207, 0.3016909821735074, 0.20982439070940018, 0.18135989193494123, 0.253472931785509, 0.18478575710886314, 0.39384282744001775, 0.18545779354559877, 0.47525338890651864, 0.465631284750998, 0.17265544201784694, 0.730344561394304, 0.20793675502417644, 0.2007916925063768, 0.6729634361607688, 0.2653703913092613, 0.21225444308762986, 0.36556008653271765, 0.16433295706102702, 0.9884519976164614, 0.24359031979526793, 0.1452074594055422, 0.781795849047956, 0.12388794295292777, 0.9448559860122345, 0.5177625329898936, 0.1624939476295064, 0.3868659976038795, 0.1922504253463731, 0.22538748290389776, 0.1302253703953913, 0.2956016093539074, 0.12104844034666062, 1.4530362233164764, 0.2926396598507251, 0.33377098912994063, 0.22283169574880352, 0.4012857943529352, 0.270162878325209, 0.3349250629544258, 0.33199834916740656, 0.12345604794194, 0.7003191047849564, 0.3143565497760262, 0.21910526583987205, 0.2812526750688752, 0.2562284123357103, 0.2886307916293542, 0.2950357999652624, 0.4566286404927572, 0.29836917422957476, 0.5150058782171636, 0.3265991875280937, 0.17181278967585129, 0.7796232347878126, 0.2713307276651973, 0.2637046689965895, 0.3801558315753937, 0.2933741120994091, 0.26842400176414793, 0.2467645584339542, 0.19154634690533082, 0.4963883222932262, 0.36697719840018395, 0.08686473351330137, 0.7802373851729291, 1.4504006654024124, 0.6009966282245632, 0.7530940636992454, 0.1566811122559011, 0.4792313246729059, 0.2996636115469866, 0.37943633534014226, 0.5015544021236045, 0.46326060868644464, 0.15831756684929132, 0.4763426203853809, 0.3462433714626564, 0.365936979973832, 0.08215464018715116, 0.17703915806487203, 0.21973707166034728, 0.5287707513464349, 0.12388715490868146, 0.10196707360963855]
2025-11-21 22:31:04 - fedit - INFO - loss data:
2025-11-21 22:31:04 - fedit - INFO - [0.48077150185902917, 0.8955598651459722, 0.7064738381992687, 0.4429459021840659, 0.504132991656661, 0.4113182324940473, 0.38563141102592147, 0.3963595663330385, 0.41744068321371186, 0.48851843288337643, 0.3991002222389707, 0.3049663451302684, 0.5263138135725802, 0.24174495972046217, 0.41826186842527713, 0.22520317089292524, 0.5828428308789929, 0.10949791883710229, 0.3653999115488883, 0.35472674307234475, 0.37955190259266025, 0.11187160573123645, 0.5884892873215575, 0.2162216379824612, 0.21061686985131414, 0.4655274416912686, 0.3156802213470924, 0.0855691607705214, 0.5931691142419975, 0.30132586912562453, 0.34153652284294367, 0.3574287629267876, 0.42309340001905665, 0.11579112197735716, 1.2954200540979703, 0.3667810545416109, 1.9316400438547134, 0.5102836055060227, 0.36089754719851597, 0.3937072506795327, 0.19741250175930972, 0.3171157579558591, 0.26415598061349654, 0.3247046334838325, 0.39254543956901344, 0.179900772008738, 0.26595521863560456, 0.3665786857676247, 0.31151284060130513, 0.24390996095413964, 0.1502948935686921, 0.05806922894488606, 0.7832374274730682, 0.34743750459026723, 0.3206973944657615, 0.2488533272370992, 0.2977885682540743, 0.5523242040847739, 0.3366942303876082, 0.19603371929851063, 0.18879366328474134, 0.23366526548440258, 0.3329812780333062, 0.39790841517969966, 0.3092860858443947, 0.2039365677227234, 0.18920031123949835, 0.18273147663369385, 0.40963707400692834, 0.2867424164176581, 0.31575438361614944, 0.18880484799758113, 0.4679898795272623, 0.1822764577033619, 0.2936995711532377, 0.19656484649102723, 0.044689649399111256, 0.22505647951944008, 0.27185279803572826, 0.19237244830645692, 0.5152662783957921, 0.18932578345346782, 0.2363999581557106, 0.21511645459880432, 0.2018662351919641, 0.30374192803920735, 0.4489264215032259, 0.3312740743160248, 0.16976826721713426, 0.6419920870102942, 0.25110080416419334, 0.32612820785670055, 0.34927982624088016, 0.3731034632240023, 0.2822463157116713, 0.15794988699102155, 0.17764567827146752, 0.19157554310277786, 0.20804256092136106, 0.2631959197048849, 0.3732772368038523, 0.316253336550047, 0.1151212124665714, 0.4974037742242217, 0.2897913917270187, 0.28661066400153296, 0.22772508662504454, 0.2895128252845602, 0.29364356957376003, 0.38403412265082204, 0.14012651795248626, 0.28833571658009594, 0.18966285635670826, 0.29039992579240714, 0.266323455174764, 0.2369247774153741, 0.468907480686903, 0.31170434299214134, 0.4918018292103495, 0.3013629188602851, 0.22315427946761765, 0.3889041315350268, 0.28395887179421664, 0.3200783210004715, 0.29062995897496446, 0.24020598313460748, 0.2381472901751598, 0.2855963854697244, 0.3229079729034787, 0.4688073359429836, 0.25578295490482733, 0.09690465334473022, 0.37360298136620185, 0.677459229197767, 0.1792726306340983, 0.2161388114861706, 0.5320870012044907, 0.2723119264468551, 0.7380183593680462, 0.2466534928108255, 0.3732895660214126, 0.24318905835971236, 0.40612740421460736, 0.2591837923766838, 0.20894750353569785, 0.20705401287923342, 0.16349249340386854, 0.37247651173662744, 0.2515827259847096, 0.1698147837619578, 0.5981927605757517, 0.2086972763266651, 0.35952045825206025, 0.2575552281218045, 0.28574586781024025, 0.27429693343432304, 0.29601519064356885, 0.2614539869284878, 0.9822261855006218, 0.25143421009375616, 0.3162424219668739, 0.5075990431838565, 0.3058001581165526, 0.26275093524771576, 0.2975931162280696, 0.2762395858087323, 0.28097116406489575, 0.25772979608255214, 0.30506909980128205, 0.27848699753434436, 0.2838756955118129, 0.25405314041390303, 0.3043840950524265, 0.26775688839455447, 0.3461613833904266, 0.3440758724297796, 0.320575961843133, 0.28631860994059466, 0.16476151897675462, 0.4324820237234235, 0.31333242636173964, 0.3183221092654599, 0.2829828117171238, 0.21101128061612448, 0.4423032574355602, 0.2808583817311696, 0.20879421215433042, 0.35224171342949073, 0.279614216917091, 0.2551980001024074, 0.381193436216563, 0.3597478290956809, 0.3005279368824429, 0.30367984829677475, 0.3419168234935829, 0.28517698332489955, 0.32318999564482104, 0.34454422717293104, 0.29722459140149027, 0.3526542877157529]
2025-11-22 00:52:16 - fedit - INFO - loss data:
2025-11-22 00:52:16 - fedit - INFO - [0.4317930897076925, 0.5421300705522298, 0.36383788821597896, 1.1162847196683288, 0.6066497418408593, 0.5827717646872963, 0.2513692970077197, 0.3815003529410152, 0.38056565026442213, 0.308590050687957, 0.07948007315280847, 1.2419808904329934, 0.3280281026170335, 0.362171148883332, 0.27290836294802523, 0.18097611929600438, 0.39531940306452185, 0.12705821059644223, 0.44006418020774923, 0.4352888604537362, 0.32977057571212454, 0.4551210677872102, 0.22410866639887292, 0.38688839159107635, 0.42999328957456684, 0.13403806799231627, 0.7591170098166913, 0.4757554074283689, 0.3220603157766163, 0.24153409582901408, 0.24249511157852663, 0.4833928617062392, 0.3252489890437573, 0.1698188455239164, 0.12966278483205923, 0.4018873948818789, 0.26120773181319235, 0.27163251407584504, 0.5257041163975373, 0.3791878476519795, 0.31157325449076734, 0.1318947931205912, 0.554210185414801, 0.24193177472334354, 0.32857578421115047, 0.15985777066882953, 0.5223351555565993, 0.3167362543641392, 0.2890003263506861, 0.2112922566011548, 0.44247970208525655, 0.4716355517506599, 0.24124341507752736, 0.22270513040324053, 0.3681024358698374, 0.33889500906875847, 0.38188173586413976, 0.37955702289652365, 0.1942200594829046, 0.4205855397173227, 0.23564404398202896, 0.2262502994077901, 0.1593469489365816, 0.20540828280909745, 0.29813784405899546, 0.418088392518899, 0.29644256614367753, 0.3125721186709901, 0.1832689438480884, 0.2597717814945029, 0.42225655366200954, 0.13794835914336429, 2.051186946531137, 0.2938013054812566, 0.15192507751538264, 0.2401904857402163, 0.4904356816906811, 0.25813587554730477, 0.29377028221885365, 0.2953822114733139, 0.37127442235747976, 0.0871744537091052, 0.35788727148610633, 0.24240359857839605, 0.1328413227320804, 0.38836221661185844, 0.3341330440404514, 0.25486239662977184, 0.3124796275492935, 0.4573191243689507, 0.25886649127960915, 0.16399533487856388, 0.5229823623509968, 0.2924833258613944, 0.23282481825307888, 0.2743232760578394, 0.5382254601766666, 0.2419732047865788, 0.2233761509725203, 0.3020430959209248, 0.21362984848495287, 0.23124265198906263, 0.2428998775744381, 0.31914409529417753, 0.2519483763688043, 0.16801319477381185, 0.37065803909583106, 1.1040160693761816, 0.4514313215123755, 0.3122986228693099, 0.3204021218698472, 0.30733762914896945, 0.3831299155950546, 0.5037955895864538, 0.18197082077773907, 0.3516221779088179, 0.24212538341108042, 0.3498489090981072, 0.14722662344186876, 0.39030523764337816, 0.21004859392220773, 0.2664460606421485, 0.25355971908002956, 0.32868225198416484, 0.20929789558673897, 0.31221157450366904, 0.20216976692900063, 0.3797730796504766, 0.26341338207324344, 0.27095848112367094, 0.3877245380983248, 0.25132802634955925, 0.9761039563232945, 0.22835212914894026, 0.3827243897886503, 0.30630158288404347, 0.20603718097801463, 0.18894594895537012, 0.13155020350929011, 0.10347482702479913, 0.9187626807639996, 0.18726234016939997, 0.32307427485163015, 0.22240621285357823, 0.21054991796802455, 0.42265276996684925, 0.2518084655343382, 0.27949868104396725, 0.38880168323715525, 0.15032696099951864, 0.39460631031953897, 0.3108881878511359, 0.7044400095655874, 0.8114019245607779, 0.4216191355212062, 0.1964525403168339, 0.24614460525723797, 0.2770882719196379, 0.535046903261294, 0.36952804611064494, 0.33913791347295047, 0.3462805963121355, 0.3457725186433111, 0.26935297535749636, 0.33798737404868007, 0.2557417808885814, 0.17267241487279533, 0.9704247643905026, 0.3620128525019276, 0.24796694591641427, 0.4406016975020369, 0.2069743222091347, 0.4972164895851165, 0.4188426138300981, 0.4343758035451174, 0.3630897390123989, 0.3726266411665295, 0.2934043996932882, 0.32921012630686164, 0.7302698683504965, 0.3057991998187979, 0.36140818893909454, 0.28169375732541085, 0.23727139855424562, 0.3793195379509901, 0.43744791829071583, 0.2100877057523558, 0.3743747611685346, 0.9911187350749969, 0.3868522862903774, 0.7235604204237461, 0.7882972686999926, 0.5296994778726782, 0.5053206275884544, 0.4485277323140985, 0.39569208153213065, 0.3817737906550368, 0.6234985646525664, 0.29792362240897047, 0.3638534164056182]
2025-11-25 11:06:26 - fedit - INFO - loss data:
2025-11-25 11:06:26 - fedit - INFO - [0.6847162597236179, 0.513392690072457, 0.7233818016635875, 0.8004928409885097, 1.4988528296351433, 0.27543400714173916, 1.1725245203831745, 1.9220380304115159, 0.6974694110666002, 0.22255257664334913, 1.0114965103566647, 0.4424834487338861, 0.42070163475970423, 0.6000690418541825, 1.238723630715339, 0.16318535613051305, 0.5048971427604556, 0.25051421128151996, 0.40552471386734396, 0.3497256935642769, 1.7949971151538193, 0.15441050785334987, 0.9366590077444622, 0.5477227683519371, 0.3246109550492838, 0.3430645696020552, 0.3690073023550212, 0.28129966057659156, 0.35596401814081063, 0.3410318132614096, 0.1524056940776945, 0.9421705808490515, 0.09583716002564567, 1.3657217206699508, 0.3454825298062393, 0.2499609025031364, 0.3617267718264021, 0.2680694377049804, 0.3394576841239612, 0.370726116001606, 0.39593001939356326, 0.17558256174454118, 0.729153196575741, 0.2803660905169453, 0.6158939821024736, 0.342623173755904, 0.2610558018088341, 0.42830467596650124, 0.2522413990770777, 0.2887418669193894, 0.3857568168923968, 0.30462339458366233, 0.20771972862580285, 0.451136496716312, 0.4493933115154505, 0.3617665498672674, 0.23372200691762068, 0.23187540046249827, 0.20237567819034058, 0.35225627578440166, 0.2149520600956375, 0.47804646569374387, 0.8410138138348148, 0.3784876980774459, 0.3497435315512121, 0.3067278021786894, 0.24455332104116678, 0.13513018851741576, 0.2772158559662505, 0.160633019834327, 0.32078303083777426, 0.17134538479149342, 0.5518166362973196, 0.21834253926689806, 0.48944482230581343, 0.31067762756720185, 0.38059319623879023, 0.21669671982042976, 0.23631069073453545, 0.3110322691234095, 0.2059568137999685, 0.4086127795279026, 0.46863005943596364, 0.36051422990858556, 0.33710287676917183, 0.47395517410976545, 0.3062731715540091, 0.1512050265483618, 0.629295308941177, 0.16068981277787098, 0.18986904798075557, 0.19956617386727998, 0.5722100079059601, 0.23513748925179243, 0.28547240316956524, 0.19697792134801304, 0.22406786936335266, 0.2108732315991074, 0.4206463003287181, 0.13270964698555568, 0.15288674094093344, 0.44345959639620214, 0.25965990629047153, 0.35455748758145744, 0.04913608930655755, 1.5595385117145877, 0.2673094689402552, 0.5573886297643185, 0.09013569418591662, 1.63165582716465, 0.3260241953013021, 0.2284574105844393, 0.36431674756641896, 0.33084972710348665, 0.3081331338839871, 0.2407450334996813, 0.33172814910455295, 0.2753700353205204, 0.2146402817685157, 0.30080450513400137, 0.21144228742147486, 0.42427802937371395, 0.22437564927774173, 0.5310973022909213, 0.46584741212427616, 0.20881730001974994, 0.7807777132838964, 0.2525947929185989, 0.20837336062610923, 0.7429117076098919, 0.3025550004094839, 0.24829958915887845, 0.3738994642737366, 0.17073887108359487, 0.9990897367575339, 0.30625590080903337, 0.1690275023261515, 0.7900400090785253, 0.15955258361135538, 0.8705714485608042, 0.5855860114097595, 0.18577757716799775, 0.5067611955708036, 0.21856970295664807, 0.25872189110765853, 0.1505842157341062, 0.3207388542033732, 0.1306883136129805, 1.6672703002002978, 0.39248303450377925, 0.42348024089421543, 0.2579087062490483, 0.42378934233316357, 0.2881921556312591, 0.3368044048547745, 0.32727413934965927, 0.14833611828002213, 0.7951766983534281, 0.3180010902828404, 0.2632561140439727, 0.33245750687395537, 0.29236126132309437, 0.312150439247489, 0.3253562022000551, 0.5010566821942727, 0.32686457296853866, 0.5711127396318174, 0.3372094389051199, 0.19585235212714625, 0.8210399715373149, 0.33481315361601965, 0.32071769131081446, 0.3830362086494764, 0.3233682196693761, 0.3108353976769229, 0.30142937733658726, 0.21486167393624783, 0.5202759174922748, 0.39166147191303247, 0.10762275972714028, 0.7643140400440565, 1.3368331021987476, 0.6380073310664067, 0.8535589584708214, 0.15297616306692363, 0.5304276624901427, 0.3736778975402315, 0.48001123362531267, 0.5858000143031988, 0.5466434611007571, 0.16311396285891533, 0.47480746663103884, 0.38620878393865293, 0.3734501365643854, 0.094288469704871, 0.20175266778096557, 0.24952283774036915, 0.5533625280928044, 0.13581168930977583, 0.12389197152935796]
2025-11-25 12:58:51 - fedit - INFO - loss data:
2025-11-25 12:58:51 - fedit - INFO - [0.4944414765470558, 0.8618806093931198, 0.7065332694487139, 0.45938792007250917, 0.5128321041249566, 0.4462536792544758, 0.430279400303132, 0.45938996970653534, 0.49483019268807626, 0.5696328648676474, 0.48383402764378003, 0.3511046464046972, 0.6555791481426267, 0.26775211196444515, 0.4705028896133939, 0.25150563719395147, 0.6624527228996158, 0.12750837809451493, 0.42969311526504117, 0.38931565027078385, 0.4407472395323177, 0.11917099884659466, 0.655424837586509, 0.2517006017203029, 0.23764947100229233, 0.5465755178169771, 0.35271464356134086, 0.10200225900108409, 0.6674384338160355, 0.3242606890077392, 0.38681902239720023, 0.41222907185716473, 0.48003809219774074, 0.1428460834965032, 1.4451811959346135, 0.3169122595411156, 2.6373448967933655, 0.8345133556673924, 0.4233470864198876, 0.40556180241207285, 0.22158788025974194, 0.3800266830250621, 0.27851391596616143, 0.3672785390619979, 0.4109638729797942, 0.19869171570312102, 0.30296516054982525, 0.4072615373339774, 0.3482817982633909, 0.27301197055106363, 0.18751112033561285, 0.05424942655049057, 0.7862151861190796, 0.3964569252280016, 0.37063959252000567, 0.283021079147205, 0.31265169713389723, 0.5842617775003115, 0.37599143410722413, 0.21713729844551483, 0.23658061657139723, 0.28434101204491324, 0.46649695922517115, 0.3853188764769584, 0.3787381449891698, 0.226152837109463, 0.21110280840435908, 0.21984125714326047, 0.4547792837023735, 0.33037008125388967, 0.3778971083462238, 0.22977546629463805, 0.5089008760239397, 0.20639847823832597, 0.3587690174047436, 0.23565546712941593, 0.055651955636373415, 0.2727056474243808, 0.31271708760436745, 0.22317957313086914, 0.6617500097914175, 0.21604468559639323, 0.24787347416647457, 0.23274705310662588, 0.24431223799403984, 0.3294997288889828, 0.5050311827411255, 0.35706232699255147, 0.19551409347914162, 0.757152536418289, 0.2978182593630492, 0.35598817834305385, 0.4140097304646458, 0.38062354496547157, 0.33025976762666037, 0.18956244122754368, 0.19685780259236188, 0.23977145418719528, 0.23629058245569468, 0.32271595764537103, 0.39658968407532263, 0.3732453201897442, 0.14660214287060727, 0.5300609424710274, 0.3455815948545933, 0.32674635015428066, 0.25519325576412183, 0.3505786787405485, 0.3136551160365343, 0.4087765674727658, 0.1730276915343778, 0.31478441297490767, 0.2434952451965247, 0.3462201297721442, 0.3054739500706395, 0.2670422301938137, 0.44080046787858007, 0.3611190912538561, 0.5114610780562674, 0.35505847882455077, 0.2775113760258189, 0.43540450144145226, 0.30575504463867864, 0.3686208010397174, 0.34673548497113527, 0.301819870993495, 0.2934694554346303, 0.3124461197005264, 0.37889378562214826, 0.559966256575925, 0.3069623091834642, 0.11445122267016106, 0.43495981260161665, 0.7705478897052151, 0.2095290360598691, 0.25492463254862846, 0.6121403962373734, 0.25704996058096485, 0.8588285710041721, 0.3209245338681198, 0.3932046682263414, 0.2593551442647974, 0.5235529850340552, 0.2923621080401871, 0.25812114837268985, 0.2808200850792374, 0.18433200291668375, 0.4878326862612191, 0.2871595472097397, 0.20439614260214425, 0.6329974520744549, 0.24699077577633222, 0.41207985333767416, 0.3174692740795588, 0.32737257745060505, 0.3257037552146168, 0.3369918933138251, 0.31112275635823605, 1.105351576540205, 0.32206846439097636, 0.32629643811119924, 0.5028798814449046, 0.3555912182976802, 0.3327844934538007, 0.3274490049278194, 0.3146749844844329, 0.34464530765803325, 0.3129536606874531, 0.33387303026393056, 0.33924998182292077, 0.31075104401657405, 0.2987847845291808, 0.3549573442249587, 0.319153732019994, 0.3599961982005172, 0.4038373577807631, 0.3743125951538483, 0.3240866970656247, 0.18802028434971968, 0.44648759791420567, 0.38071267896642286, 0.34807513385183286, 0.3313742338840304, 0.24279431088103187, 0.445712615052859, 0.3102904622043882, 0.2428812994496804, 0.412161256497105, 0.29017375310262045, 0.30760550467918313, 0.4432366693702837, 0.4140363274061162, 0.3273085810037123, 0.3318635361889998, 0.36084870905393646, 0.35105775755697066, 0.3702188939683967, 0.4103825346877178, 0.35582197655911574, 0.42484691850841044]
2025-11-25 15:54:05 - fedit - INFO - loss data:
2025-11-25 15:54:05 - fedit - INFO - [0.42549022858341534, 0.5338049922138453, 0.35857451384266215, 0.9169250163249671, 0.609678651827077, 0.6592710154647587, 0.36978761677940686, 0.4622194259336182, 0.41946426723152397, 0.44537709210293763, 0.18476242199540138, 1.054765868045035, 0.38098787953794905, 0.40309917832849734, 0.2999624090734869, 0.21760952460269134, 0.7998425323854793, 0.11622513616457582, 0.6245670993501942, 0.47843260715405145, 0.36543008262912435, 0.5230509438396742, 0.22237377033258476, 0.42567569501698016, 0.45311935620244453, 0.13456796986640918, 0.8867279401359458, 0.6057157222713743, 0.34577356452743213, 0.29753950221294706, 0.26442443936996696, 0.5289351614881996, 0.3840853882332643, 0.1924802535749746, 0.15427810253362015, 0.36447128374129534, 0.2808579966425896, 0.29458920699967583, 0.621423797449097, 0.40701988029896335, 0.3217332514729129, 0.14602253311895766, 0.5519686423862974, 0.2670217595684031, 0.4263310828763578, 0.2702078038233925, 0.7485794393966596, 0.3657390444567709, 0.3186474924153161, 0.2379285350131492, 0.5325692749271791, 0.5289628489563862, 0.27309535928070544, 0.2506647084529201, 0.4134169681756585, 0.5865426784490838, 0.40397980135111583, 0.30069970314462596, 0.22327247929436755, 0.5955806140047617, 0.2622362208707879, 0.24431648755897625, 0.15288886986672878, 0.21128159700202997, 0.3794260712340474, 0.40332756333929654, 0.327603256373721, 0.3417491737442712, 0.18121169482425709, 0.41256647952247405, 0.6868443205021322, 0.1535067438197961, 2.0978904056052365, 0.3434508133870669, 0.17135772976819985, 0.3697603793543143, 0.5000917504240265, 0.2779800694125394, 0.3212526855058968, 0.3353744412626267, 0.3998247983554999, 0.1178047553805465, 0.707550084849936, 0.29067332275175994, 0.16558468777220697, 0.3903614604224761, 0.3754136860370636, 0.26055057214491495, 0.3316775218228854, 0.49844460282474756, 0.28455892377754766, 0.19593572194377581, 0.5817490000058623, 0.32944142570098245, 0.2750957640435766, 0.3201139352594813, 0.6625710351481324, 0.273295203410089, 0.2480617767993223, 0.3454835612919336, 0.23669455472666484, 0.24597852563795947, 0.2979401290201797, 0.3912286146854361, 0.2933966993244693, 0.203199323049436, 0.4364685380010755, 0.359433293051552, 0.4890723191201687, 0.3404727850464128, 0.33888085559010506, 0.3379569842480123, 0.4318743883166462, 0.5852490353531071, 0.3105410533025861, 0.3640596188516134, 0.27523321811205304, 0.4106032163014307, 0.16715538539380453, 0.5356117195985391, 0.24727946886171898, 0.3132331794071378, 0.29022995389289985, 0.3743415105910528, 0.23809807967733254, 0.3430020826144351, 0.2415035204651455, 0.752945498097688, 0.2784665689493219, 0.27259444759692997, 0.42494220485153433, 0.26422490641804564, 1.0252237871200556, 0.2683398158599933, 0.43098419780532515, 0.339643141751488, 0.23949132001761236, 0.2279558972957602, 0.15911613701080735, 0.11867456499917003, 1.0249654271950326, 0.17084032464772464, 0.40784870383019245, 0.2246567851708581, 0.21207072847195108, 0.4549886044114828, 0.3630900967728209, 0.31636935895165574, 0.46965546866967567, 0.18509748885408045, 0.871419424259597, 0.3166314929888661, 0.6286979686808384, 0.8439600797059635, 0.5384188306828339, 0.2166690574744, 0.2830379071334998, 0.32962609586926794, 0.5968974503998955, 0.3445816326420754, 0.3695380695474645, 0.41666821446269753, 0.41677138550827897, 0.31768008366365125, 0.2854863191023469, 0.311981832480752, 0.18676668324818213, 0.997088291815349, 0.47210149474295915, 0.4049945797858527, 0.40346669793749845, 0.37277877299735945, 0.48633749918080865, 0.48906933329999447, 0.5888495948165655, 0.3604785166680813, 0.3812433538426246, 0.34615498159287705, 0.35185546800494194, 0.6438232118300362, 0.354661950956763, 0.3954709314686411, 0.3229311605294546, 0.4249575203905503, 0.2875152300732831, 0.4680499116269251, 0.26772200668267176, 0.42550946011518437, 0.9696661986410617, 0.4442642019727291, 0.729180806176737, 0.4840784846563582, 0.6475785911083222, 0.4987449946950489, 0.5268128447944209, 0.45725967443237703, 0.4039823330938816, 0.44537611305713654, 0.3339134931919121, 0.6119502954185009]
2025-12-17 22:21:51 - fedit - INFO - loss data:
2025-12-17 22:21:51 - fedit - INFO - [0.6855442394812902, 0.48811497737963994, 0.5441747527705351, 0.4052812580403221, 0.8691013751085848, 0.3545324585788573, 0.5333171014975487, 0.7493176642590418, 0.5153167131046454, 0.08038115022366886, 0.26816819272014303, 0.37509998669847844, 0.3206676403991878, 0.31314068533732403, 0.6797356405129125, 0.14283286387799307, 0.3942815917902268, 0.2719485862156711, 0.32920470033520055, 0.2684801669364485, 0.8887464966392145, 0.14344309566022542, 1.253537697094088, 0.4915389319395179, 0.2838629822663885, 0.2939071227891896, 0.3617263759486377, 0.2410062584651207, 0.33994147311896084, 0.32784803009902436, 0.14577249189351277, 0.5512390490621328, 0.15406172276028277, 0.8006535259147103, 0.29263869418690985, 0.2091525013878709, 0.3530113678968822, 0.3119412772357464, 0.26847081454470756, 0.3236194411292672, 0.3355351710071166, 0.16649008820822928, 0.46327467071047673, 0.26890374926539756, 0.4102199338376522, 0.30393417798396616, 0.2352162235416472, 0.3198451325225715, 0.22162226213452718, 0.24915112873810966, 0.3120246129576117, 0.2932138597903152, 0.20350928568514065, 0.3218466134608856, 0.3567105121910572, 0.33310194655011094, 0.2244129561353475, 0.21527454151461523, 0.15589755848341155, 0.30263071682097187, 0.18583065596224818, 0.36068251204592305, 0.8803024813532829, 0.33957921005785463, 0.23388464351495106, 0.29304098089092545, 0.22249513970843204, 0.11894574738107622, 0.21206886771833525, 0.11573648955478955, 0.29273757431850145, 0.16494698584938305, 0.36765977943268346, 0.19539882456366386, 0.32511520786210896, 0.24364554199855776, 0.2921100095105477, 0.1860202981206851, 0.15380010269353056, 0.273798090708442, 0.16924488698503268, 0.37775574518471133, 0.3919730803722309, 0.29297225357343754, 0.20758596747379188, 0.6033342420744399, 0.27123378601132164, 0.09455128679449747, 0.26264034521479446, 0.14014857159927488, 0.1835969936529485, 0.17258827771982788, 0.5015939005961021, 0.21410671213331323, 0.24102538547789057, 0.18548181686977233, 0.17015133822860662, 0.20619492640835232, 0.1875502805496814, 0.12187512637077211, 0.21960305264413668, 0.3504799242441853, 0.20032363470139292, 0.303533433404352, 0.027550265216382732, 1.6376895579198996, 0.21999459668295457, 0.4565666653215885, 0.10419113580040479, 1.012719891137547, 0.2556893046945333, 0.14400620700169103, 0.3074189296314636, 0.2702717040355007, 0.26278662779146716, 0.16619390668775474, 0.3378546617925167, 0.1651497590355575, 0.16083215021838743, 0.23286925840269154, 0.1770691485556502, 0.3113547380215355, 0.17960369312204422, 0.36014814982190724, 0.3931331830099225, 0.1650362029778383, 0.5674087655788753, 0.19602310756066194, 0.18858348762705213, 0.5483782777132896, 0.27486185799352825, 0.18451756693115162, 0.35681401640176774, 0.11826232857323096, 0.8359014759771526, 0.2097065718844533, 0.11668563977679393, 0.37366558814288253, 0.05866240958469765, 0.7925354165860857, 0.3161835308585848, 0.15347505778384707, 0.3652457347760598, 0.19679197603836657, 0.1670538652940498, 0.12818531174755965, 0.3273523620950679, 0.1069721012830823, 1.0569586546470722, 0.19588187910938779, 0.23582223603645197, 0.24185577700069794, 0.3825097605586052, 0.23723563217661447, 0.2816890422254801, 0.27003164956501374, 0.11076608391378222, 0.6871287185698748, 0.27763447740913505, 0.19670241950079798, 0.26873001651838424, 0.2731751184600095, 0.20956944844995937, 0.27495425345841795, 0.6026253425826629, 0.21460161710246686, 0.5901955110331376, 0.28145913649350407, 0.1226437724497373, 0.8253785987695058, 0.27492229994386436, 0.22411271004627148, 0.3473011991009116, 0.27774776348489383, 0.1972454979084432, 0.22539266944125605, 0.1746775046456605, 0.48775509753479407, 0.3364432686474174, 0.09134059899952263, 0.7048634386045309, 1.2304681733250618, 0.4907111020836358, 0.5829230707552697, 0.18919050229402878, 0.3779734850815479, 0.2773035257201021, 0.34457814544439314, 0.3915229996200651, 0.3984431886424621, 0.17021613088436424, 0.4068291521657051, 0.29829734911703887, 0.3596395640245949, 0.09329775308724493, 0.14367119794090588, 0.2112971170494954, 0.5010455989677991, 0.12090178170862297, 0.11710300624334052]
2025-12-17 23:45:32 - fedit - INFO - loss data:
2025-12-17 23:45:32 - fedit - INFO - [0.4343445631059106, 0.9245845272231767, 0.671317590489274, 0.41272370180942947, 0.4370691564244529, 0.3014705049326747, 0.30867984199948195, 0.28375988394523466, 0.37139938374360404, 0.430316952527279, 0.3753764932354291, 0.2963325311019573, 0.4402681482226952, 0.21236897425477247, 0.40901715069627154, 0.21427562267700623, 0.4738820218791564, 0.0856116718429904, 0.3631475329870123, 0.3401990877553111, 0.35095540785363744, 0.08863251639542997, 0.43003855971175997, 0.21212696010639487, 0.2083562471527936, 0.416554679207149, 0.2901672968197437, 0.06359751668821083, 0.43536012137220015, 0.2749396512284875, 0.3124014930833347, 0.3271951756129662, 0.3556186553090811, 0.10282684887934011, 0.6549209378145893, 0.20017412409627772, 1.4532956704497337, 0.3100198745572319, 0.3510616673600106, 0.3733853573600451, 0.18208305362378405, 0.33234480128933985, 0.22088087258679379, 0.32234579709668953, 0.34193903231658995, 0.1772075166667087, 0.2204531319727721, 0.347928636237655, 0.26948380878235656, 0.23639837599669894, 0.10436299175044575, 0.05544862755778013, 0.880379993468523, 0.3463547297354256, 0.32048764301893806, 0.19120282103838876, 0.3093955376127269, 0.5320713479557763, 0.3619148125622236, 0.1975682907558318, 0.17850072464619493, 0.17331026719983522, 0.24028176090145922, 0.44252192476091695, 0.29548176246256036, 0.17052090735329936, 0.1798998883419917, 0.16084823097209627, 0.40003625729845627, 0.27480211981582914, 0.26507454686503773, 0.17658798252232372, 0.45980214341901815, 0.16972081919795728, 0.25999272786031, 0.14539978829558922, 0.03421258111237061, 0.2198893731020184, 0.26447690095131593, 0.17601585887101204, 0.37579004759917334, 0.15634360067440897, 0.19614578949875155, 0.15805543915274134, 0.17019759165123105, 0.29372859073004554, 0.36239874619059265, 0.34751498818654436, 0.14799516307644264, 0.422758056751142, 0.22934282004522782, 0.3134261796162242, 0.3672099164021867, 0.381433793942311, 0.2800096008394446, 0.16762098404852785, 0.14838237850150715, 0.1622104004758191, 0.20611875581089406, 0.24919280450613723, 0.35150101004789275, 0.30677904169792414, 0.08202281731549495, 0.38367679473012684, 0.24842182560158627, 0.2733589444213953, 0.22967579235943658, 0.25534369580092886, 0.2037470859863485, 0.45576870573891537, 0.13035301421720458, 0.267090775365276, 0.16139154087788626, 0.2855190654595693, 0.19914424015290064, 0.20810028828442834, 0.42148925625106204, 0.36530153242250285, 0.4380893692947351, 0.2903936007370551, 0.24515032616133492, 0.37841250356286765, 0.2497912503297216, 0.2730320343038156, 0.25144462217630326, 0.21352558028884233, 0.22833290565758946, 0.3184802499289314, 0.26466429422568216, 0.3761128367712865, 0.23265149714868694, 0.08477352061648465, 0.3015245938076814, 0.32577236568038703, 0.15088641320435273, 0.20006285614023606, 0.38560240119695666, 0.33721184929211934, 0.4969729388780568, 0.24814741045523148, 0.2805031580850482, 0.2696861804928631, 0.32794843332275103, 0.236769722266354, 0.19897029410737258, 0.2261407086936136, 0.1433567318508365, 0.2298461220680903, 0.18918035409546324, 0.1347577750921205, 0.5192179632890556, 0.1623113259319395, 0.3868441296741366, 0.202036960368296, 0.2826435085918222, 0.22841125666829093, 0.26582781054700416, 0.17255611511128438, 0.36795564745035436, 0.2275233842122058, 0.2911844830054583, 0.5735036289940277, 0.24443130721064177, 0.2378254068961394, 0.24487608244076317, 0.22715425050506988, 0.25437212555358807, 0.3027051730081439, 0.24744595082449738, 0.22799428698296348, 0.3105458368857702, 0.21528095029628813, 0.29300379723842657, 0.2846587577213844, 0.3524542083549831, 0.36252128705382347, 0.30124356172043054, 0.2802340562765797, 0.12640821266298494, 0.4381268779281527, 0.2614664902235719, 0.2640690249908302, 0.2915524954083322, 0.2685174249429134, 0.37162334404143565, 0.29200432526950654, 0.24927144977172802, 0.33494640570133927, 0.28204656299203634, 0.2309706772988041, 0.3629552414640784, 0.31103473547846083, 0.2988846601294282, 0.29716230907714836, 0.3241722455057196, 0.22865454102606045, 0.3277250526679887, 0.38167752201358474, 0.24912442641687535, 0.32692517079412936]
2025-12-18 00:54:12 - fedit - INFO - loss data:
2025-12-18 00:54:12 - fedit - INFO - [0.3625083909925036, 0.5363652721668284, 0.35489571981809354, 0.6536838519076507, 0.5259785894304514, 0.5346133045852184, 0.2205615784921166, 0.3801035418429158, 0.348823924921453, 0.28781844333032935, 0.0822661422868213, 1.0529090231727987, 0.32283087470215943, 0.3100910797813964, 0.2222401222384568, 0.19490216879122374, 0.35432583062246326, 0.11254084702684647, 0.3887388044735417, 0.3731324058868701, 0.2917156834465762, 0.3334358168714162, 0.19379595199134203, 0.3259846409998967, 0.44209050995608173, 0.1168149305422875, 0.46342741989841063, 0.41591726930900697, 0.32010893487992387, 0.1873827228230904, 0.2070626328225314, 0.45968306126693886, 0.30063820198799174, 0.14552429404857598, 0.12407942919568692, 0.2932374226612349, 0.2702881675989678, 0.19676844242198224, 0.2709118267155039, 0.37112605435152846, 0.2735884008180518, 0.11296430676637909, 0.4595023004959027, 0.18883972651221687, 0.22722321997141642, 0.19284569249827077, 0.35169289507903156, 0.18452240566010447, 0.28699403222029407, 0.1703790314178067, 0.3105110633412771, 0.2686584642933061, 0.13698148548525446, 0.23022365290671587, 0.36960828043520455, 0.3427803213727505, 0.3584045113197395, 0.31348558348603545, 0.18051909076639278, 0.3822169209954639, 0.21957208270291123, 0.1977146672520603, 0.10809134405547713, 0.19586505565821424, 0.27146273736531534, 0.3191001149825752, 0.2680230977078382, 0.30073958535989126, 0.17536954146328046, 0.16378809002334793, 0.46585658319915335, 0.1058599333789122, 1.097981120036407, 0.17888685008341615, 0.14052940991791224, 0.12335571972410739, 0.3557570446327898, 0.25767565599332254, 0.2649680308461415, 0.2899893555790186, 0.31452274384597934, 0.06454994921884712, 0.480926083974191, 0.2032295378235479, 0.13979913615168899, 0.24450033425043027, 0.2998825112978617, 0.22294752205206986, 0.30793174752588603, 0.2881019201129675, 0.2517322618115161, 0.15593359918107813, 0.41296083242115045, 0.23110083697829398, 0.19969390774818344, 0.2267772454613199, 0.41204507975351246, 0.17355913359370798, 0.22686458535802861, 0.2779050144056479, 0.16872723161553344, 0.2238030946503083, 0.20711330514711637, 0.23704558029545075, 0.18878245549558692, 0.15122979391987124, 0.2278809995157644, 0.8297256998096902, 0.35752772316336634, 0.26396658982742915, 0.27204558666618095, 0.19824787467174854, 0.23891477028114927, 0.33478930069222335, 0.13013768686602512, 0.31835714901487033, 0.21707987193639078, 0.29460270392398036, 0.09685430961447612, 0.4316150850013946, 0.2101834932672015, 0.20474160160996357, 0.22587020935180285, 0.32558074655632174, 0.1394206257113679, 0.24940895260466883, 0.22990422988798292, 0.3319416991551407, 0.2459893212230368, 0.22881978961328667, 0.2935134524852038, 0.2769837094815254, 0.6654148504137993, 0.20937080502961622, 0.3520441334251137, 0.2524484246555302, 0.1850800146288803, 0.17743025816129782, 0.10160715703945372, 0.086181206981548, 0.7104562411028328, 0.264187256613421, 0.30777162419011195, 0.3936380428960547, 0.169478953491974, 0.38453604832646393, 0.25474527840916483, 0.24161858276153603, 0.3789381173749765, 0.1393143028020859, 0.46633973239610593, 0.2672863812819641, 0.4401058901503954, 0.39830405186189133, 0.2756321881276866, 0.16060650261119008, 0.22389465358221172, 0.26722674276679753, 0.5165004635850589, 0.3159473203588277, 0.4126883953809738, 0.2569403732764638, 0.3330974660813808, 0.2799970280379057, 0.29705907901128137, 0.23766301348805427, 0.14158123602074657, 0.7835110127925873, 0.2802237899663548, 0.2510200657009605, 0.3611910317996235, 0.21976334780144197, 0.4189829690084379, 0.4009730185071627, 0.4141303501904957, 0.32630152697009696, 0.2960807810847958, 0.30360307153314353, 0.269321032303075, 0.36098632353047533, 0.26472292933548386, 0.2886382654309273, 0.25405811220407487, 0.28675655581367515, 0.3473480478938048, 0.4397027651779354, 0.2064374895921598, 0.35737748580674333, 1.0181427084737353, 0.32166715930470013, 0.5542509304980436, 0.64542144301037, 0.45291112812738565, 0.3679882174453399, 0.4013367371426688, 0.3894150935941272, 0.3285514507781376, 0.5427923725274879, 0.31807724162936213, 0.3744768320272366]
2025-12-19 17:27:17 - fedit - INFO - loss data:
2025-12-19 17:27:17 - fedit - INFO - [0.6869839668273926, 0.5050656435079872, 0.553630978858564, 0.5338761602575758, 1.2772469988299742, 0.290343173686415, 0.6906473466908828, 1.0960483476519585, 0.6030881794790426, 0.11156053229691074, 0.35553170839877246, 0.48639735681936147, 0.3960327861830592, 0.44487171467529457, 0.602794326764221, 0.14812534322069648, 0.4788714347299762, 0.2885059832260968, 0.34405211358874416, 0.29241986458121877, 0.8551307790912688, 0.16252374280493848, 1.1792033935215227, 0.5807278632776227, 0.2831127924786415, 0.3409115600853394, 0.37561456353093187, 0.25786460979919973, 0.36554259958987434, 0.34608773100965967, 0.15620067583755978, 0.7197011518292129, 0.15887827036494856, 0.8878570847151862, 0.29004841505621487, 0.22782328411461397, 0.39148078074989223, 0.22578005952527747, 0.2791873168809196, 0.34333429485559464, 0.3656686147985359, 0.16035950053289222, 0.4823626985346588, 0.2887337594293058, 0.45106600746512415, 0.3479408741411235, 0.2624657128239051, 0.3610397830509987, 0.24413996654459172, 0.25244473180112736, 0.3381921315565705, 0.3067437765809397, 0.2055755155093114, 0.3504725940791624, 0.37618493335321546, 0.3565828088670969, 0.23935671998187902, 0.2180465078136573, 0.17923011463329505, 0.34254273391432233, 0.20126778574582813, 0.3922913808813622, 0.9368971695502599, 0.3796355435003837, 0.27931000863512356, 0.31104859299514265, 0.2373575883374239, 0.13437300941926272, 0.2352484094987934, 0.12915597869238504, 0.3081183956703171, 0.15951493635657243, 0.4226516805302638, 0.20733217559366796, 0.3535897808459898, 0.25316503818030467, 0.30276606758483326, 0.20168754867433258, 0.1612342735918907, 0.28998814381969473, 0.195082716092792, 0.4160452929635843, 0.4246734893984265, 0.25605603894218804, 0.2865146380794399, 0.5341168409834305, 0.29480015587889485, 0.09702750117091152, 0.2992709203838156, 0.16439325860268675, 0.2037449091207236, 0.2039765968389082, 0.5441848197331032, 0.22244498562067747, 0.279322596359998, 0.1914805428571223, 0.4506891822675243, 0.21641979529861904, 0.21837928817228366, 0.12227900953621429, 0.3396167533404271, 0.39342773382862406, 0.22092795907907808, 0.3464378142463309, 0.03473727757284673, 1.652488171805938, 0.253900871759591, 0.43132917396724224, 0.1218459415511461, 1.174084335565567, 0.29892309854427973, 0.1434474589094185, 0.35424365310822253, 0.30633101680626473, 0.29680427902688583, 0.1891980575686937, 0.37209461865325766, 0.2662337521711985, 0.1936819060317551, 0.26607507845813716, 0.19145475965439498, 0.36245194008751286, 0.21718649544442692, 0.4285012474283576, 0.3877744749188423, 0.19236033976388475, 0.6280996223795228, 0.22879457713958498, 0.19286552767845846, 0.6460122026216526, 0.3274850454181433, 0.20793275755716328, 0.37714698625107607, 0.13568122586002573, 0.7998162572538214, 0.25606380358027914, 0.14241745164229846, 0.3789528177585453, 0.06770761819789187, 0.9629623987640326, 0.4244862523462091, 0.17367846155539154, 0.4371380047872663, 0.23089959739635768, 0.20255848789432396, 0.14826538080815227, 0.3346770181165387, 0.12712062734748802, 1.2880498052885134, 0.24328635981790006, 0.3043658887633146, 0.2677963874923686, 0.4193028108527263, 0.2595779648464587, 0.30343140847980976, 0.29165161473987, 0.13341735484370706, 0.7854475570221742, 0.2905125758677189, 0.2377815796683232, 0.3033071165904403, 0.2948848619436224, 0.25853287638165057, 0.29904773792562384, 0.6524997599422931, 0.22179534192463116, 0.6651499437789122, 0.32765507195144894, 0.16287010991266773, 0.8691529255360365, 0.3405088438342015, 0.3753919856001934, 0.36914181119451916, 0.3280180877695481, 0.25130149504790705, 0.26742131711216643, 0.19385622174789507, 0.5138165141969251, 0.36962300833935535, 0.10597493321013948, 0.7084694025226128, 1.2111472940693297, 0.5744283960045625, 0.6977166932490138, 0.17176740107825025, 0.44685664892050564, 0.33012461940593574, 0.43410045020282273, 0.47010983708792203, 0.4852212769910693, 0.17566526445249717, 0.44364538685315186, 0.3433709834318827, 0.3653321323140214, 0.10921991770155728, 0.1757503279251978, 0.242297943138207, 0.5246974879875779, 0.13294540299878765, 0.1277935854761916]
2025-12-19 18:45:50 - fedit - INFO - loss data:
2025-12-19 18:45:50 - fedit - INFO - [0.4461498122169253, 0.8802987981361317, 0.674241653865292, 0.4226861738108305, 0.4801773781577746, 0.39772427923873893, 0.3722813069768664, 0.3427036033035853, 0.43355909051994485, 0.48875791934274493, 0.4261516307791074, 0.3128277104525339, 0.5026130810626792, 0.23335505034272358, 0.45255071190305246, 0.22299762583829258, 0.5939098646243414, 0.10200327794365067, 0.40907251790765375, 0.37712686978990123, 0.41119583114272074, 0.11192402842635703, 0.48300605332035396, 0.23585270295688865, 0.21662433142773807, 0.4828949113864275, 0.34098857873607247, 0.09613629547765729, 0.5133727065864063, 0.2875010947386424, 0.3582408257348436, 0.37495697947839896, 0.44307566061615944, 0.11915715940607091, 0.9141570013658754, 0.260249072353084, 1.9099605952699978, 0.3855113374379774, 0.3880455293085264, 0.38403943193455536, 0.20628124713468174, 0.3584369861831268, 0.2574715103591896, 0.36407309827350437, 0.3372727319693718, 0.1920201565281281, 0.26562622482597364, 0.3807640013352468, 0.3244046505635091, 0.2744773796604325, 0.10788137536386357, 0.05242387247239498, 0.7201145377296667, 0.38634122162170353, 0.3686499989281098, 0.24343481245172077, 0.31630445782405636, 0.5645830870970436, 0.37372665097259017, 0.20488204679471286, 0.21039510298336003, 0.2252722316601898, 0.30712458686149846, 0.45244722572776175, 0.3602525932483849, 0.18955461437193055, 0.22515922994153875, 0.19573377344081652, 0.42668894682493475, 0.3120577489229283, 0.3315762651846048, 0.19631883592810484, 0.4644200412126688, 0.20465782909886912, 0.3465870786769733, 0.21915121230404772, 0.04897022027951464, 0.2699262295008844, 0.3067206284031272, 0.20732781607619558, 0.4690091725670811, 0.20245560466881013, 0.22606541579921863, 0.2089317596072088, 0.20651054049688222, 0.33484807622485924, 0.3959037648358693, 0.3933211202487007, 0.18686693929503445, 0.4920025065541267, 0.2602791981461147, 0.3602012833846467, 0.37357776199600523, 0.422391278536192, 0.3305737970219481, 0.19146779449473994, 0.1705855955018242, 0.20336237956048447, 0.23553818666065732, 0.2977123397269419, 0.3135078590363264, 0.3435685010134489, 0.10445459772470511, 0.4741039882103602, 0.31755685478094076, 0.3433032635694895, 0.26293392731652904, 0.3118470143881582, 0.24655780357619128, 0.4593586649124821, 0.1561724889790639, 0.31131738889962435, 0.204458339346171, 0.35507182565828166, 0.24841271816631375, 0.25471702800908436, 0.4219802184842336, 0.3337209009875854, 0.49495106075818723, 0.33910550822814306, 0.30020434365918236, 0.4293062809854746, 0.2993621396007894, 0.34392604297470475, 0.32112166348245297, 0.2435654529991249, 0.28046564211448033, 0.32193483964850506, 0.3229053401218479, 0.4435138946924454, 0.31239644510316705, 0.10136948201106862, 0.34589472474271177, 0.42920925580317293, 0.19105910144862717, 0.23824787171712766, 0.47337947636842725, 0.3293172647038268, 0.5952299337132253, 0.3221494756352443, 0.3287632410104076, 0.2689031362999231, 0.4128897244785575, 0.24988138077938868, 0.23504774016328156, 0.26401409320533276, 0.1688508314226626, 0.3149090518649572, 0.236736164587949, 0.17969285275654068, 0.5077823230582807, 0.21180515030237773, 0.41856389828026297, 0.2633745849117755, 0.340364904488836, 0.2985422446702917, 0.3147117457042138, 0.21424807537760998, 0.498382876916892, 0.2768601082886259, 0.31442227066598005, 0.5490779336541891, 0.29483852080416445, 0.29621583663629014, 0.32493539500449387, 0.30084452080939494, 0.3095339460919301, 0.3525410087158283, 0.31448147574817575, 0.28906104657799003, 0.33419929531713327, 0.28279884170311, 0.36086856687352775, 0.3436305792381366, 0.36038864147331984, 0.49180576119285363, 0.359120516727368, 0.3042358875274658, 0.1697674067897929, 0.4470495821287234, 0.3503695905829469, 0.30886304893841343, 0.33064910485997967, 0.305946074815747, 0.4075959609371835, 0.33214898688288835, 0.2649551029481432, 0.39352375231683256, 0.30708869161705177, 0.2943744775771663, 0.4122494799395402, 0.3697946187108755, 0.3415331770773129, 0.333791056487198, 0.37051548565236425, 0.30876245542273206, 0.37128209090895126, 0.42006636746227743, 0.3273778921436696, 0.4486854032302896]
2025-12-19 19:56:31 - fedit - INFO - loss data:
2025-12-19 19:56:31 - fedit - INFO - [0.3694742042947598, 0.5346300018330415, 0.3631208244541829, 0.7359061434864999, 0.606810350716114, 0.6323701836168767, 0.2817764051982926, 0.4055596239639051, 0.3822801986709237, 0.3231911718111598, 0.10730375606744062, 1.0063202978954429, 0.3330462484684011, 0.3312611810460856, 0.23507947317113922, 0.19804494090430025, 0.36449605752855085, 0.12188196526322928, 0.49461181404379506, 0.4108157504837783, 0.3408725877602895, 0.4013073570741754, 0.18971515103864173, 0.31606513707166806, 0.47334454556306205, 0.1318599316938263, 0.5212025565405687, 0.4822307949338759, 0.3464653361278276, 0.21895834916186602, 0.24275795782783202, 0.45740592336903013, 0.3158912015457948, 0.16423315522366794, 0.14134889526903863, 0.28227743588387966, 0.2838109330739826, 0.21535419990964744, 0.3133104056326879, 0.40882080247004826, 0.31234173208940774, 0.11371088329760823, 0.4789125690547129, 0.2229267162510142, 0.31880951475440744, 0.24698103087686113, 0.4393027797030906, 0.23074349199111263, 0.29820658098462793, 0.19637671178100968, 0.3605667215292201, 0.33101388411596416, 0.1887927191176762, 0.244848051139464, 0.40344262756407256, 0.47070209085941317, 0.38571571549844175, 0.3075621982136121, 0.20279858101393985, 0.3924525602099796, 0.23002466620075412, 0.21829418084534788, 0.10521664161092809, 0.21532716602863122, 0.32320564302305377, 0.4056331177552541, 0.31857247268781064, 0.33027534863601127, 0.1751313276116788, 0.19837953780405465, 0.5991518159707387, 0.1143343910482751, 1.1247488444840368, 0.19568131011318077, 0.16481387527940872, 0.1639540002209186, 0.38140166419454746, 0.27497347941001254, 0.29520670725314907, 0.32884823096295196, 0.33861307530767387, 0.08081937735286457, 0.5433703328972721, 0.22744550290827947, 0.1675069318178834, 0.2748951801124753, 0.36839891572793326, 0.2407658178535657, 0.3760138797706791, 0.34873260514189797, 0.27697572727643305, 0.18322435689412736, 0.4866185841874944, 0.27404791020477814, 0.23462277096437498, 0.2829928036468724, 0.46416182262556893, 0.2199650587081307, 0.24582263799384235, 0.33831152841448786, 0.18834702803442877, 0.23877026161256557, 0.23575828545416394, 0.27107248212577717, 0.2521505797930965, 0.17641276142870388, 0.2542854993430559, 0.5275990912787771, 0.3904144780976432, 0.31493882511972215, 0.2947022901049682, 0.21236657520316335, 0.2775862466440433, 0.3929486707063569, 0.18023689599293802, 0.34741060237089794, 0.24310751152535282, 0.35316187143325806, 0.12029053586011286, 0.5516861383490808, 0.24777294698093708, 0.22857752239515045, 0.27773517524823543, 0.3444611909488837, 0.180509752668017, 0.29965422519793117, 0.2518515698035203, 0.4796995513762037, 0.25360807856883516, 0.27296619486684603, 0.34645748005913835, 0.25426207664980516, 0.8300158318753044, 0.2573492170170401, 0.37543509324036894, 0.2789151489113768, 0.21524256519147789, 0.20792559848762013, 0.11283798004274793, 0.10692908885888755, 0.7793294605432135, 0.2615059155024706, 0.36024014260619874, 0.22487125837554534, 0.1834014114419309, 0.4560413405476582, 0.3056628157384694, 0.28549010935549934, 0.44574435986578465, 0.18840639761959513, 0.7575923265772871, 0.29017897088811473, 0.41788760078779885, 0.46053718035109337, 0.3517179687817892, 0.19932186109324296, 0.28320236557135076, 0.3179239095499118, 0.5441839258703921, 0.28167928191057096, 0.43431270526101196, 0.326007550419955, 0.3850180884202321, 0.3168809245650967, 0.3324249773751944, 0.2940439139182369, 0.17788673587369197, 0.7908631533583892, 0.36268245211491984, 0.29179344911799054, 0.4045975883350228, 0.3381598138560852, 0.41230991499291525, 0.43769896974166234, 0.4496230355330876, 0.36272276726861796, 0.37232695358494916, 0.3412129150703549, 0.3026709699382385, 0.42766798504938686, 0.3346042766488002, 0.3134225408236186, 0.2785390352209409, 0.4537828521803021, 0.31871396622930964, 0.4657062248725976, 0.2552602727276584, 0.37989785068978865, 0.763673783176475, 0.37557010489092635, 0.8342301631346345, 0.463634193316102, 0.5232104044703264, 0.3758591903061599, 0.4555603202018473, 0.4162331421342161, 0.3798058969617793, 0.38209864541533445, 0.3514354565491279, 0.4880814274979962]
