2025-11-05 17:03:09 - fedit - INFO - loss data:
2025-11-05 17:03:09 - fedit - INFO - [0.4851322902061269, 0.24287417220572632, 0.21279382631899074, 0.22287387765099403, 0.24520004714100524, 0.21044685458764434, 0.21610896029908744, 0.4304672064259648, 0.39646783196612406, 0.24230469080309075, 0.07094586606442649, 0.46413271874189377, 0.17720263919179455, 0.16458222864532907, 0.22884551373620826, 0.10177385607676115, 0.49638817831873894, 0.13172302987781892, 0.1635209241689279, 0.1671092128663986, 0.17377217958758764, 0.13408677951089115, 0.13286055502145852, 0.2833340288581032, 0.15177826780396012, 0.2300027364399284, 0.15963088016336163, 0.18735380443047467, 0.15493412008104118, 0.2309126896459771, 0.30930315144360065, 0.11144135775975883, 0.16177358629647642, 0.06352738622517791, 0.4172748980243086, 0.16964036761783063, 0.17941300909345348, 0.13371564145199955, 0.04472437104656517, 0.4166866986081004, 0.1999759955502961, 0.2294386813727518, 0.2133743114459018, 0.15489504353788036, 0.12719974767727157, 0.12958778555960404, 0.19557676557451487, 0.21250985004007816, 0.12845528956192237, 0.13440909040601628, 0.11420863840486044, 0.14249724471582131, 0.07686019287841471, 0.4551509770564735, 0.08118275146474703, 0.11274514849535983, 0.24660580201695365, 0.15581734765631458, 0.20594004495069385, 0.19474117178469896, 0.12024871659065996, 0.14804360968992114, 0.09960741624984491, 0.05099062282319036, 0.23151211576679578, 0.16395061015677842, 0.2479843609035015, 0.1067281889485284, 0.36406352929770947, 0.0750879917992279, 0.1578724159975536, 0.1832254618965332, 0.338441744244293, 0.4056359026581049, 0.10606691758890731, 0.12512062896663945, 0.2920209126546979, 0.09968960570592833, 0.0693023002539121, 0.37757124472409487, 0.11116397521422747, 0.15404056462769708, 0.3373267140923417, 0.683031375904608, 0.048260358404364434, 0.23890760634094477, 0.1409440972507955, 0.3151248913879196, 0.14915181707280378, 0.15245379543417725, 0.17201448301784694, 0.10937487513933708, 0.49163891126712167, 0.06340057911280461, 0.13985062949359417, 0.0785560826854115, 0.2288958717448016, 0.17380934971151873, 0.05835670555340281, 0.03738584432330054, 0.05370069566253313, 0.203768540173769, 0.06245362167052614, 0.30376787046933995, 0.19348697364330292, 0.12608431465923786, 0.1562687768600881, 0.0378105638418884, 0.1061674845404923, 0.18448555880847078, 0.14487596444956874, 0.09461038052264986, 0.20899170613896179, 0.7988205011313161, 0.09875727499214311, 0.1196877521207057, 0.10319766424792377, 0.04770901595475152, 0.06617918186104642, 0.25614074792247266, 0.14071160089889806, 0.04141872838954441, 0.14936609720434285, 0.08722020057555205, 0.0859732492040072, 0.11637739399268937, 0.18434216221794486, 0.392775222659111, 0.0565669585193973, 0.11827352102580613, 0.07831419537699101, 0.4052709389863343, 0.08656357139504203, 0.09313268828122184, 0.4124053306877613, 0.1369651182987062, 0.3970955675467849, 0.053858076222240925, 0.23856735788285732, 0.027598617213348355, 0.03531759732196896, 0.08212466796428182, 0.14814887411500277, 0.12104510438318054, 0.06083376175037732, 0.14214810124469984, 0.1086795597958068, 0.10150184954420247, 0.1093304380001538, 0.09538701375162131, 0.09991233075926101, 0.1333619286417074, 0.1025762552744709, 0.0441749714819404, 0.16880177446606476, 0.07210007961839437, 0.1476410889821963, 0.08883875100246559, 0.21859799129223184, 0.09184380922458346, 0.13446041038206338, 0.08060863331581156, 0.3345781919092704, 0.11565411928459071, 0.42685847423182655, 0.10446568954385062, 0.291784728737548, 0.03436436150178242, 0.21841671892131367, 0.18578364784189033, 0.11809706464067739, 0.1970827180969839, 0.40888720222283154, 0.16398443021656325, 0.384311381372084, 0.2602963835732745, 0.2932898743431373, 0.23029702507901464, 0.35500216856598854, 0.19421159255358836, 0.16607878966113696, 0.06410894763508909, 0.13680138218527038, 0.16001657402763764, 0.12028986374990872, 0.24689229515691596, 0.1157239241561351, 0.09428760501475114, 0.18837656333799596, 0.17255470394276273, 0.12200906789786685, 0.13068413360354802, 0.1943221110115318, 0.14202196393652183, 0.1273021886658031, 0.1396819985760697, 0.1081922598116632, 0.12206307860296906, 0.10810169363893302, 0.13646501599190136]
2025-11-08 12:15:48 - fedit - INFO - loss data:
2025-11-08 12:15:48 - fedit - INFO - [0.47488531890172625, 0.13081950063739592, 0.23612282896080078, 0.2095511394141898, 0.2396488284114106, 0.2826003239800533, 0.1833239533007145, 0.29102795937409004, 0.4324738511717633, 0.24711314402520657, 0.07586019197886532, 0.3498028926551342, 0.1565644228316993, 0.13327178592665184, 0.2058653086423874, 0.09838902883348055, 0.3225440001115203, 0.12982348990274323, 0.25388324331363726, 0.12772451546716185, 0.11980466454130388, 0.14136328096075698, 0.1644201069536545, 0.2657895745023301, 0.15125767619778904, 0.2572843467351049, 0.15983650698081442, 0.1850927366557567, 0.1710351881287668, 0.19809268204414326, 0.23271722098191577, 0.1712686149403453, 0.13675559277180582, 0.3710643425292801, 0.3736375818649928, 0.19345634182294208, 0.1848914233657221, 0.3153903717175126, 0.05405338364653289, 0.359756906889379, 0.17396186100554534, 0.21718701872353752, 0.1689407373778522, 0.18931963617125383, 0.12307143669265011, 0.15176564816431562, 0.15352304559201002, 0.1237677950412035, 0.13835588126953335, 0.17655043220637662, 0.1487676913080656, 0.12187909615928666, 0.08617484406445912, 0.3776121076118822, 0.09150237718041843, 0.11776419781167122, 0.14936805702745914, 0.14015770439679426, 0.20769968070089817, 0.16075891721993685, 0.13149716303746822, 0.11423545447178185, 0.12271798582514748, 0.055928054401738335, 0.247841544406793, 0.20265286087827838, 0.2179623596991102, 0.10704653231160982, 0.19628046561653417, 0.10100554218515753, 0.13221460760105402, 0.11007120989622005, 0.2630114980122965, 0.2574473787099123, 0.10700386536537089, 0.13758447783378264, 0.2547516725957394, 0.11382111824619082, 0.07755325367652403, 0.18521938007324934, 0.15469543426297605, 0.1694741508884666, 0.37585847211812506, 0.7310893168551442, 0.04685949632115901, 0.22994878205160302, 0.11683217779948162, 0.4499701422949632, 0.11203400987821321, 0.3862416298943572, 0.20567892474355176, 0.11457471742794134, 0.19175196749468643, 0.08945515525588037, 0.17595727369189262, 0.11114350267286811, 0.1519096471990148, 0.16316743253264576, 0.07782106869854033, 0.20385623363612326, 0.03251803777283595, 0.15748221147805452, 0.08871541706224283, 0.351998345027196, 0.270394803956151, 0.17626910842955112, 0.11185110700674927, 0.05171840072412474, 0.09116656170226634, 0.14054689548599225, 0.13224443270043396, 0.13901228920139114, 0.07707026931214689, 0.5453711433336139, 0.08386674201271187, 0.10707966989308931, 0.11703794071973678, 0.07126925606280565, 0.035443656430848375, 0.3637763021251885, 0.1732625295718511, 0.06492899847216904, 0.14556595197036154, 0.10191451531267703, 0.06552352047332659, 0.14935060069323158, 0.15503547945991158, 0.4522279445081949, 0.08248697873204947, 0.1186502274500019, 0.05905501756896205, 0.33813107667501546, 0.09772672683098599, 0.12155519640013479, 0.4142999716103077, 0.1805191711589162, 0.24184513418003917, 0.05706202611327171, 0.20845425501465797, 0.04687549433975409, 0.03555242267052213, 0.0649910950210735, 0.18483153548042633, 0.1483604785365363, 0.11830982937183426, 0.1637052266280456, 0.1476449086641272, 0.13455218030139804, 0.10602647254266116, 0.17936175711158858, 0.10544461967241575, 0.09913476690694335, 0.14939617891795934, 0.09734340121164374, 0.15561789420107608, 0.1882156217470765, 0.14613667066889602, 0.08562487195236967, 0.2453206908040946, 0.09439755408583503, 0.13979183731536413, 0.05773645495840658, 0.3046478205479872, 0.09418445862441634, 0.48458095515469235, 0.1012203521837575, 0.13103823758040867, 0.25148190025580475, 0.2352069333040466, 0.13452496374957262, 0.11788115276420291, 0.19341830518096687, 0.12321615279652179, 0.1509230021193313, 0.2464577720190088, 0.21149321874171229, 0.23001881976258653, 0.16722745568245306, 0.2298480775207281, 0.14169485417559094, 0.20555323688313365, 0.07523613655939698, 0.2194679770929118, 0.13405419822591239, 0.0907879621701558, 0.15620425747086603, 0.09573146578292036, 0.07010064259394194, 0.07752432382625082, 0.1574098510452761, 0.09440127302539246, 0.1937026453204453, 0.08323821551656645, 0.18253275037645117, 0.12955885679604343, 0.14605679238568348, 0.1369570647366345, 0.09864073710899214, 0.1802318200269448, 0.1815312094675998]
2025-11-09 17:23:30 - fedit - INFO - loss data:
2025-11-09 17:23:30 - fedit - INFO - [0.4560898239366137, 0.15523272333666682, 0.21245318085719378, 0.22718457080921542, 0.2549132735564791, 0.2612008924285571, 0.22628014188792023, 0.4114741581492126, 0.40517782223852056, 0.173451427059869, 0.09033751706046109, 0.5072393044829369, 0.19725374572826268, 0.19015156272156486, 0.17108217782030502, 0.11605408319543736, 0.5620212815701962, 0.1261940577435062, 0.13137467112392187, 0.11705544407859633, 0.1586294816095057, 0.1516336307892434, 0.14385152414781335, 0.3815777195911658, 0.1808401597305559, 0.21992682165000588, 0.1795175723600806, 0.17579358173171974, 0.14334280296917196, 0.23647447829337223, 0.23575286443034807, 0.17037721304222941, 0.23810838237404824, 0.11285842500583385, 0.5004083298538861, 0.1974405438328783, 0.15460550316299002, 0.2187678897753358, 0.0674430679064244, 0.42173280119895934, 0.2084333660916008, 0.18825226817280055, 0.1579323719566067, 0.189244858490733, 0.10318134552411114, 0.1554712501295668, 0.17576214872921506, 0.23830806153515977, 0.13708424510522968, 0.13709695436256497, 0.14220677186613498, 0.15987202856003455, 0.0719888184309662, 0.4338891680041949, 0.09015803246752163, 0.12298205893067798, 0.186155685223639, 0.14763463750326386, 0.1459734234958887, 0.09822859638370574, 0.13786931622614776, 0.1420989043544978, 0.1364010648103431, 0.05453420447595688, 0.21679134965122032, 0.18933062777733026, 0.23555751362194616, 0.09440484562046117, 0.3411364573985338, 0.09650121093727648, 0.09315728666260839, 0.14329905289493278, 0.38337796655200096, 0.4568636529147625, 0.08677731564713885, 0.1278380470505605, 0.22050946224480866, 0.09630777304360515, 0.07281435263757885, 0.41478586476296186, 0.10837659641177966, 0.04749743888775508, 0.31230341024881153, 0.6609264296155585, 0.04378002195231742, 0.1674051359295845, 0.13414143327957925, 0.21596662032728395, 0.10749339470639825, 0.11736273635492231, 0.1867719170404598, 0.12158032479979422, 0.5016841689745585, 0.09951824247938297, 0.10491412784904242, 0.11072677056238588, 0.19023177089790502, 0.06204008113127202, 0.05926604943427568, 0.13506333190889563, 0.05126719487060864, 0.14217396018405754, 0.09390029277613697, 0.22708329323936127, 0.09200207702815533, 0.07708019204437733, 0.08694687027197617, 0.045344430902892224, 0.07715808163629845, 0.15218292681189877, 0.1259831748881388, 0.10667250095063756, 0.2839234846695035, 0.6784579133770118, 0.06633444246836007, 0.11587637650227021, 0.11301174383904589, 0.06950943148694932, 0.050801350887363345, 0.33900215418543667, 0.17820705645939425, 0.06439459254033864, 0.16219722113039875, 0.10124832924973584, 0.08697542773623917, 0.15245334001687857, 0.06532727709660928, 0.2937586158514023, 0.13003252673661336, 0.125323339190887, 0.08352584421016404, 0.5231431053640943, 0.10115436867794447, 0.1045343700423986, 0.30557902008295057, 0.16816856391129217, 0.34174468382619894, 0.061799345654435456, 0.2106819823384285, 0.041892209685801596, 0.046821687422030106, 0.09307963603878043, 0.07609975885746903, 0.14357657691774267, 0.054637984054065065, 0.07507586283288126, 0.08390061620933315, 0.12203174461771188, 0.11030004137131547, 0.15120370628459281, 0.11051843067037007, 0.16211885628512218, 0.08698472040705382, 0.07451981239913343, 0.18271402648324375, 0.08650002512149513, 0.1413892270424045, 0.13142071096584773, 0.1530767862818071, 0.10373971879996947, 0.12135195179665784, 0.08154877633787691, 0.25880443623576027, 0.1042333751024368, 0.4350082849224026, 0.08501283473510673, 0.37210993884752197, 0.0426845962166016, 0.15637324711618325, 0.1836818940937519, 0.11368504195610923, 0.07807127859753868, 0.5661600171549556, 0.13412771757381658, 0.39891746341201817, 0.2513643530297226, 0.30012341076508164, 0.19955479809425603, 0.19912708550691605, 0.12152674552255674, 0.1661692254173641, 0.052245873945618145, 0.16878128952036303, 0.16061404703949123, 0.12214376415316028, 0.21613727634151775, 0.13516160355176915, 0.12137931787098448, 0.37301485477339313, 0.15455101285344708, 0.10764984111033979, 0.18097839759041864, 0.25662514747512577, 0.15122450567095688, 0.14056732877865075, 0.07069368437253709, 0.14042412622698716, 0.1576817075404211, 0.09607211696649237, 0.12426131417353947]
2025-11-10 15:25:07 - fedit - INFO - loss data:
2025-11-10 15:25:07 - fedit - INFO - [0.4560898239366137, 0.15523272333666682, 0.21245318085719378, 0.22718457080921542, 0.2549132735564791, 0.2612008924285571, 0.22628014188792023, 0.4114741581492126, 0.40517782223852056, 0.173451427059869, 0.09033751706046109, 0.5072393044829369, 0.19725374572826268, 0.19015156272156486, 0.17108217782030502, 0.11605408319543736, 0.5620212815701962, 0.1261940577435062, 0.13137467112392187, 0.11705544407859633, 0.1586294816095057, 0.1516336307892434, 0.14385152414781335, 0.3815777195911658, 0.1808401597305559, 0.21992682165000588, 0.1795175723600806, 0.17579358173171974, 0.14334280296917196, 0.23647447829337223, 0.23575286443034807, 0.17037721304222941, 0.23810838237404824, 0.11285842500583385, 0.5004083298538861, 0.1974405438328783, 0.15460550316299002, 0.2187678897753358, 0.0674430679064244, 0.42173280119895934, 0.2084333660916008, 0.18825226817280055, 0.1579323719566067, 0.189244858490733, 0.10318134552411114, 0.1554712501295668, 0.17576214872921506, 0.23830806153515977, 0.13708424510522968, 0.13709695436256497, 0.14220677186613498, 0.15987202856003455, 0.0719888184309662, 0.4338891680041949, 0.09015803246752163, 0.12298205893067798, 0.186155685223639, 0.14763463750326386, 0.1459734234958887, 0.09822859638370574, 0.13786931622614776, 0.1420989043544978, 0.1364010648103431, 0.05453420447595688, 0.21679134965122032, 0.18933062777733026, 0.23555751362194616, 0.09440484562046117, 0.3411364573985338, 0.09650121093727648, 0.09315728666260839, 0.14329905289493278, 0.38337796655200096, 0.4568636529147625, 0.08677731564713885, 0.1278380470505605, 0.22050946224480866, 0.09630777304360515, 0.07281435263757885, 0.41478586476296186, 0.10837659641177966, 0.04749743888775508, 0.31230341024881153, 0.6609264296155585, 0.04378002195231742, 0.1674051359295845, 0.13414143327957925, 0.21596662032728395, 0.10749339470639825, 0.11736273635492231, 0.1867719170404598, 0.12158032479979422, 0.5016841689745585, 0.09951824247938297, 0.10491412784904242, 0.11072677056238588, 0.19023177089790502, 0.06204008113127202, 0.05926604943427568, 0.13506333190889563, 0.05126719487060864, 0.14217396018405754, 0.09390029277613697, 0.22708329323936127, 0.09200207702815533, 0.07708019204437733, 0.08694687027197617, 0.045344430902892224, 0.07715808163629845, 0.15218292681189877, 0.1259831748881388, 0.10667250095063756, 0.2839234846695035, 0.6784579133770118, 0.06633444246836007, 0.11587637650227021, 0.11301174383904589, 0.06950943148694932, 0.050801350887363345, 0.33900215418543667, 0.17820705645939425, 0.06439459254033864, 0.16219722113039875, 0.10124832924973584, 0.08697542773623917, 0.15245334001687857, 0.06532727709660928, 0.2937586158514023, 0.13003252673661336, 0.125323339190887, 0.08352584421016404, 0.5231431053640943, 0.10115436867794447, 0.1045343700423986, 0.30557902008295057, 0.16816856391129217, 0.34174468382619894, 0.061799345654435456, 0.2106819823384285, 0.041892209685801596, 0.046821687422030106, 0.09307963603878043, 0.07609975885746903, 0.14357657691774267, 0.054637984054065065, 0.07507586283288126, 0.08390061620933315, 0.12203174461771188, 0.11030004137131547, 0.15120370628459281, 0.11051843067037007, 0.16211885628512218, 0.08698472040705382, 0.07451981239913343, 0.18271402648324375, 0.08650002512149513, 0.1413892270424045, 0.13142071096584773, 0.1530767862818071, 0.10373971879996947, 0.12135195179665784, 0.08154877633787691, 0.25880443623576027, 0.1042333751024368, 0.4350082849224026, 0.08501283473510673, 0.37210993884752197, 0.0426845962166016, 0.15637324711618325, 0.1836818940937519, 0.11368504195610923, 0.07807127859753868, 0.5661600171549556, 0.13412771757381658, 0.39891746341201817, 0.2513643530297226, 0.30012341076508164, 0.19955479809425603, 0.19912708550691605, 0.12152674552255674, 0.1661692254173641, 0.052245873945618145, 0.16878128952036303, 0.16061404703949123, 0.12214376415316028, 0.21613727634151775, 0.13516160355176915, 0.12137931787098448, 0.37301485477339313, 0.15455101285344708, 0.10764984111033979, 0.18097839759041864, 0.25662514747512577, 0.15122450567095688, 0.14056732877865075, 0.07069368437253709, 0.14042412622698716, 0.1576817075404211, 0.09607211696649237, 0.12426131417353947]
2025-11-11 07:16:59 - fedit - INFO - loss data:
2025-11-11 07:16:59 - fedit - INFO - [0.4618368965751152, 0.19373201866013307, 0.19974857913330196, 0.25485222639236976, 0.30139566675342366, 0.23058454940716425, 0.19605798493804677, 0.30530097081015506, 0.39104118266780125, 0.21905090597768626, 0.07030623757695699, 0.23071973770856857, 0.15762927275490526, 0.1271429398149284, 0.15863856859505177, 0.1376628591834257, 0.5379701815545559, 0.12370750398825436, 0.1091259850253319, 0.19239131396680023, 0.11908382234073707, 0.14404412176273285, 0.13312220233441394, 0.2620967390309823, 0.15745616360352588, 0.22851634898688644, 0.15582770331713713, 0.18326351430812676, 0.15223713397331862, 0.14255491975168494, 0.2004229448114832, 0.1636820319108665, 0.16571842078119517, 0.11845965301909019, 0.5648407519778662, 0.18018657232945162, 0.16865182692805925, 0.19208169472403824, 0.034498860458067306, 0.45348294377326964, 0.1706350107152743, 0.17144823605194687, 0.17213348156462113, 0.18778218827299917, 0.10926162734782943, 0.16972705265916477, 0.13968531950376928, 0.1612995931257804, 0.1243644460947031, 0.11855044373997341, 0.13780828757697472, 0.13445060938727438, 0.08119526629365259, 0.3042435432318598, 0.09045217575845665, 0.11569655370387719, 0.14064861135557294, 0.10418781436358888, 0.16680658183759078, 0.09942682215478271, 0.11899839878126411, 0.11337126325815916, 0.10521340420070503, 0.047804893268117404, 0.21818188259091514, 0.1689386692545984, 0.12050781336923441, 0.08613751989434518, 0.22992058206970492, 0.11244241595268249, 0.106381888827309, 0.14851219765475132, 0.36275726882740855, 0.23337681707926095, 0.08891862511729309, 0.10641523619803289, 0.3002215875312686, 0.116050931098607, 0.07343682720226449, 0.25716951629146934, 0.10027919733637156, 0.16423116090785092, 0.385737425723831, 0.7837270711467642, 0.05244844258359547, 0.14473410571614903, 0.0988967290180974, 0.3548450031472991, 0.10561488379413883, 0.17747193770124936, 0.2016264534322545, 0.11688246555099993, 0.3656149047116438, 0.08145399099094389, 0.06885889374340573, 0.10872307260121618, 0.194016131805256, 0.06776372052263469, 0.056711226323386654, 0.1089223584282221, 0.03772468472016044, 0.09910365163038175, 0.07856495425803586, 0.3336502816849228, 0.12051735632121563, 0.07967111468315125, 0.08231622455283427, 0.043740569381043315, 0.03708383996854536, 0.10057729800852636, 0.12670388030444923, 0.1001026294483193, 0.11510355617986837, 0.470968835366269, 0.06284773473938306, 0.10287757783594592, 0.10950932003426969, 0.04384156921878457, 0.035124329350834996, 0.28204757152707316, 0.16186130775160912, 0.058510175556875765, 0.15220506855818844, 0.0902137409657576, 0.10905758519496384, 0.15128889182009375, 0.1083631671499461, 0.41683464497327805, 0.04011910018743947, 0.12758226624747243, 0.0797855771840729, 0.3396787238628443, 0.10094069296151006, 0.10777083204548735, 0.4329318657517433, 0.14075840045032756, 0.3069790805188509, 0.04417997074779123, 0.23905411548912525, 0.039333716927033566, 0.0315212196336898, 0.07369004260239097, 0.1327230426924009, 0.10196197141582766, 0.08549469566021703, 0.13301519567853418, 0.15207518950725596, 0.0933576081718864, 0.11457546138551523, 0.14398880884982646, 0.10495235768344853, 0.11481417416195784, 0.13242134858543675, 0.0668448371012346, 0.15441723523507803, 0.10042295977473259, 0.1631469284960379, 0.05788406530169036, 0.20683920536456363, 0.10516079434667502, 0.122332704646363, 0.10596888778576007, 0.3383345678448677, 0.07824546370926934, 0.4892655081035068, 0.0861103410049733, 0.15979200806468724, 0.11571075301617384, 0.23274120882463953, 0.20931367365410553, 0.10936904140968697, 0.10376642977353186, 0.2419785576251646, 0.17362545970827342, 0.30335974020131845, 0.16322699614933558, 0.20476183956810112, 0.19738065809996308, 0.19062503054738045, 0.1351696483426444, 0.19841796131088185, 0.06116910947878894, 0.16962621562803787, 0.15131303838884028, 0.12463501878285213, 0.13909564586356282, 0.11542410091387986, 0.07508983336173106, 0.11375003745374472, 0.17070812545716763, 0.0769393817874892, 0.18461296685660877, 0.09158752853737065, 0.10008790657708519, 0.14442962320642366, 0.06177011501557868, 0.15414877171861008, 0.12690889126898403, 0.16586591912034365, 0.13031766132141154]
2025-11-13 16:09:36 - fedit - INFO - loss data:
2025-11-13 16:09:36 - fedit - INFO - [0.4797560091451259, 0.38258080929517746, 0.3005277246571122, 0.2589040490938162, 0.33972673644793444, 0.26904586516320705, 0.22648359003609844, 0.3024479910731316, 0.37159913092067365, 0.20243242445091406, 0.07786092794503463, 0.4084208545585474, 0.16914659598998003, 0.15882734607519775, 0.2493456651767095, 0.16817060587927699, 0.6178599437698722, 0.15514428137409453, 0.21231889332933673, 0.1284979642563485, 0.13648381355245331, 0.15316223770835347, 0.2040439565932805, 0.2981179697733176, 0.1896193243133334, 0.30396069842390716, 0.1792651693622598, 0.2098130211830821, 0.1616615435189527, 0.20479777536314467, 0.30683092524607974, 0.17361514642834663, 0.21593693047761917, 0.0956868159584701, 0.5823605104692673, 0.2220394629985094, 0.19442071806018552, 0.2156098480336368, 0.05352713567359994, 0.4853125214576721, 0.19856518763920356, 0.214982303387175, 0.17615588220457234, 0.19471671231664145, 0.13926859168956676, 0.1731610606798063, 0.18899968080222607, 0.1739204376935959, 0.16516279781769427, 0.16311811229312106, 0.1631612880560367, 0.1643765617423413, 0.0903175718539667, 0.33464433572565516, 0.12273616838233116, 0.14873172842545504, 0.1829555667936802, 0.14977944580217203, 0.15825473610311747, 0.1281754639931023, 0.1547295689176011, 0.12536498229019344, 0.13420186607566265, 0.0564708676299233, 0.26234906156493637, 0.24062573994793324, 0.18586794162789982, 0.14693761050390702, 0.33584497620662057, 0.1412478931248188, 0.16350230998359622, 0.17855504219605792, 0.3432826209894341, 0.33206948824226856, 0.14581410281792068, 0.15192213930810491, 0.43290563970804213, 0.15675519980105612, 0.0814094107709631, 0.3379152864217758, 0.13088138825976503, 0.1793504081045588, 0.3330337396165608, 0.8402173130408577, 0.06912920504570862, 0.22902583703398705, 0.17431491173994845, 0.416195634752512, 0.1482650729827583, 0.21490675024128555, 0.2220504930592142, 0.16176220701831945, 0.42767958901822567, 0.11244120534873851, 0.11398744738350312, 0.13003644082761767, 0.22116141642133397, 0.10463902750052512, 0.10447518793322767, 0.20617503880594784, 0.07574086826487193, 0.16919248178601265, 0.1079589421938484, 0.33607277126404744, 0.1405627354979515, 0.14713095873594284, 0.12898659240454435, 0.07750895278877579, 0.08902282157214358, 0.1567074718574683, 0.15829346442445258, 0.16081088257889295, 0.16950966545761428, 0.8421454824352016, 0.05600552664448817, 0.13467528521446437, 0.1356734312082265, 0.06573010224383324, 0.045693733845837414, 0.3268026336445473, 0.22764294605169977, 0.07146418211050332, 0.18905035952948743, 0.13094991137434664, 0.13389954721426656, 0.17835785631233683, 0.19776020416369042, 0.408892959356308, 0.07837569992989302, 0.18274313484275267, 0.10461450061195184, 0.43549894357378455, 0.13684450314265856, 0.1494051154679022, 0.4570735342800617, 0.1863666751222419, 0.36672263879042405, 0.07950224890373647, 0.21714565344154835, 0.08064480682906623, 0.06658598367805378, 0.11933538534145371, 0.14169263030941548, 0.18665227480232716, 0.12690469686334072, 0.17324279823565278, 0.14235098883509636, 0.14129401523427204, 0.16166606183476778, 0.1820447984102525, 0.14090832885750837, 0.17000814525055744, 0.11712575474133094, 0.08367613475517525, 0.21268164932847095, 0.10329373646527529, 0.2045107723440593, 0.10183981960066235, 0.25871240387537653, 0.14848593166261387, 0.16667877218054458, 0.12219679647435744, 0.39439342744075334, 0.10608937519136816, 0.6429906999692321, 0.16544641013108735, 0.19477776795004803, 0.12372357930200031, 0.29626412720729906, 0.2650974877877161, 0.17174310785909552, 0.14276454454908769, 0.32057653535157443, 0.24506905694336942, 0.3841876054280683, 0.20168888695271953, 0.28861399878073357, 0.2394718093176683, 0.22810626961290836, 0.17278811084511486, 0.2123463240523751, 0.09447257911884471, 0.1960472257807851, 0.17800753605193814, 0.16234880242882965, 0.19541534967720509, 0.17133267864859025, 0.13730388632773058, 0.16100820182296244, 0.2137271523571167, 0.13710843669999948, 0.22327753479282061, 0.1516492740300141, 0.15980735136882257, 0.1898304707227418, 0.1536551128815988, 0.18471387507660048, 0.18638312856800682, 0.1694768807584686, 0.173873724291722]
2025-11-14 06:06:22 - fedit - INFO - loss data:
2025-11-14 06:06:22 - fedit - INFO - [0.4995225421262027, 0.38458797335624695, 0.3239420197044428, 0.28375904877417485, 0.4211226351045329, 0.23456953496982655, 0.2660760683938861, 0.36269068960100415, 0.5876944155285233, 0.21778440040846664, 0.0872766955929178, 0.4820373058319092, 0.19785893719369252, 0.21993756952599205, 0.2518189040323099, 0.1236362270564617, 0.6724146520718932, 0.14406238341318003, 0.22242309076005015, 0.2291090807788957, 0.1717958277477748, 0.1400432154925412, 0.17939648825619467, 0.3213180400627224, 0.17915821252748942, 0.2738295989111066, 0.191883309621756, 0.2058511325062276, 0.18264627780603326, 0.2237848482378151, 0.2856928432981173, 0.1362735782749951, 0.2248175425454974, 0.07460701821546536, 0.5756436420375841, 0.20934806748603782, 0.19319411401326458, 0.2251431541517377, 0.07991899736225605, 0.34529626443982125, 0.238640570863225, 0.28814953708400326, 0.2050906625886758, 0.18340085565040892, 0.16671410653119287, 0.15805699470565543, 0.20800844253972173, 0.2292889679471652, 0.15169253838913782, 0.18149710275036723, 0.13112505274298397, 0.2025217914855794, 0.0940233680333245, 0.5191430449485779, 0.10440779379389895, 0.1485024878321477, 0.23381495630989474, 0.18289590502778688, 0.20072637870907784, 0.18975025601685047, 0.14596676294484615, 0.2880941048497334, 0.11096130316478334, 0.060692696538171734, 0.2684646963428419, 0.21319211987049683, 0.25003994815051556, 0.15382466243491286, 0.4408544537921747, 0.1071816741488874, 0.2020785772241652, 0.20287027704107458, 0.33878439875400584, 0.38402348197996616, 0.1675344990377409, 0.16398165614033738, 0.2820893136784434, 0.15065473524666473, 0.07836741068761816, 0.473073567263782, 0.1210789794030671, 0.1744280532002449, 0.37107199662277707, 0.7379527807883595, 0.06950470801067497, 0.2512562796473503, 0.19288637701613015, 0.36786193524797756, 0.1714218907679121, 0.2839870557654649, 0.21939622040372342, 0.15593164461070969, 0.4015188465515772, 0.11127195635344833, 0.10649209562689066, 0.09181141564996714, 0.25971955216179293, 0.17951082065701485, 0.11842383746989071, 0.1292964555323124, 0.10559966969482887, 0.21562216555078823, 0.08043151658494026, 0.3677686115020308, 0.20045517105609179, 0.21048550494015217, 0.11448781829900467, 0.065539271884168, 0.13246390130370855, 0.22310031484812498, 0.16804576656492107, 0.20141668097469312, 0.21325685392221203, 0.6156873319298029, 0.10320246584403017, 0.15662471266816658, 0.14059528852976336, 0.08603960135951638, 0.085698453297552, 0.30085643532220274, 0.16569055441234792, 0.09009647031780332, 0.17689500623160886, 0.12676113640322328, 0.11266367137110953, 0.16019809443073776, 0.24996022786945105, 0.4039505273103714, 0.07538190615014173, 0.1906795140573646, 0.0929798500562006, 0.514745771520953, 0.13329435516018093, 0.13721333796349475, 0.45822782516479493, 0.19692986265623144, 0.41943608904973817, 0.09015248669311404, 0.25745765306055546, 0.061852238660391703, 0.06208731508097397, 0.12842741272533717, 0.2095924857023515, 0.1737857940606773, 0.13479439473073734, 0.15677277335961318, 0.12321084537543356, 0.132743991108547, 0.14102576127434185, 0.16294595055086047, 0.13337238463787254, 0.1640276364327985, 0.12983107327794036, 0.0770649233153866, 0.21656802755647472, 0.10435924679040909, 0.24055198055859178, 0.11404421592865568, 0.2850835775690419, 0.12814255118402734, 0.1816826363607984, 0.1202172412071377, 0.34802375819820625, 0.1327994824697574, 0.5275376879681761, 0.15480256515244645, 0.30250327611962957, 0.3466061835284703, 0.2502484504754345, 0.20481659388169646, 0.16230413245143316, 0.2332483255964083, 0.4183407425414771, 0.20457407164697847, 0.39804855288055385, 0.2722668868955225, 0.3575305996526932, 0.24221056170932861, 0.40326133742928505, 0.24122339644995722, 0.21462432853877544, 0.14908172263714828, 0.1732373174279928, 0.16662218276745616, 0.1614685646884368, 0.26843610033392906, 0.1530208913858569, 0.16191426130092662, 0.2485672420943561, 0.199635637876315, 0.15117936166024756, 0.15254629918684562, 0.2261754648857995, 0.19738107787347153, 0.16313821654050398, 0.2180935288297719, 0.15066483104601502, 0.1709927393397609, 0.1658888225044523, 0.15631676129996777]
2025-11-14 15:12:56 - fedit - INFO - loss data:
2025-11-14 15:12:56 - fedit - INFO - [0.49068554911924445, 0.40969585751493776, 0.30769790308311196, 0.25429151959807766, 0.255769864816604, 0.24018764247496924, 0.2572773138859442, 0.40738102660203973, 0.4475719227798675, 0.19395909303178388, 0.08987840088070348, 0.6605193465948105, 0.20273034323168837, 0.19993919021739015, 0.25970732793211937, 0.12238357665288883, 0.577073572203517, 0.14179229804645538, 0.212950992173162, 0.16719928773964057, 0.16764605667673438, 0.13965603978987276, 0.17330615334043006, 0.3020414386410266, 0.18488059777659005, 0.2276332296896726, 0.1897176232695449, 0.20940922000988876, 0.1850859105344052, 0.2963113844718622, 0.33208054304122925, 0.17131106788292527, 0.25012684939429164, 0.09656561637530103, 0.5620615374166191, 0.18343922744194668, 0.16795135379458467, 0.42400249280035496, 0.08598903046610455, 0.3962290782481432, 0.23344908783148074, 0.2791588017717004, 0.20217751832678915, 0.20213871814597112, 0.11854181562860806, 0.17496226903864764, 0.2088302094489336, 0.2450184126694997, 0.16178899296071558, 0.15914790420547914, 0.14949721729625826, 0.20265262297828468, 0.09465354719155024, 0.4304552251007408, 0.11638349230365398, 0.1525213202305082, 0.27073188746968907, 0.1681092893704772, 0.16303728614002466, 0.15368929225951433, 0.16106317579684842, 0.17920383461751044, 0.16728093152466628, 0.0727676988617445, 0.2393518747546925, 0.19693035454205843, 0.3072063761452834, 0.14103008904272601, 0.3782728624840578, 0.12786907255649566, 0.15712061719968914, 0.2030221064508017, 0.3730477825940951, 0.4265092685818672, 0.13885552899412595, 0.14596716668456794, 0.2041514191776514, 0.1446304230947002, 0.087696714757476, 0.41203086264431477, 0.1579265700957666, 0.08829700527712703, 0.3440286480564585, 0.7090778890997171, 0.06686910130822817, 0.2833233426014582, 0.14652968945507056, 0.2598296874202788, 0.21932783381392557, 0.10704293859621081, 0.1868560558068566, 0.1627181074946471, 0.5241038848956426, 0.1536132369554885, 0.1832168996334076, 0.1467171612727855, 0.21477416033546132, 0.11905609467066824, 0.09609432270129523, 0.11178222860102183, 0.06460539365294748, 0.2934696258356174, 0.1199614556816717, 0.2674729462456087, 0.19083758629858494, 0.19894936680793762, 0.12492307655226725, 0.08141313894884661, 0.09327408415265381, 0.2059181855681042, 0.15761526215971372, 0.2112992253026058, 0.2755589088946484, 0.7371249852391581, 0.10488383002423991, 0.15240272121387843, 0.1360021446284168, 0.10851739801000804, 0.06668214338759963, 0.31888772756792605, 0.2159275839460038, 0.10259481240063906, 0.19475277836124102, 0.13938986506187043, 0.11989703631542366, 0.19706381807247034, 0.09312521976729234, 0.4304782524704933, 0.1563383296597749, 0.19210408723353223, 0.09896264130112309, 0.570202977161041, 0.12571565322414563, 0.13601320813893555, 0.3775422677397728, 0.21974270844033786, 0.387234173858395, 0.09616687591187656, 0.34422457218170166, 0.07805675242203647, 0.07739070308609651, 0.13156145840775274, 0.17106025460127153, 0.19965862420698005, 0.10794414834756601, 0.12395694583718633, 0.0926347520047178, 0.1627676439760574, 0.1591990824396673, 0.15676623622053548, 0.1389650654738191, 0.21316210375655265, 0.08715337573861082, 0.09925518160647091, 0.21506223492920767, 0.1654297998175025, 0.22353141748895627, 0.21675821830285713, 0.2519409121679408, 0.1350585931307522, 0.1674814910510148, 0.09944070042110979, 0.33533738403079605, 0.181650601956062, 0.5419724894186052, 0.1453360326156236, 0.39256682929893333, 0.07670435452690491, 0.24639119456211725, 0.22240591528825462, 0.1734004402910171, 0.112231075981011, 0.4908257874504973, 0.15607662280090154, 0.4772259583696723, 0.2809376202058047, 0.3498485816385726, 0.2226320531583209, 0.2607954815030098, 0.16393488277073787, 0.20344391644287568, 0.10739670061555348, 0.20885787991185983, 0.17889355992516265, 0.17201946669236373, 0.25670283163587254, 0.17225909387898386, 0.19749943258753722, 0.3201733888329371, 0.2067792033776641, 0.16869968515232034, 0.20979078443100055, 0.26092257306567934, 0.20933065521775893, 0.19140380907517213, 0.15405916689156457, 0.17182529717683792, 0.19054093985603404, 0.14261301580284325, 0.1489279084218045]
2025-11-21 17:29:29 - fedit - INFO - loss data:
2025-11-21 17:29:29 - fedit - INFO - [0.6053957847934781, 0.5643459970752398, 0.1581321077654138, 0.141882849020476, 0.34138329078753793, 0.3124601552881936, 0.27922889046597754, 0.24501950117862886, 0.28803869306928276, 0.11193483388463696, 0.4303205980815821, 0.12534768683447814, 0.09058768456452526, 0.28297575495150035, 0.6060466497515639, 0.11216339693831591, 0.26483194521117387, 0.23315709035895352, 0.21999695639048392, 0.09767195831421607, 0.9519290657980102, 0.13407406519157425, 0.6735903994890577, 0.3322806812091066, 0.16028651644010097, 0.174078062021484, 0.27316644045834737, 0.122554680826579, 0.21085014204708807, 0.1683666951643924, 0.12153420311344021, 0.38570119782040513, 0.13590015110983383, 0.5117278631983532, 0.14743794050688544, 0.11151791794767027, 0.24405670891525613, 0.2050412805484874, 0.13699077732641907, 0.23289497941732407, 0.15667122028147182, 0.05600051945245165, 0.4907907571643591, 0.1834278425117108, 0.18323580930009484, 0.1493004387865464, 0.11440421257478496, 0.2036656122432933, 0.127288166511183, 0.14159227897727045, 0.1562191899177957, 0.16508182487027212, 0.1562603797309664, 0.18994528970991573, 0.1822311213860909, 0.2243241402897097, 0.11959121773751186, 0.11094289598099533, 0.10943094253806132, 0.12913119033769224, 0.09572796859647496, 0.5194473819186289, 0.1787660591388968, 0.16072035753309274, 0.26583954585450037, 0.16914836907138425, 0.16315593133081815, 0.09323674673750978, 0.24437503432771857, 0.09255245289338443, 0.21713804079086652, 0.202995660362233, 0.18801306825988584, 0.10072858189414546, 0.18430052384723067, 0.16683001457048313, 0.11824714925864505, 0.1098240231669027, 0.09322651681335023, 0.14849973045233072, 0.11076208665988153, 0.10355594517507902, 0.2547266035495947, 0.19663351996236347, 0.30589781992603093, 0.14518111058383842, 0.11681007880251855, 0.11652545674320815, 0.5442187018666623, 0.11461823073914275, 0.15376225428300955, 0.09300816528963024, 0.14468905810887617, 0.08680199441732839, 0.10958716507725925, 0.18724793599600054, 0.2841463949631101, 0.09008738954127896, 0.09058068131821023, 0.18535488128129923, 0.11364557489287108, 0.21260308188857968, 0.13066756250336767, 0.2518152908111612, 0.06209061063515643, 0.37617394807083265, 0.1264945159158246, 0.2527670037234202, 0.1049783753858517, 0.5729067282130321, 0.16476664029352078, 0.06389330608944874, 0.3353477873283231, 0.15067303183798988, 0.2064956584945321, 0.14781148409626138, 0.16134471238280335, 0.15920955248709234, 0.1293232408529591, 0.13458597163359326, 0.0923381072449653, 0.1953538411621456, 0.14238324220336618, 0.24992558423296682, 0.18373188865371048, 0.06538052653243842, 0.576568849916969, 0.14997344464367912, 0.14626589284150623, 0.34405451806055176, 0.16034688668635985, 0.1720607648991669, 0.21965438889508898, 0.14890363449554167, 0.2269444044989844, 0.12144641703701911, 0.08206449970020913, 0.8329074253638585, 0.2124196526024914, 0.20189836879467798, 0.16027549223508686, 0.12718172499111718, 0.15458651261093714, 0.11979713305934436, 0.10397317330685578, 0.10129698722400159, 0.23933523603611523, 0.09782305020457394, 0.48760382975028316, 0.1473197713346472, 0.1049935196131242, 0.16280985339027312, 0.1774721778505905, 0.13116990526517233, 0.2059304341673851, 0.12606194149702787, 0.13116282633706633, 0.18867183512276303, 0.24635213917766427, 0.15288521832260185, 0.1389982709328511, 0.14866785134791452, 0.14557602896044652, 0.209200980886817, 0.12710555768959844, 0.2483123183483258, 0.16734896985475312, 0.15008173598907887, 0.2367681223508303, 0.200292241666466, 0.11281395614231852, 0.1711531217125329, 0.2476019889116287, 0.18042887492726245, 0.2575149184701981, 0.16898640967276576, 0.16997794292660223, 0.17484319865697118, 0.1332847650840201, 0.12747370689176024, 0.2074428152086006, 0.3303549755985538, 0.18696110125941534, 0.15555859689290324, 0.20816632806663476, 0.1803642081074594, 0.1985749355982989, 0.15393338653569422, 0.17563193032724989, 0.14245860910575303, 0.18280874006450176, 0.18205815967036565, 0.19957307384659845, 0.21581321081903299, 0.14071365042279166, 0.14572531620838813, 0.13904904532468035, 0.18106252119566002, 0.13234680919524502, 0.12203846524159115]
2025-11-21 20:32:58 - fedit - INFO - loss data:
2025-11-21 20:32:58 - fedit - INFO - [0.6053957847934781, 0.5643459970752398, 0.1581321077654138, 0.141882849020476, 0.34138329078753793, 0.3124601552881936, 0.27922889046597754, 0.24501950117862886, 0.28803869306928276, 0.11193483388463696, 0.4303205980815821, 0.12534768683447814, 0.09058768456452526, 0.28297575495150035, 0.6060466497515639, 0.11216339693831591, 0.26483194521117387, 0.23315709035895352, 0.21999695639048392, 0.09767195831421607, 0.9519290657980102, 0.13407406519157425, 0.6735903994890577, 0.3322806812091066, 0.16028651644010097, 0.174078062021484, 0.27316644045834737, 0.122554680826579, 0.21085014204708807, 0.1683666951643924, 0.12153420311344021, 0.38570119782040513, 0.13590015110983383, 0.5117278631983532, 0.14743794050688544, 0.11151791794767027, 0.24405670891525613, 0.2050412805484874, 0.13699077732641907, 0.23289497941732407, 0.15667122028147182, 0.05600051945245165, 0.4907907571643591, 0.1834278425117108, 0.18323580930009484, 0.1493004387865464, 0.11440421257478496, 0.2036656122432933, 0.127288166511183, 0.14159227897727045, 0.1562191899177957, 0.16508182487027212, 0.1562603797309664, 0.18994528970991573, 0.1822311213860909, 0.2243241402897097, 0.11959121773751186, 0.11094289598099533, 0.10943094253806132, 0.12913119033769224, 0.09572796859647496, 0.5194473819186289, 0.1787660591388968, 0.16072035753309274, 0.26583954585450037, 0.16914836907138425, 0.16315593133081815, 0.09323674673750978, 0.24437503432771857, 0.09255245289338443, 0.21713804079086652, 0.202995660362233, 0.18801306825988584, 0.10072858189414546, 0.18430052384723067, 0.16683001457048313, 0.11824714925864505, 0.1098240231669027, 0.09322651681335023, 0.14849973045233072, 0.11076208665988153, 0.10355594517507902, 0.2547266035495947, 0.19663351996236347, 0.30589781992603093, 0.14518111058383842, 0.11681007880251855, 0.11652545674320815, 0.5442187018666623, 0.11461823073914275, 0.15376225428300955, 0.09300816528963024, 0.14468905810887617, 0.08680199441732839, 0.10958716507725925, 0.18724793599600054, 0.2841463949631101, 0.09008738954127896, 0.09058068131821023, 0.18535488128129923, 0.11364557489287108, 0.21260308188857968, 0.13066756250336767, 0.2518152908111612, 0.06209061063515643, 0.37617394807083265, 0.1264945159158246, 0.2527670037234202, 0.1049783753858517, 0.5729067282130321, 0.16476664029352078, 0.06389330608944874, 0.3353477873283231, 0.15067303183798988, 0.2064956584945321, 0.14781148409626138, 0.16134471238280335, 0.15920955248709234, 0.1293232408529591, 0.13458597163359326, 0.0923381072449653, 0.1953538411621456, 0.14238324220336618, 0.24992558423296682, 0.18373188865371048, 0.06538052653243842, 0.576568849916969, 0.14997344464367912, 0.14626589284150623, 0.34405451806055176, 0.16034688668635985, 0.1720607648991669, 0.21965438889508898, 0.14890363449554167, 0.2269444044989844, 0.12144641703701911, 0.08206449970020913, 0.8329074253638585, 0.2124196526024914, 0.20189836879467798, 0.16027549223508686, 0.12718172499111718, 0.15458651261093714, 0.11979713305934436, 0.10397317330685578, 0.10129698722400159, 0.23933523603611523, 0.09782305020457394, 0.48760382975028316, 0.1473197713346472, 0.1049935196131242, 0.16280985339027312, 0.1774721778505905, 0.13116990526517233, 0.2059304341673851, 0.12606194149702787, 0.13116282633706633, 0.18867183512276303, 0.24635213917766427, 0.15288521832260185, 0.1389982709328511, 0.14866785134791452, 0.14557602896044652, 0.209200980886817, 0.12710555768959844, 0.2483123183483258, 0.16734896985475312, 0.15008173598907887, 0.2367681223508303, 0.200292241666466, 0.11281395614231852, 0.1711531217125329, 0.2476019889116287, 0.18042887492726245, 0.2575149184701981, 0.16898640967276576, 0.16997794292660223, 0.17484319865697118, 0.1332847650840201, 0.12747370689176024, 0.2074428152086006, 0.3303549755985538, 0.18696110125941534, 0.15555859689290324, 0.20816632806663476, 0.1803642081074594, 0.1985749355982989, 0.15393338653569422, 0.17563193032724989, 0.14245860910575303, 0.18280874006450176, 0.18205815967036565, 0.19957307384659845, 0.21581321081903299, 0.14071365042279166, 0.14572531620838813, 0.13904904532468035, 0.18106252119566002, 0.13234680919524502, 0.12203846524159115]
2025-11-21 23:27:53 - fedit - INFO - loss data:
2025-11-21 23:27:53 - fedit - INFO - [0.4355612686709859, 0.9048288232022589, 0.5891625153330656, 0.37011755957956166, 0.36166516377737645, 0.17661369277754732, 0.1671824107787754, 0.15450025520840427, 0.24642166574077123, 0.25508354918215187, 0.25009646335812774, 0.16652991784832033, 0.24708099047151894, 0.14503844985540637, 0.21794487514998764, 0.0993827391461569, 0.3781008615118006, 0.053657018731358294, 0.23816172114076248, 0.16847304617508482, 0.1784231665974053, 0.05342244465802131, 0.31593851140485363, 0.1294210767724181, 0.17015759773918396, 0.24923017635368383, 0.16465489952466808, 0.03746861446016228, 0.28198735686660054, 0.14246379973727913, 0.15869844145276862, 0.24475929176487662, 0.22459276514127852, 0.06900194881540628, 0.6809610689857176, 0.07451907256677842, 1.152556151151657, 0.2334253928626343, 0.17779461896190277, 0.21833951616038877, 0.12729607303885093, 0.20641338536380857, 0.13243107384345343, 0.15886387233741772, 0.15796998678706586, 0.06957872663786561, 0.238673302323953, 0.21741151824020422, 0.14977730366920766, 0.1254483160148892, 0.06736310388413795, 0.026129484151429745, 0.3353476703632623, 0.20459717550590212, 0.15829783860270097, 0.1028371517911637, 0.31851765960128164, 0.3569344916882423, 0.24581712476376977, 0.17018171882821032, 0.11657131468125705, 0.13845268711328315, 0.20924319370981093, 0.378560872443389, 0.1719016357942914, 0.09300945523670331, 0.0791382744411229, 0.11111121441348447, 0.2904177739824119, 0.21131777753563302, 0.15278192075146807, 0.0870642655538783, 0.2173614758066833, 0.10212664481639097, 0.15344324416051117, 0.09516000452868456, 0.018447488172699065, 0.18146578760961782, 0.1726026378915106, 0.08913848172121036, 0.1808926000062806, 0.06747519415434258, 0.11422337381065098, 0.09888034512867959, 0.09527352499739769, 0.18050789921425092, 0.224372289971345, 0.2104918916266234, 0.09978522931463546, 0.218102664153591, 0.13100131841686866, 0.18168026064088952, 0.17085982787494475, 0.2026393198623107, 0.13183222351452478, 0.099466079523569, 0.10989347618329623, 0.10127560872239813, 0.11430870988814328, 0.136503323037856, 0.08944752894652386, 0.19971384550010934, 0.06543999871911972, 0.21243809073542555, 0.135824274773208, 0.10529237661588317, 0.13898317937847174, 0.15355570432013615, 0.07798900706014442, 0.2572361904955672, 0.07709145889474223, 0.13583668574939672, 0.0887083493011932, 0.15565587123653488, 0.12316370865133089, 0.1614585862823042, 0.16505911480635405, 0.10288296705111862, 0.15705707296729088, 0.16380525978563942, 0.11325659608954321, 0.17835920823639945, 0.17153308813677248, 0.1424361935351044, 0.16988932315393218, 0.1136072259900781, 0.13112886843905933, 0.15229920019240428, 0.20132576543735442, 0.13131891433537626, 0.14265395249286822, 0.09119471062977727, 0.1343518610855636, 0.1978601053930246, 0.11887504790121546, 0.12004946982488036, 0.28814547951333225, 0.1618416538151602, 0.3456418630149629, 0.11751342843053862, 0.16086743108856216, 0.17301856886285047, 0.22544041975789708, 0.1973187119771655, 0.10207674502896186, 0.12463019142139768, 0.1138799913502179, 0.1570241902489215, 0.12376867214558072, 0.1327920061751054, 0.17583428568703902, 0.09980841023095238, 0.13700438071932775, 0.0942065845151524, 0.13065865207120875, 0.12236296052399737, 0.14619532792518536, 0.13128680425385636, 0.23931306238020106, 0.1058785404699544, 0.2349807005518904, 0.1839030768622511, 0.13423809293386063, 0.14083500133397486, 0.11318904373687333, 0.11629360305646863, 0.19186255746337283, 0.10754497203287547, 0.15252472118983984, 0.17584074607584627, 0.08714188383448691, 0.1092119463525402, 0.15828638066991402, 0.15327329771887316, 0.19559102461330202, 0.20382760430220515, 0.18060193405701563, 0.13136980529978043, 0.08043069473101891, 0.23949222519404742, 0.17347515439275304, 0.16825607281618313, 0.1439995373067047, 0.08157686585980048, 0.26250561431848574, 0.09041020679069334, 0.07879573582337261, 0.23473120262387437, 0.08069017865428968, 0.11561301236225108, 0.26211331028142404, 0.2861895296300351, 0.13152232515410733, 0.14444602013901178, 0.13036736441103536, 0.18689382577744815, 0.2102463101404474, 0.21092551089823247, 0.15282506982867533, 0.18145795135448378]
2025-11-22 01:38:32 - fedit - INFO - loss data:
2025-11-22 01:38:32 - fedit - INFO - [0.39075312367640436, 0.39124900268183815, 0.22571559480967976, 0.8276646334085275, 0.43137635781683703, 0.284072957021785, 0.15550728467670047, 0.18850835332913057, 0.15449628281584454, 0.20692592236834267, 0.17282641663526496, 0.5464240818151406, 0.24960218791966327, 0.18552085470715116, 0.22154786084976158, 0.08287655384046957, 0.38519813056336716, 0.08119808552631488, 0.1581931571376377, 0.2044095503931333, 0.13273025252893272, 0.43859374926735956, 0.09770081537620476, 0.33864163933321834, 0.22142224597794136, 0.12876611195194226, 0.2600252800635203, 0.44644433224485036, 0.128497797010156, 0.17302953808526084, 0.21837010558339812, 0.2639933210676131, 0.17738046435723928, 0.1035637935216073, 0.0608312027569766, 0.17618270351861914, 0.10549391397895913, 0.22661759683396668, 0.20521683074449273, 0.1919776779850797, 0.2799338014570601, 0.18043085009170073, 0.18975969008875615, 0.20790279912207985, 0.5565465972691342, 0.1867159582907334, 0.17379569230415734, 0.27300606769664837, 0.15047715800326494, 0.1723834313743282, 0.08809159399797431, 0.38266258698145283, 0.2829543307016138, 0.10545293030639488, 0.19117081085228976, 0.2669668652649437, 0.2105400466493198, 0.2007622841745615, 0.08823329684916341, 0.20822758772410452, 0.1292382293070356, 0.12861289286908384, 0.22009465983137488, 0.11645114069561595, 0.14950726306276574, 0.22782982074256453, 0.20785538956434244, 0.15784129659842813, 0.17088417527265845, 0.49255312408010166, 0.3406843530635039, 0.1250826794222424, 1.0670638005249202, 0.12892245857656234, 0.1458380842464976, 0.4238458984104606, 0.2580931675731249, 0.1027940173374696, 0.1690787111001555, 0.11665680937890319, 0.294238198781386, 0.12413625768385828, 0.34513197735262413, 0.1859305714193562, 0.17948656130659704, 0.4398833224084228, 0.16756581564226913, 0.1536459926915679, 0.1491593508033215, 0.31106518033064073, 0.12588708918885372, 0.06703709943491655, 0.47725934011950377, 0.2547439644113183, 0.12410531433609624, 0.11657755558068554, 0.6303196689960632, 0.1666241100174375, 0.10916275837563275, 0.14334776300134805, 0.10097456724509934, 0.17528319987468421, 0.11079872019419616, 0.13783091741788667, 0.09918771335339573, 0.055217787125490574, 0.40633750925771894, 0.1762182533663387, 0.35000596124904626, 0.1504044792174162, 0.28175346832722425, 0.25928313201505016, 0.31167993607761507, 0.3616275063582829, 0.15137557845030514, 0.18421849908984522, 0.16557109113782645, 0.16928829641980464, 0.12165663335666371, 0.589936937764287, 0.09590015964155706, 0.20854358025826514, 0.10708813393444178, 0.15938232088757848, 0.12010000244481489, 0.10240199276912323, 0.21989140087001335, 0.42722561872667736, 0.1338762611267157, 0.09560480092080649, 0.2665934072142201, 0.13062866571514556, 0.38552064202217895, 0.0826940760113454, 0.21411117126366921, 0.25643691699951887, 0.13287582636324013, 0.18418216488013667, 0.13282327790511772, 0.07381546690012328, 0.3817384520856043, 0.15652424034972984, 0.1411060413472693, 0.2289364997607966, 0.11260129232592274, 0.2099722104058379, 0.2269342571388984, 0.1332999465521425, 0.16646661317667388, 0.04325368566039417, 0.38155763702733175, 0.358900357146437, 0.1843980369965941, 0.19589762291191923, 0.1748365131428554, 0.14108848999409626, 0.11287017612873267, 0.12786349637899547, 0.42054331044412474, 0.17502743446014143, 0.23288956043931344, 0.3388017199356996, 0.20829347332450326, 0.1379136357534056, 0.1803194284439087, 0.09018051585271245, 0.06104212041245773, 0.7895751043799378, 0.30835971256185857, 0.39106007665395737, 0.13363312451272374, 0.16688857578362026, 0.3969564748800952, 0.2779127105393193, 0.49690889846533537, 0.1488167757936451, 0.18574100723933606, 0.2635345397922008, 0.1588939899356947, 0.15669965979066633, 0.23735726853123024, 0.16320308752446658, 0.11347698139337202, 0.17618788954083964, 0.2081073195717874, 0.22860238444658793, 0.09173663837829649, 0.21276358781721105, 0.5652232281863689, 0.28461988249327985, 0.5044854562729597, 0.3499267249489608, 0.40577977975564344, 0.3188592871384961, 0.3229559622281654, 0.28706316007301214, 0.3202256253998106, 0.32298039990876404, 0.11752936938622346, 0.3841522978618741]
2025-11-25 11:06:26 - fedit - INFO - loss data:
2025-11-25 11:06:26 - fedit - INFO - [0.6076808525531581, 0.6067899155120055, 0.5490979380905628, 0.41516944983353216, 0.5589663771291573, 0.49474761322776356, 0.61015105767486, 0.5225699106231332, 0.33132316903634507, 0.1372064005910943, 0.3921086878205339, 0.13842945639044046, 0.11812031455338001, 0.3595520702622404, 0.6391930513083934, 0.12888071974739432, 0.26014329286085236, 0.21398679440866947, 0.22317085143125345, 0.11974789022982198, 1.0341185560183865, 0.18971318025918057, 0.6417977137267977, 0.3002808084394408, 0.16201114642123382, 0.1832870682331896, 0.3026925814648469, 0.1317016068768377, 0.21435761175810653, 0.18998962125430505, 0.12652016868814825, 0.3630966905814906, 0.147216360283427, 0.5404919382546925, 0.15546322479430172, 0.12286074727841576, 0.27539519653764727, 0.19358360820582934, 0.14781206847150244, 0.27996643632650375, 0.16000735810181746, 0.0624311347239806, 0.5230962818754571, 0.2210361903618005, 0.2229461065493524, 0.16026790654286743, 0.1408831832309564, 0.21866663231233519, 0.14129689931869507, 0.15367254698186034, 0.1835208597882284, 0.18802121854246115, 0.19577378130854428, 0.19351639971137047, 0.20263449739043912, 0.24167455139436894, 0.13962117186525747, 0.12901044368211712, 0.10929447223731716, 0.15577781417717537, 0.11143572338041849, 0.6285206790392597, 0.18915558470921084, 0.19176481042170163, 0.2654949815145561, 0.18867860299845535, 0.1663620023672203, 0.1081148641585434, 0.27620037437217043, 0.1005815413610738, 0.24114555604312393, 0.19447759288762295, 0.2370866785446803, 0.110236480150949, 0.2515250430664136, 0.16972588534866062, 0.14218256513898572, 0.12089988607852384, 0.11738785073005906, 0.16974100382208374, 0.12294761658025284, 0.13113403808702492, 0.28750525081219774, 0.19235802736199858, 0.2522435423452407, 0.14436367312869564, 0.13590684089188773, 0.11565477715145486, 0.4583125991177642, 0.14223791728092894, 0.200007563778421, 0.11527280304774952, 0.1774692986626178, 0.08519524565920056, 0.1372555698194033, 0.194711966747234, 0.3334661559867007, 0.10327786461049174, 0.11622644374664459, 0.19976125012284943, 0.12830425184220076, 0.2725146463165036, 0.16348976359392206, 0.31388894468545914, 0.06646784536230067, 0.4171396940946579, 0.1555164402181452, 0.28448165161535144, 0.09046034340345716, 0.6939969919621944, 0.20635553994881256, 0.07071340091432729, 0.3681408298111314, 0.18934932680623162, 0.19400641008590658, 0.13968625979032367, 0.2021725952270485, 0.30999942070671493, 0.16644231116931352, 0.17319971793109462, 0.10418316544059457, 0.2300175122465148, 0.16972228647431448, 0.2576047594525984, 0.21722683892585337, 0.09586984907606771, 0.543948829706226, 0.2055108238688924, 0.1576369656432493, 0.3819124206072754, 0.15274669586991269, 0.17386023079355556, 0.25942611711269076, 0.1624859455248548, 0.29486144248706603, 0.1560967954891649, 0.09472982185543515, 0.898248416185379, 0.28880821296479553, 0.2232282602849106, 0.19785032716269296, 0.14813669306181726, 0.19993787175044417, 0.13657957802837095, 0.11653898980335466, 0.12574647946942907, 0.25947294182454544, 0.1105071233113348, 0.5005127398974516, 0.23645281209240832, 0.15285699399225788, 0.18207775212358684, 0.2342395910315893, 0.17605866274485987, 0.23242900148034096, 0.16486969804391266, 0.15913413738941445, 0.19818377627858094, 0.2326783379733873, 0.1712904072615138, 0.18071244713584228, 0.1861734556162036, 0.19519791215037308, 0.259856516122818, 0.17694100389877954, 0.2909641352897476, 0.1991380404003642, 0.19124029502272605, 0.22652651746694963, 0.20461965246746938, 0.1549377836738572, 0.15788801861080257, 0.34453320130705833, 0.22426006703947982, 0.3174407593905926, 0.1980258425056644, 0.21741956625547676, 0.18822694150730968, 0.16906482956426985, 0.1601158320903778, 0.22439029742963612, 0.3438080087304115, 0.20165676199831067, 0.19458982100089392, 0.23679816999310066, 0.1938863525699292, 0.2096884710714221, 0.18650887339996794, 0.18851648767789203, 0.18147208525000938, 0.21932778209447862, 0.2787184139092763, 0.25084704098602134, 0.2834782568766968, 0.17606298971004436, 0.18786418914262737, 0.17712640138786462, 0.24501039093981186, 0.15411634375067318, 0.14560026287411648]
2025-11-25 13:01:17 - fedit - INFO - loss data:
2025-11-25 13:01:17 - fedit - INFO - [0.4438885196398657, 0.854832417853586, 0.5904872841559924, 0.38513763176707927, 0.427051343829834, 0.2675311408853823, 0.2426087531292657, 0.15823726392894363, 0.27907179307127206, 0.2779857369270612, 0.2732863090638267, 0.18328346908570098, 0.25593924450759703, 0.15766174325738877, 0.23525837440975012, 0.10063089983128261, 0.3138768433228783, 0.06639653369003988, 0.2648887561312071, 0.1960274611169902, 0.21221103682540932, 0.04435087847481814, 0.3834645043843641, 0.1482943874031592, 0.1703045742865746, 0.26225360239354467, 0.18672950686170503, 0.037918427119151166, 0.323818434791466, 0.16993980832478922, 0.1832917907163819, 0.26597448859952, 0.22625823374837636, 0.06792473962615567, 0.6023944179926599, 0.08637333091778251, 1.16706154247125, 0.2389242442500224, 0.19717155396938324, 0.2244529690593481, 0.137871559395245, 0.22933846932120514, 0.14437659787209267, 0.20133029898294272, 0.15841564955189824, 0.08328764948656456, 0.257550853072513, 0.2332478575031405, 0.16402679753020152, 0.14210914654476153, 0.07223194502988078, 0.026108329684835292, 0.4777560012880713, 0.2225215944050536, 0.1931657050230095, 0.09660841998369765, 0.3160111655187058, 0.3419386526713004, 0.31386889360312903, 0.12254563108659708, 0.1466968816245227, 0.12511596381365775, 0.1677467240459429, 0.34151151554535014, 0.19876461567428821, 0.0972308716098875, 0.09475909957732906, 0.11788521671058753, 0.3514796995998998, 0.22227314758793754, 0.17380976645157686, 0.09867791241849773, 0.22897872957400978, 0.12158470877828742, 0.16859847047509482, 0.11671156839798683, 0.024637042425088664, 0.19554211641544023, 0.21776319110864087, 0.12047978556858233, 0.171665146570796, 0.09012202407861228, 0.11582549167024599, 0.11528347333585724, 0.12723593039509767, 0.1943863240094521, 0.2833241829648614, 0.241665789476108, 0.12322872570027588, 0.2727747854421248, 0.1732188473314003, 0.20781586632916801, 0.22975459350989413, 0.26557492042103636, 0.1381940311513459, 0.11377232542846544, 0.12988971114872205, 0.1168978463361362, 0.14106561860440392, 0.16905092086401666, 0.14142700326628982, 0.2295682945849825, 0.06737421281894178, 0.22460306870440644, 0.16120663578980243, 0.1521682444338997, 0.18144907540898175, 0.18686755897584728, 0.11685007218814765, 0.2884249567823566, 0.08927893369721296, 0.15915798840795453, 0.0926041822689466, 0.19914526796859244, 0.13776411447906867, 0.20671554983627458, 0.17292333447840064, 0.165420172115167, 0.20889666094444692, 0.19171066106983314, 0.14393755901753363, 0.20109653227815502, 0.21223153173923492, 0.16799448618951898, 0.19942820422750498, 0.13668284034550499, 0.17609708148554182, 0.1669887166470289, 0.23323659412562847, 0.27034502825699747, 0.18209937104276291, 0.10442171558403435, 0.163578395136238, 0.24489062623335764, 0.1432713467054642, 0.15258997596489887, 0.3271199516020715, 0.23718136463624734, 0.40633330363621056, 0.16430592391019067, 0.19626484509413514, 0.17624119442577163, 0.2702643808641052, 0.18217840091898463, 0.12536514993964532, 0.16096083993386281, 0.1277133479869614, 0.20026217452250422, 0.13988639178793305, 0.14960237549474606, 0.2153302520667588, 0.12618452471752578, 0.1740601327384642, 0.10336073792339967, 0.1678834417834878, 0.16610575782564968, 0.1625983918292655, 0.16401402693064437, 0.2985883420333266, 0.14214836844256606, 0.25032808661031036, 0.21547124238152587, 0.14861660357470424, 0.18924056623632518, 0.14270035204334328, 0.14688827762953363, 0.231642471402136, 0.14069311963799208, 0.1569813785230757, 0.22294142207918832, 0.11322270201164342, 0.12557553272280428, 0.19737115548684814, 0.19985974724159428, 0.24875848636913456, 0.20535107632167637, 0.21016912205288044, 0.1438689052955144, 0.09417171195881174, 0.2544866279961589, 0.20651853279123905, 0.21413964152868303, 0.1839884076267481, 0.09539897781975853, 0.3497156548979027, 0.11496940039796755, 0.10120706487423142, 0.2873637871141883, 0.08419843202656402, 0.1518966192840138, 0.3261611915464485, 0.35132377751563726, 0.14617105645055956, 0.16271519222436284, 0.14455730369728473, 0.2199575131615767, 0.24059934901367674, 0.22677529404560726, 0.17612633538933903, 0.2331539755066236]
2025-11-25 16:01:03 - fedit - INFO - loss data:
2025-11-25 16:01:03 - fedit - INFO - [0.40532141691073775, 0.39461834078270286, 0.24078101859915824, 0.8854387260296128, 0.5997018353731343, 0.5224902772574456, 0.2760992635130173, 0.205151974949764, 0.18267470275953648, 0.22928090903442352, 0.33641317673027515, 0.4428975060582161, 0.22337408061139286, 0.22273520213043826, 0.24386141731431993, 0.09794711229624227, 0.4165157250245102, 0.09289110384027784, 0.2051948407465326, 0.2395619117832255, 0.1535368203850729, 0.4124192780194183, 0.11628098887879224, 0.3414482091154371, 0.2339938487407666, 0.15508496660428744, 0.27796107485438837, 0.4191626895751272, 0.1332985020009801, 0.21570204388858244, 0.24259754252575694, 0.240769826280682, 0.18627005895938384, 0.11058327359496616, 0.08497845717550566, 0.1723765354293088, 0.12701751040294768, 0.34606461343355477, 0.1844760476272892, 0.20109425047560342, 0.28907705936580896, 0.19023610434184474, 0.20886265847063926, 0.24127568346115627, 0.47538480610735173, 0.25116337125655264, 0.22951267266976627, 0.28776553526016263, 0.1909953719293255, 0.19481028348673135, 0.11419690127617546, 0.38192472973882796, 0.32640843230321825, 0.11063154437967265, 0.20929998991300086, 0.2878812840651898, 0.2595892254529255, 0.24746128972619771, 0.09750412463326939, 0.24824670027010143, 0.1496702176829179, 0.17044759668254605, 0.2172627067193389, 0.12863829125822318, 0.1790867851799136, 0.28297548874148304, 0.22001685097902304, 0.18204192449197626, 0.174643776503702, 0.5477081757659714, 0.3410099997288651, 0.14443252426378117, 0.9037276245653629, 0.14824953679926695, 0.14287182530970313, 0.38802764083375224, 0.2687291328440465, 0.11672558836354358, 0.17090839135926217, 0.15627927118025364, 0.3008974571712315, 0.13435170939192176, 0.41876903536419074, 0.22481951045549728, 0.1982763883812974, 0.4916816589112083, 0.18579813760394853, 0.183612032970616, 0.16029729290388614, 0.41501343871156376, 0.15080143069914942, 0.08109101550265525, 0.4858031330541486, 0.27266179626299575, 0.14660449725730967, 0.13342908131224768, 0.5999447756136458, 0.19282969646155834, 0.1317328389160389, 0.16933213086609822, 0.1341266311832111, 0.21572520020841196, 0.12204884534532373, 0.15167555469088256, 0.12026162232671465, 0.07151422825933221, 0.5079620812088251, 0.2347959603803853, 0.44021573332561686, 0.16639320801810495, 0.2593253722259154, 0.3139731335051527, 0.3718924331055446, 0.4089189256940569, 0.17964855524423043, 0.20358754817697436, 0.17538692601956427, 0.20096780587536045, 0.1396273904305417, 0.6535916394554079, 0.1122841415150712, 0.23101170966401696, 0.1498027029535955, 0.1933979068205438, 0.14355383679503575, 0.12489099297277229, 0.2586702164029703, 0.3883311990648508, 0.12301713920896873, 0.11258718874446597, 0.36160391521240987, 0.12163846683300411, 0.3637621683237905, 0.11682469739268223, 0.22213599625475972, 0.26798502762209286, 0.16327317600900476, 0.19448556020065688, 0.1262148591922596, 0.08262194257695228, 0.4074493481570648, 0.1799720526517679, 0.1845398437767995, 0.23675343251476685, 0.13045463129959028, 0.2292570821822636, 0.24870951747710723, 0.17128498652018606, 0.2038584410819705, 0.06649477872775779, 0.42217619570770437, 0.3812558219768107, 0.19043225778097456, 0.24961693202494645, 0.21121974291634701, 0.1577003300539218, 0.13933948361470055, 0.1497781431147208, 0.40880392610349436, 0.21654933005232702, 0.27205873501176636, 0.336184722859235, 0.22654766376798202, 0.1602746205026473, 0.25156447581119007, 0.12754065501503647, 0.07552742599509657, 0.7227652452531316, 0.3527875940271077, 0.4105186313390732, 0.15863208796104622, 0.18170910053886474, 0.4086684605713482, 0.30839515617117286, 0.5225721411406994, 0.17736735577126603, 0.19677962271112298, 0.2992898575421693, 0.18615729376851092, 0.18221024929412774, 0.2520243017712519, 0.16861312146786422, 0.15714131112520893, 0.20968896651950975, 0.2354299190587231, 0.2548657404990601, 0.11467868374838006, 0.24516748556528578, 0.5571573041379452, 0.3248609466594644, 0.47432931140065193, 0.3982214794858642, 0.48943195305764675, 0.339056768055473, 0.37078897070816974, 0.3284089608428379, 0.3350346632068977, 0.30409146632467, 0.16317879907490518, 0.3682145830243826]
2025-12-17 22:22:47 - fedit - INFO - loss data:
2025-12-17 22:22:47 - fedit - INFO - [0.620289501796166, 0.5890939380973578, 0.20014078536475396, 0.14927081233205777, 0.35548538978522026, 0.21341886878113397, 0.19313772563820444, 0.19511931007516314, 0.2851098633992175, 0.07979546676065688, 0.2404030853680469, 0.13281916234454794, 0.11660661563797334, 0.21062114965012976, 0.5213305519159996, 0.10680879023081312, 0.23008454173557563, 0.1528663347176108, 0.18286139843257843, 0.11405187770004785, 0.56798676143472, 0.1724486469678368, 0.9099379178058816, 0.2709974365985198, 0.1460260701582431, 0.16709597456908326, 0.2616621922080715, 0.13176003897933697, 0.20318658724427224, 0.20085736382752656, 0.1031344178022765, 0.2653317182134329, 0.17983045535414324, 0.3155903288579518, 0.19936790852484088, 0.11507905844446213, 0.2367661943542771, 0.22580521872553688, 0.12134418397715005, 0.19971806555986404, 0.16607052738298522, 0.06886350221095545, 0.34201430514550357, 0.18528880051647623, 0.1898595272519049, 0.15818987267557533, 0.11688580539166218, 0.16840788182739672, 0.12718349633505568, 0.12417580934852596, 0.14096421332514816, 0.16999664646573365, 0.15550477349509795, 0.17110479743727908, 0.18205647510793907, 0.22342436931406456, 0.10133577956391188, 0.11596643703524023, 0.08475894141657692, 0.1345313789109544, 0.10145620028488339, 0.3291062341719005, 0.25940047679912476, 0.17096482788523037, 0.2173160424322954, 0.18020494923447117, 0.1607358787414761, 0.07459578229342392, 0.17488963050723433, 0.08772833285426411, 0.1979299353549066, 0.14654826670367685, 0.16118361579442753, 0.11007085350962977, 0.1282652322469013, 0.13439091222212332, 0.11014977545289892, 0.08463967357852703, 0.07550907699139013, 0.13341390071436762, 0.09441126039018854, 0.10991434958705212, 0.21538305759895593, 0.1973326340628167, 0.17347423539710385, 0.1513525542478557, 0.1350465069912995, 0.11072564438040394, 0.2218173925211886, 0.08664306581453679, 0.15064515135107703, 0.09088609881194619, 0.17894820751888413, 0.07226558284636474, 0.1171204021666199, 0.14468686414572102, 0.27742571369386637, 0.08782497696738574, 0.09856071458650857, 0.14266924921156537, 0.1661963093776851, 0.22784422083890865, 0.10778199588983424, 0.21405999760397454, 0.027148642770448025, 0.49436849701617447, 0.13353532901965082, 0.20114371942223183, 0.09731809482521687, 0.4130420828605014, 0.15016519488500696, 0.0596294839520043, 0.1899741446790156, 0.13116051977988155, 0.15895524772843628, 0.09336822061561093, 0.16984933082879122, 0.17573271917145966, 0.11985984680220663, 0.15496164746612356, 0.0774332145068218, 0.1813727259007988, 0.13275636875381072, 0.15647558701623765, 0.16148338359463113, 0.0799976175665506, 0.38360417666486823, 0.1123399298482885, 0.14249594558778247, 0.2256293872811107, 0.2268939917822453, 0.1695757033141692, 0.2094238421879709, 0.13389458993139366, 0.22983345325866883, 0.10931847611985479, 0.07789748340017266, 0.39326210895722563, 0.07679519915642838, 0.2794573195563215, 0.12497712989782236, 0.13006303276066694, 0.17570342717226595, 0.11197803473041859, 0.10908567674794338, 0.10594717632872441, 0.19989877840853296, 0.07250081360058781, 0.5303953294819664, 0.10982782519959773, 0.0782400452790575, 0.19643499235001705, 0.17375232381746172, 0.10663729488372892, 0.2197947003878653, 0.11990883904287503, 0.09029319526161998, 0.24271963409458597, 0.17511123307419685, 0.10819403325052311, 0.10907649583948244, 0.12307072503026575, 0.0939533468147721, 0.16043671026515463, 0.14683261420295546, 0.20234475787446804, 0.21391860602113108, 0.13089959228795672, 0.17868389220406805, 0.21807391324898961, 0.13507504450778166, 0.16166146430186928, 0.23125644232560363, 0.17181251196501157, 0.18116668410310965, 0.14051223394269935, 0.14986318121664224, 0.15954888636091102, 0.13846301798863958, 0.09289503332175728, 0.20910556611035847, 0.3888984417542815, 0.19781348725470405, 0.24000857369974254, 0.14760943388011163, 0.18573778355494142, 0.1592224361995856, 0.1726991446555725, 0.16096489426369467, 0.15203109978964285, 0.12546867956924768, 0.18174306562771864, 0.15789831280320263, 0.2143912442959845, 0.09423426239130397, 0.09462555056245672, 0.11645271606144628, 0.2235249303083754, 0.08078396552138858, 0.10153365252772346]
2025-12-17 23:48:45 - fedit - INFO - loss data:
2025-12-17 23:48:45 - fedit - INFO - [0.3922656683728565, 0.7948574210097501, 0.5737281295542533, 0.2500021274180014, 0.23842585115355674, 0.16273213207691528, 0.1557728398699072, 0.14931351444729443, 0.23189375510749716, 0.23915755751136786, 0.24191379807889463, 0.1586676457622208, 0.2178910104228327, 0.13462639174928578, 0.20921906717121602, 0.09027161522600283, 0.29257524044563377, 0.03831551221244088, 0.2504402582821924, 0.18330694975701567, 0.1742561487457118, 0.04039359110139668, 0.23785035652227893, 0.13532225485279922, 0.153818006784385, 0.19334850691330546, 0.16613094601541376, 0.02933181841739699, 0.22367650291595895, 0.13848433022697768, 0.15941193941049278, 0.21187913412849108, 0.22186192705606422, 0.09328735285358003, 0.4272322244276958, 0.049474078341266325, 0.5763893406838179, 0.15955658336152898, 0.1722734144115104, 0.22240862660109997, 0.1114228390066663, 0.21598758607481916, 0.11063258551134991, 0.17247511197705395, 0.13271775883622466, 0.06711424003582646, 0.18413354124020725, 0.22831216452643274, 0.1380617482765742, 0.13534215961585241, 0.05049032349401387, 0.026800118093335726, 0.5720790334666769, 0.20009447002114775, 0.16214828249067068, 0.08110159371670103, 0.30152020872725793, 0.2672432916611433, 0.2179385420925442, 0.13362055344838838, 0.10668133881114651, 0.10658562444654915, 0.1156551037124882, 0.3561722658768606, 0.14320046538176634, 0.09831558321214591, 0.07433110276847907, 0.09825640963213422, 0.2687446880878674, 0.19026907943189145, 0.13021337473178046, 0.1028301763581112, 0.171220301091671, 0.112150871567482, 0.15114628297897675, 0.07742736185048502, 0.015702038779300993, 0.19929970192682858, 0.19571945721593997, 0.07800874433311178, 0.1279290225977699, 0.05678851409245032, 0.07884019112478619, 0.08952519623795524, 0.058171184593657714, 0.2045763607136905, 0.21818287588436813, 0.23917262103807713, 0.09003120949445484, 0.19191740912878338, 0.12525733490577243, 0.18060130986492506, 0.15973927702109975, 0.18710324451184043, 0.11695414065616205, 0.10831170375662623, 0.1017418108783992, 0.09069911573121014, 0.12732006739242935, 0.12032484547145522, 0.0811228142081139, 0.17319107348143697, 0.03347653317314714, 0.20492987769345444, 0.10516727654388747, 0.09340077339826772, 0.15281917448155583, 0.14382050331407345, 0.0585262425399075, 0.2748742687101993, 0.07276648517520068, 0.12652545229245263, 0.07962824004973906, 0.18481604602808754, 0.09844143633420269, 0.14292622097209692, 0.1760441560505165, 0.13957873809461793, 0.1712194617992888, 0.15581710599362852, 0.1350243889571478, 0.21454254677519202, 0.15705746011919386, 0.11936732576324198, 0.14001058005461736, 0.11221749969602873, 0.1541680229982982, 0.16682217271688082, 0.14355321052218123, 0.11847374869200092, 0.1318619461956983, 0.08374486351790554, 0.09757470553981526, 0.12993001731757362, 0.09845435972241924, 0.13246227989438922, 0.22780373884985844, 0.2194699969453116, 0.1983452593732406, 0.12959041044426461, 0.12937651316260956, 0.20645581532476676, 0.17905803815772137, 0.15432157040573657, 0.11181587404183423, 0.1281295467633754, 0.11738963912085941, 0.10746331969276071, 0.08302909325485906, 0.09038838004590405, 0.1678474493186783, 0.07282269130884789, 0.170950831581528, 0.07474939139497512, 0.12591827052931945, 0.08830382015842658, 0.16008839203939573, 0.13287232215990555, 0.09794450310593539, 0.14115000491534982, 0.1673026591883654, 0.1970633202818809, 0.12188897729230423, 0.13104202593831968, 0.08054636048021703, 0.10236616926984145, 0.19554048780208597, 0.13938825415292133, 0.12926546746015768, 0.15778279889655564, 0.10162913148136188, 0.08387283916840804, 0.17762683734584314, 0.20301976629222435, 0.19033140890403755, 0.14605482819800575, 0.19584640404830375, 0.13929912737369832, 0.06778383290015713, 0.22108608223097526, 0.1640036705074211, 0.15724901031784677, 0.14749401828573483, 0.08062330700181149, 0.242331824136994, 0.08202635138683642, 0.08703896439634264, 0.24854091219604013, 0.08255477103542674, 0.1078398126632803, 0.27445416590766025, 0.2781101051192635, 0.11359384765848518, 0.13930750316008925, 0.1134650550134407, 0.13964819456522282, 0.2152103141260644, 0.24517610507706802, 0.10159894042254354, 0.21636002007871866]
2025-12-18 00:52:53 - fedit - INFO - loss data:
2025-12-18 00:52:53 - fedit - INFO - [0.3324247805579078, 0.37794484432019726, 0.22235155445523558, 0.6160563044915242, 0.32531670887644093, 0.2876355859140555, 0.12904679362795182, 0.17035284123073022, 0.14923803550442316, 0.16915345743958216, 0.15761566799289237, 0.44670215629778065, 0.195836745260749, 0.1700550625648854, 0.18589084663738809, 0.06837444270495326, 0.2928062418359332, 0.08334798721175285, 0.16752398216825287, 0.19717637731765325, 0.12245270340285702, 0.2649517673333841, 0.07981860148554135, 0.2654054759295432, 0.22303177750505068, 0.11294544984896977, 0.196487927270521, 0.3341391646565917, 0.1173630991698398, 0.13928881195066165, 0.17341999909482322, 0.2375815436110965, 0.17262512219423937, 0.08951829914197637, 0.058464268617293175, 0.16692029674815242, 0.11228956710547208, 0.18371698448103607, 0.1473256254768265, 0.1791776866761639, 0.23487889856720964, 0.1255378934244315, 0.19882945324934553, 0.15028248746918205, 0.3672640510213872, 0.18692888742225477, 0.11602533864573897, 0.1681729622078516, 0.13940679379768717, 0.12373684743264068, 0.08531475927690432, 0.28865901703739794, 0.1996352709911337, 0.12323428481662024, 0.18873718773818338, 0.2116274448422094, 0.20360906369943213, 0.20670876625042997, 0.08961164539250603, 0.17541891806303783, 0.12738555346926053, 0.10310421950222615, 0.11406334928636039, 0.13019488484909136, 0.1419678852990425, 0.29160231680919724, 0.15779716514627495, 0.1616132772915686, 0.15879875875543803, 0.2580578466836494, 0.3537301290780306, 0.08440296542876718, 0.5036295200298939, 0.1132100451173947, 0.11538095184369013, 0.27443306175215787, 0.19724934396799654, 0.11239871826883424, 0.14222363388786713, 0.13534536425334712, 0.22456910088658333, 0.0653616245077241, 0.4223576500235746, 0.13884791732899365, 0.13451523133262527, 0.26477664343547075, 0.1437062080166921, 0.13911661364497074, 0.1604967319072248, 0.21740625698526367, 0.1317433367584062, 0.06905538626694276, 0.33827465146536095, 0.18598028275051287, 0.10244379052227096, 0.10184602872128987, 0.4848878818874558, 0.1331010025271791, 0.11293731282057706, 0.14083353349318106, 0.0944312101247969, 0.18475835294063603, 0.09930205854609431, 0.12068184201960407, 0.09117262422417602, 0.04405003819752199, 0.3139850138901047, 0.22496622599040467, 0.33363508206481735, 0.11560053408999617, 0.24750869877946874, 0.19251885795494586, 0.24487335231415705, 0.29322776964937264, 0.09970948255213444, 0.17482400936092815, 0.14821525615520942, 0.16671261767235895, 0.09444320468520302, 0.4546016574420623, 0.10548615978831159, 0.1376455663287613, 0.10222832266682465, 0.1535108503730347, 0.07568708839826285, 0.0972576793069796, 0.22052125189560076, 0.31678403462009397, 0.09397952782012345, 0.07746148719328405, 0.22120606322746406, 0.11457374422489444, 0.3320638611136625, 0.08012179258124282, 0.20240206647009312, 0.17978600593106375, 0.13548647977004294, 0.15362506012121835, 0.09043250956373022, 0.05473022146633637, 0.3038615725427757, 0.2554438010390316, 0.14868676067950826, 0.2273129942671706, 0.10975071096992386, 0.16491361607363386, 0.20636934755990902, 0.12499116792315548, 0.1804531020267556, 0.058203350417412966, 0.30024033358010155, 0.3314190704220285, 0.12303459147057895, 0.14429705470933446, 0.1354071817205598, 0.11172181898840344, 0.0773523243491118, 0.11665234506279895, 0.39518504778721497, 0.17573791655844875, 0.2869580459215545, 0.2890148509934079, 0.15820366221060062, 0.13522919927102822, 0.1933847140685162, 0.09704240243105838, 0.05562978311111995, 0.6703547213513117, 0.2562696148486187, 0.33038525028775134, 0.11533995385774795, 0.17117971053812653, 0.36888864635035307, 0.2711260970681906, 0.37800710829240936, 0.1346924471632226, 0.1414228621596361, 0.24602119997143745, 0.16693098017325003, 0.13544400348328053, 0.21191563884106773, 0.13282422300073363, 0.11932190253366051, 0.16385627006335804, 0.2069850180162272, 0.24253759026551286, 0.09471134246947865, 0.18687615717589368, 0.4740193680460964, 0.23238307734003716, 0.48611367706741604, 0.2995480272298058, 0.3671986446153004, 0.25899575306819034, 0.3078381031884679, 0.26220151498093314, 0.27663660573307425, 0.2469079136275328, 0.13150617208642262, 0.3562877388404948]
2025-12-19 17:26:11 - fedit - INFO - loss data:
2025-12-19 17:26:11 - fedit - INFO - [0.6178342503805956, 0.6135813076049089, 0.4036036967629134, 0.2707564032558973, 0.4596625841998806, 0.4994153264344537, 0.34023055796812207, 0.23621874538690057, 0.32725244940569004, 0.06690537456338966, 0.2605084944628132, 0.1465100340980601, 0.11887350826306486, 0.2315767766017719, 0.576127840160872, 0.1180255745149528, 0.27483529413196567, 0.1822211525739274, 0.21108197661378653, 0.09883172370480477, 0.6282822849372258, 0.19403627293346895, 0.7757448578172443, 0.26997697105675583, 0.16575685097680737, 0.184067804959052, 0.29561964723592005, 0.13673384817175246, 0.20849283517648776, 0.2188952389017989, 0.1133268830495783, 0.37904526627707213, 0.15257929869662298, 0.3495589440142868, 0.2149974329319472, 0.13209185344955282, 0.2506856910108278, 0.22315997229172635, 0.12415814714590345, 0.25132107827812433, 0.16831716110093772, 0.07555171243395653, 0.3926766245936354, 0.1952557418495417, 0.19665178259213767, 0.16503867517070225, 0.13980459909265242, 0.17943269608030465, 0.14648221163176156, 0.14412444616949263, 0.16525160474420497, 0.19811358464260898, 0.17694516831483598, 0.17318166411397132, 0.18090592484011062, 0.2417448600820665, 0.12569456905669843, 0.12686449848115444, 0.10797579272960622, 0.16224047737584138, 0.10709859776980012, 0.35331355624437105, 0.2800116238494714, 0.1840647133377691, 0.271485963370651, 0.2103099044807481, 0.17332340351377543, 0.09044778183548867, 0.20655511305113103, 0.08635291202178147, 0.21379327260865233, 0.15023946477116173, 0.1864398161331857, 0.11679923390814415, 0.20288187058872315, 0.15876784612639594, 0.12988133783478084, 0.10626101468418105, 0.08540220667297642, 0.16300283427117393, 0.1244590327803356, 0.11873304513671125, 0.21279847711169472, 0.24690843528757492, 0.15626315797479556, 0.1633172050069058, 0.1524090702616377, 0.13040256725855418, 0.26211632522542705, 0.10883642706467071, 0.17055704997589766, 0.10956806317626616, 0.17502105903944798, 0.0969572090967135, 0.1450729165226221, 0.18336210395985594, 0.2850944902389668, 0.10821167144701273, 0.09451805729056811, 0.18750772528593135, 0.18175678714437205, 0.267435850400389, 0.13101261688603294, 0.2412828135896813, 0.034714876774362184, 0.5671460141893476, 0.16305931669970353, 0.2101329913628953, 0.1027257181936875, 0.5294115412980318, 0.19692892953531727, 0.05675901175919636, 0.23047355166345368, 0.1834665030019269, 0.18961796677727816, 0.08878179541040611, 0.20211400354192371, 0.22333232732489705, 0.15320589197356077, 0.17940201023354746, 0.09133210348386672, 0.21555859559977597, 0.15850249312906747, 0.20689101523852774, 0.19660407275130803, 0.09413271733889512, 0.47991772561978835, 0.16155820822653671, 0.14930507403403295, 0.2732469264107446, 0.179734831006499, 0.16775645696583927, 0.2740281431314846, 0.14841275235715634, 0.28258013289252465, 0.16230900203809143, 0.08839086923334333, 0.3950795601639483, 0.1039654077224744, 0.30716379503202107, 0.18055510863831098, 0.1497202878925376, 0.21464889543130994, 0.13886995679608338, 0.1275599673545609, 0.14093356515901784, 0.22553015318699182, 0.0958126051055098, 0.6029674810290868, 0.16693223097847187, 0.1262845639501595, 0.19059833160912, 0.22395564427909753, 0.1288603135603591, 0.23298860993236303, 0.13223308844432707, 0.12370566080790013, 0.27506701831395425, 0.1790202293566174, 0.1335648804437369, 0.13587309416782645, 0.14822233795809248, 0.14602269153251793, 0.17117598057828015, 0.19599079082183768, 0.22049314633971362, 0.22716484312855062, 0.16795357902135166, 0.1915838969966922, 0.25995847012734774, 0.1847357658203691, 0.23173333586504063, 0.26662884264563524, 0.21399728565505055, 0.23476835868897894, 0.1762654153904758, 0.17614329964853823, 0.18641806297625105, 0.17236154641335208, 0.11250831309912934, 0.2428294010990713, 0.4081228821227948, 0.22372747263871134, 0.29563913928965724, 0.1395322491432755, 0.21483933429699392, 0.18682746775448322, 0.18460694322185145, 0.18415072032560903, 0.17596817718419644, 0.14538599166812166, 0.20050933575257657, 0.19330584001727402, 0.23896804866380988, 0.11737631127083054, 0.11895108057947326, 0.14930950085676853, 0.2393886419916243, 0.10880390630207129, 0.10996677559645227]
2025-12-19 18:46:49 - fedit - INFO - loss data:
2025-12-19 18:46:49 - fedit - INFO - [0.39368978442624214, 0.8341936192342213, 0.5650062013704042, 0.3513646220723684, 0.3203421333822988, 0.17747319611393053, 0.175132827069481, 0.14171041833784936, 0.24572512903250754, 0.25045584552228833, 0.2665340420479576, 0.16254164165793322, 0.24629576286444296, 0.142754095265506, 0.2365918383623163, 0.0951724071749831, 0.3255784642261763, 0.04978722722016159, 0.2586816382505709, 0.1903953491172825, 0.20326289215769905, 0.047156752909655486, 0.2812978553179747, 0.13617275703824513, 0.1757019623985308, 0.21845732726013434, 0.18033436115663976, 0.035948491238361586, 0.2659658985499006, 0.14877110570669175, 0.16762349068488486, 0.23695510170112055, 0.22162868330876034, 0.04515121034223389, 0.5819672576950065, 0.07114920301358395, 0.5757763301953673, 0.1825436187200431, 0.1973681831359863, 0.22233763585488003, 0.13005528762704882, 0.2476755305814246, 0.13728017332754527, 0.20795279693407698, 0.13367175830062478, 0.07736999458796129, 0.22584430495014368, 0.23742024660110472, 0.16029763759182328, 0.14177980765714035, 0.061196642677629524, 0.022147108579843512, 0.5368337437510491, 0.21514932305002823, 0.19761179539685447, 0.09346951644013946, 0.29315223976348836, 0.3008114204928279, 0.26832754091758815, 0.12783317013982481, 0.1261020977950046, 0.12944911846270163, 0.18338120540371164, 0.29409710329795824, 0.18216610768189034, 0.10768467294498502, 0.08634589889509328, 0.09975759207954979, 0.2867195966032644, 0.2116950930650568, 0.15040425292681903, 0.10808506074827165, 0.23042708747088908, 0.1204984402351935, 0.17757347352802755, 0.10295093410876387, 0.016955837064343306, 0.19737540753357516, 0.2173023916936169, 0.09161176434785234, 0.15994576087149864, 0.08655062769986992, 0.10851841565812581, 0.1111988312448375, 0.09261626266323639, 0.2233468685227518, 0.20351406014935278, 0.2753364361423467, 0.11548138677474296, 0.2533865065984976, 0.14187671191506454, 0.19993515213808188, 0.18417365531114718, 0.2157445446623919, 0.13413288271747148, 0.11598355269952057, 0.1305114992882591, 0.10447820357924988, 0.14205621063010768, 0.1577595647287149, 0.09947304823823894, 0.20789535466492887, 0.042264678121742255, 0.19838895021627345, 0.14309148842361397, 0.11304080418000619, 0.17585213580168785, 0.17579123155476573, 0.09897936536775281, 0.3273666141347753, 0.07915772109998402, 0.1610944206074167, 0.08533956693456275, 0.22652982749665776, 0.12756136264807236, 0.16001952793628263, 0.2057496814781593, 0.13482015181022386, 0.13839483919243017, 0.18510900375743705, 0.15831951585908732, 0.22872253054132063, 0.19424660855327688, 0.15414647864273343, 0.18134846461803786, 0.13630718253940965, 0.18167562276745836, 0.19058956020097767, 0.19553865447376884, 0.17390783804779253, 0.16837571144629365, 0.09009640906155349, 0.13761728943119614, 0.17332222472168862, 0.12910441908039874, 0.15244604786857963, 0.19024574093831081, 0.3373401414189074, 0.23985891532152892, 0.15297603666161497, 0.15775356735011525, 0.1890126275985191, 0.21326264343534906, 0.1542071542943207, 0.14489161769258013, 0.17437708407330016, 0.12177527493331582, 0.1414966460627814, 0.11724467567550256, 0.1245689473535794, 0.19432412869538424, 0.10857590805971995, 0.17806364890808862, 0.08795311140855694, 0.17085745631693264, 0.12581802717445847, 0.15598260009040435, 0.1349281403973388, 0.11607858266302006, 0.16311159455217422, 0.21840751992785332, 0.18829535873158387, 0.13039390155657504, 0.17454866527890167, 0.12187914551199916, 0.1345858198674157, 0.22989426816646485, 0.17094967584125698, 0.14928009427043007, 0.18447022579464084, 0.11382329034946721, 0.11070324449489514, 0.2008478327152821, 0.22628950119639435, 0.22109725024137233, 0.12859398912017544, 0.21736692546918573, 0.13905181094328417, 0.07857135789969039, 0.27627495746918407, 0.20026301121960083, 0.18752542240584955, 0.1721294052588443, 0.08790926855126464, 0.3140531546798431, 0.11356491120532156, 0.10321965416582923, 0.2992488141792516, 0.08814151296047149, 0.12561050958586512, 0.3467601831285999, 0.3230391894968656, 0.14614198135212064, 0.14654566947370767, 0.12025661652305109, 0.19531144791569274, 0.23556177602149547, 0.2146457632382711, 0.15585870650381994, 0.2229303037126859]
2025-12-19 19:54:51 - fedit - INFO - loss data:
2025-12-19 19:54:51 - fedit - INFO - [0.3478546290880158, 0.38264658120369505, 0.22660443224012852, 0.9247586497416099, 0.5610208066180349, 0.5056603670120239, 0.16621144185718592, 0.21625072636331122, 0.16936635283374357, 0.21037679570144974, 0.14496885028978188, 0.5170399295268477, 0.21268339815495502, 0.20570643396689167, 0.20422954930302997, 0.08399206011644786, 0.31589296118181664, 0.09152778231405787, 0.17383268900836507, 0.23796477794157675, 0.13631208283374743, 0.34777963041727034, 0.08776414882907245, 0.24649520615975445, 0.24196544440426665, 0.12676804668687208, 0.21243851656548768, 0.3766287973341651, 0.1263953872723505, 0.18225675027254815, 0.20387201436723654, 0.23858891074057847, 0.1800289178080025, 0.09921431855473202, 0.06657419208058854, 0.1714336208901123, 0.1235850575651663, 0.22471539245682498, 0.17291527618709507, 0.20063575470053097, 0.264791107053558, 0.1192939901680109, 0.23144287568478222, 0.18301903448300438, 0.3863552441820502, 0.2886488239746541, 0.154566828990175, 0.18556972871301697, 0.15555036976890196, 0.129480237706836, 0.12335527947676989, 0.2589371576048766, 0.18247999021107153, 0.1274983761056016, 0.21776359010962587, 0.2746242045735319, 0.24471284070430877, 0.22929540315740987, 0.1026449677956407, 0.24320530396697104, 0.1464699724999567, 0.11697690123498129, 0.14039755519479513, 0.12316912818433984, 0.16288300688320306, 0.2834577382231752, 0.21004135433274013, 0.18789922308642415, 0.15326986231375486, 0.2459320160478615, 0.3706741704441169, 0.10666618568321337, 0.6029728931773986, 0.13009955656894467, 0.12100392044327843, 0.28861323949919704, 0.2024135876291742, 0.12431749069456047, 0.16908967522904278, 0.15119906555240353, 0.21888831058251007, 0.08571698333876807, 0.47155510808806866, 0.1731718202033442, 0.16831145581090823, 0.2814422066013018, 0.18090800476111785, 0.15730828984330097, 0.16633502274172574, 0.2780440374895805, 0.14015432577072762, 0.08464764336240478, 0.34026594447149405, 0.20710661629480975, 0.12003566295662452, 0.14445871498042143, 0.4752103711788853, 0.1434310297570413, 0.13924091233639047, 0.16300290110521018, 0.11429317268606551, 0.17551261759141373, 0.10426970103459157, 0.14195559407983507, 0.12689884427624443, 0.06213988003381971, 0.3256310844751026, 0.2871937234963601, 0.33016923035805423, 0.15334991907629256, 0.28541306168772285, 0.20663155014959297, 0.2621698590117462, 0.3344523332153375, 0.11407184712588787, 0.18893726135366687, 0.15666224316980942, 0.19570849860707917, 0.10676847651234961, 0.4956634238754448, 0.12778880229341752, 0.1683739940303245, 0.14342347660036595, 0.19456103380680795, 0.10416848861107914, 0.12634845797438174, 0.2324798519174995, 0.3576581296784913, 0.12496398218818719, 0.09863629748135627, 0.28921940652955214, 0.12239613284057538, 0.3304938716813922, 0.1011113248144587, 0.20993845218505996, 0.23144817188204753, 0.16007209050634022, 0.1807447388768196, 0.09689549904266771, 0.06657300374813771, 0.34082771252073785, 0.23702631406486036, 0.1693459951939682, 0.24495372007756183, 0.1151049901709138, 0.1957014361754633, 0.24292169644807776, 0.154554945819388, 0.2030375997419469, 0.07030530044188102, 0.3854631452976416, 0.3624794567469507, 0.14207475869916378, 0.16316184506285936, 0.1694484206426534, 0.1414021945125505, 0.11015575695052451, 0.1419584446431448, 0.42427459756089814, 0.1791765629757373, 0.30498813094149924, 0.30602374006217964, 0.19586741383388345, 0.16339797833934427, 0.20026149140561328, 0.13833526878928146, 0.0780374108774898, 0.6271700158858529, 0.28190707145258787, 0.3308382594337066, 0.14274839383239546, 0.24345836659582953, 0.3606839129823216, 0.3105182595240573, 0.45500777566007206, 0.1606391994879605, 0.1734628603157347, 0.2714912272368868, 0.20437805362356204, 0.1580328688491136, 0.25644789446766175, 0.1519906340965203, 0.1448094014610563, 0.17917457720420013, 0.22502456854563208, 0.2640760170045094, 0.11847021675979098, 0.22415365237143953, 0.4841498139181307, 0.2585084302342709, 0.46090998660240856, 0.34485844261944293, 0.38604398082000213, 0.2778108321989958, 0.3150729999833164, 0.30967022532242394, 0.2943462658363084, 0.285582769375581, 0.15785868992097676, 0.35589782095381195]
