2025-11-12 17:13:20 - fedit - INFO - loss data:
2025-11-12 17:13:20 - fedit - INFO - [11.776457965373993, 0.565993583574891, 0.374476900883019, 0.35869728103280063, 0.3545911520719528, 0.36249040998518467, 0.3534841354936361, 0.3332456646487117, 0.340402171574533, 0.32525146715343, 0.31707599023357036, 0.3643243400380015, 0.3336010370403528, 0.3069545589387417, 0.3557950835675001, 0.3113812685012817, 0.33090445473790164, 0.33610599227249627, 0.3388750940561295, 0.34200501143932344, 0.3248430572450161, 0.3504178944975138, 0.33759617544710635, 0.33121905755251646, 0.33706780932843683, 0.31137731187045575, 0.31936083026230333, 0.307277843169868, 0.3321242071688175, 0.33668068386614325, 0.34801533278077845, 0.322031731903553, 0.320575182698667, 0.2874420706182718, 0.3103743119165301, 0.3005636177957058, 0.29963778518140316, 0.31376042328774933, 0.32875266382470725, 0.3206675752997398, 0.33237309418618677, 0.3281932003796101, 0.3109697878360749, 0.3085255794227123, 0.346984438598156, 0.2921306312084198, 0.3306441131979227, 0.3066388167440891, 0.3095758393406868, 0.3318148599937558, 0.33217006847262387, 0.3352901803329587, 0.311950665153563, 0.33411738723516465, 0.31203412674367426, 0.2998580180108547, 0.2996857944875956, 0.3301560886204242, 0.28736850470304487, 0.33951144553720947, 0.3075770607218146, 0.3152856003493071, 0.32114327531307935, 0.2927923671901226, 0.33631963431835177, 0.3039389566518366, 0.3289118308573961, 0.30022788401693107, 0.3146227810531854, 0.31566814891994, 0.3022652495652437, 0.30563690029084684, 0.3088731519877911, 0.27144071348011495, 0.31393456626683475, 0.3268256649374962, 0.29460010677576065, 0.29732580706477163, 0.3126740884035826, 0.29362810086458924, 0.313319593295455, 0.28964561223983765, 0.296366698294878, 0.2842307608574629, 0.30941322073340416, 0.30610157568007706, 0.31742058135569096, 0.28682972081005575, 0.30608072765171523, 0.3105432134121656, 0.29371721558272834, 0.2891618091613054, 0.29888311177492144, 0.3073092667385936, 0.3184364151209593, 0.3020447790622711, 0.32247093515470626, 0.29305498097091914, 0.3169532049447298, 0.29181985687464473, 0.312857074290514, 0.2955347137525678, 0.29225674532353874, 0.3201802171766758, 0.3272305021062494, 0.3196778729557991, 0.2731579853221774, 0.27280317451804875, 0.28793403748422863, 0.30814358964562416, 0.29175041932612655, 0.3040589075535536, 0.3075002318248153, 0.30975761227309706, 0.2897054463624954, 0.32400075457990174, 0.28699755035340785, 0.30295062623918056, 0.2926876911893487, 0.2829113507643342, 0.30725051946938037, 0.3107680082321167, 0.3081286706030369, 0.2865335529670119, 0.29687673822045324, 0.29284071214497087, 0.3063764924183488, 0.3218891270458698, 0.2826872745528817, 0.30545413829386237, 0.3123589292168617, 0.28503632079809904, 0.311648703366518, 0.29734675139188765, 0.28332845568656917, 0.2831517020240426, 0.29207116551697254, 0.28322716969996686, 0.3030732471495867, 0.28325354866683483, 0.2700889257714152, 0.28868640642613175, 0.2737462790682912, 0.2953402006998658, 0.29347106330096717, 0.2828692965209484, 0.29575250782072543, 0.2831053387373686, 0.29024741547182203, 0.302865944057703, 0.31209145784378056, 0.29336740728467703, 0.30288732424378395, 0.29606471788138156, 0.2925033004954457, 0.3133557699620724, 0.3070615889504552, 0.33705073930323126, 0.2985459350049496, 0.300117789208889, 0.2836564280092716, 0.3071706091053784, 0.2797073138877749, 0.27069360874593257, 0.2951939104124904, 0.30252037197351456, 0.2877452565357089, 0.2829252189025283, 0.2828223317861557, 0.30049545634537933, 0.32492500729858875, 0.31495182942599054, 0.26982677578926084, 0.2869488985277713, 0.28214901871979237, 0.3120652176439762, 0.30268774144351485, 0.2900941563770175, 0.3209136538207531, 0.2907998159527779, 0.29761647358536725, 0.29738534800708294, 0.2835622411221266, 0.2684533989056945, 0.2989376302808523, 0.28017357625067235, 0.2971122361719608, 0.2846665225923062, 0.30310119278728964, 0.28461026307195425, 0.27993773482739925, 0.29118146114051346, 0.32448874767869706, 0.299419005215168, 0.2598065150901675, 0.2876750433817506, 0.27279272526502607, 0.3251614816486835, 0.3061040710657835, 0.2879670836031437]
2025-11-13 07:26:05 - fedit - INFO - loss data:
2025-11-13 07:26:05 - fedit - INFO - [11.54034997522831, 0.5620403382927179, 0.3848953485488892, 0.34599919617176056, 0.30701754447072743, 0.3475742481648922, 0.3380912441760302, 0.346406190469861, 0.32565992176532743, 0.32560256198048587, 0.33514855541288857, 0.35629387460649015, 0.3195521000772714, 0.31688985154032706, 0.3358644496649503, 0.2986308947205544, 0.360385413095355, 0.3247854322195053, 0.2906448166817427, 0.3201343985274434, 0.3299871280789375, 0.3103376286104321, 0.32293182872235776, 0.3347893634811044, 0.32252187421545386, 0.33634158559143545, 0.33292790651321413, 0.3172963237389922, 0.3157169032841921, 0.32272526659071443, 0.2951808359473944, 0.3303344685584306, 0.3092431388795376, 0.3331332992762327, 0.28623984958976506, 0.30572072993963956, 0.3546685062348843, 0.3071140732616186, 0.32567691914737223, 0.3300705973058939, 0.33449942618608475, 0.298856932297349, 0.3274154124781489, 0.3335721857845783, 0.3272364430129528, 0.3061281958594918, 0.29114073514938354, 0.29963620426133275, 0.3286703329533338, 0.31822532005608084, 0.3153702262789011, 0.28454668652266263, 0.3252588141709566, 0.29893914405256505, 0.2968931503593922, 0.3049251705408096, 0.30576203521341083, 0.3303472395986319, 0.2970377910882235, 0.3179235018789768, 0.326446245983243, 0.32077696993947025, 0.33878279011696577, 0.3008508114144206, 0.3353811183944344, 0.30875177048146724, 0.30693139266222713, 0.31808013208210467, 0.31530516054481267, 0.33013658486306663, 0.2975480766966939, 0.28392628505826, 0.3248386612161994, 0.32121148370206354, 0.30587105825543404, 0.2953808445483446, 0.2815924469381571, 0.277664790302515, 0.3049464486539364, 0.2998079370707274, 0.3050820641219616, 0.29565926659852265, 0.30009385347366335, 0.27542302301153543, 0.28849901743233203, 0.30494121965020893, 0.32200946658849716, 0.3095404580235481, 0.3055787205696106, 0.3185071965679526, 0.2977150097489357, 0.2833779430016875, 0.3105992834083736, 0.3115964563563466, 0.2595850735902786, 0.3103737749159336, 0.30978847779333596, 0.2882478598505258, 0.29469120614230637, 0.2553151694126427, 0.2895939072594047, 0.3121704710647464, 0.27538304775953293, 0.2819263495504856, 0.2895710945129395, 0.2986134641803801, 0.27139213848859073, 0.29600952547043563, 0.2950667605735362, 0.29875840060412884, 0.2968288699164987, 0.32531718425452705, 0.2912497658282518, 0.2925819795578718, 0.26582473050802946, 0.28414688631892204, 0.30076880790293214, 0.2726165311411023, 0.282614529132843, 0.28805867657065387, 0.2782589212059975, 0.3204744476824999, 0.2935569442808628, 0.2970641260966659, 0.29311635475605724, 0.29521243907511235, 0.280218255892396, 0.26653928626328705, 0.3003862962126732, 0.31629425212740897, 0.32906161770224573, 0.3145696789957583, 0.3259760145097971, 0.3024190593510866, 0.2856868663802743, 0.27592110317200425, 0.29362826687283816, 0.29375356938689945, 0.30045038666576146, 0.2761779000982642, 0.32362143937498333, 0.2826006468385458, 0.3108920410275459, 0.308056116104126, 0.3042486649006605, 0.303239774145186, 0.27573017328977584, 0.29643744248896836, 0.2929067090153694, 0.29017623513936996, 0.29031113535165787, 0.28782049994915726, 0.31209230348467826, 0.31450936906039717, 0.31606918955221774, 0.27982363961637025, 0.2751114122569561, 0.2865331545472145, 0.27887729853391646, 0.2670774908736348, 0.2900658637285233, 0.30198989976197477, 0.3013027682900429, 0.2995805695652962, 0.3153071129694581, 0.3040300771594048, 0.28500119037926197, 0.2908133490011096, 0.2786379294469953, 0.2663845021277666, 0.2731696974486113, 0.2925688499584794, 0.2938174519687891, 0.280733098089695, 0.28914367174729705, 0.30709954798221584, 0.28910752926021815, 0.286629774607718, 0.3070358447730541, 0.3084099628031254, 0.26762432428076866, 0.3046752275899053, 0.28446257654577495, 0.3197274815291167, 0.3045645678415895, 0.2801298420876265, 0.28969602640718217, 0.2748263096436858, 0.31624277029186487, 0.26593350861221554, 0.3121967654675245, 0.2880061708390713, 0.2958188708871603, 0.3228512657806277, 0.2606509417295456, 0.29089968893677, 0.28339756596833465, 0.2511275252327323, 0.2668693492189049, 0.28651361968368294]
2025-11-13 11:32:05 - fedit - INFO - loss data:
2025-11-13 11:32:05 - fedit - INFO - [12.1304419785738, 0.5304573256522417, 0.3889783095568419, 0.3783260531723499, 0.3133346166461706, 0.34095742683857677, 0.3417298261076212, 0.3080526415258646, 0.36608272381126883, 0.36673039719462397, 0.33442510738968845, 0.35831764042377473, 0.3614165987819433, 0.35357401221990586, 0.3132282067090273, 0.35104344189167025, 0.3482005372643471, 0.35829846626147627, 0.3267986085265875, 0.3339883344247937, 0.300678276643157, 0.3241229154169559, 0.35035210847854614, 0.34501352272927766, 0.32446395158767705, 0.3176179755479097, 0.3260262167081237, 0.31284773871302607, 0.2897097187116742, 0.3103235438466072, 0.3123000837862492, 0.28892840575426815, 0.3318812822923064, 0.32445474360138177, 0.3208986796438694, 0.30321848057210443, 0.34737022742629053, 0.31116238571703436, 0.31722471341490743, 0.2934432327747345, 0.3083486512303352, 0.29630701150745153, 0.3312585920095444, 0.33024732805788515, 0.30611630864441397, 0.36693778866901994, 0.31247733496129515, 0.3460180794820189, 0.306069802492857, 0.28251785235479476, 0.3039215069264174, 0.3316602800041437, 0.32768323495984075, 0.3077768922783435, 0.3209950873628259, 0.3053680155426264, 0.30878237867727876, 0.31105131693184374, 0.29994064979255197, 0.34314796701073647, 0.32837049923837186, 0.3087716130539775, 0.30012609884142877, 0.26837373841553924, 0.2799495108425617, 0.30798124410212036, 0.31120542250573635, 0.29975300896912815, 0.2884748864918947, 0.29094625879079106, 0.3065311100333929, 0.3468505680561066, 0.3200332004576921, 0.2775179084390402, 0.3210313295945525, 0.30119192190468314, 0.30190688781440256, 0.32521104663610456, 0.2918004058301449, 0.3004690699279309, 0.30728248953819276, 0.2950826158747077, 0.3144168177619576, 0.2967134904116392, 0.3230881541967392, 0.26269249506294723, 0.31902260715141895, 0.3294006835669279, 0.2837459916248918, 0.3193143974989653, 0.3013981159776449, 0.3030102221295238, 0.3091408714652062, 0.31607864145189524, 0.31467513954266907, 0.30171972047537565, 0.27603802774101494, 0.27738745603710413, 0.3053180099464953, 0.26820752769708633, 0.2799147428944707, 0.2936867596581578, 0.27615235624834894, 0.32673511318862436, 0.29419349394738675, 0.3049142150208354, 0.2894128043204546, 0.3101646639406681, 0.2997690785676241, 0.2854506449773908, 0.3012118089944124, 0.32448713667690754, 0.2836026469245553, 0.3388518960215151, 0.3095774667337537, 0.2755993612110615, 0.303754561021924, 0.28934637717902656, 0.32051129899919034, 0.2815500758588314, 0.30167142394930124, 0.2806188212707639, 0.32480192743241787, 0.3151177268475294, 0.29540355764329435, 0.2939945189282298, 0.28342877626419066, 0.30078203342854976, 0.29855916276574135, 0.3245454575866461, 0.29893099218606944, 0.29812454618513584, 0.2982254631817341, 0.32356932424008844, 0.2852910352870822, 0.2809896394610405, 0.2810000006109476, 0.30298482440412045, 0.2827205553650856, 0.29403516724705697, 0.2863670175895095, 0.31811439879238607, 0.2933290503919125, 0.2974706251174212, 0.28200480751693247, 0.31157553317025305, 0.3147187544032931, 0.27931577507406474, 0.3099372085183859, 0.289416766166687, 0.2943120317533612, 0.30581956431269647, 0.277101836912334, 0.28934716731309895, 0.2861626509577036, 0.3085285063832998, 0.27383684189990165, 0.29793409500271084, 0.29152576457709073, 0.29750582370907064, 0.30474798865616326, 0.297505309432745, 0.2803451117128134, 0.28777554500848057, 0.311357069015503, 0.287094328738749, 0.2902611428871751, 0.29664778225123883, 0.28796322643756866, 0.248715409822762, 0.3179003428667784, 0.25617939978837967, 0.2784321388229728, 0.27729423763230443, 0.2896627621725202, 0.2904560465365648, 0.3321328483521938, 0.29138173330575223, 0.2833785161375999, 0.28269195184111595, 0.2713801834732294, 0.293732986971736, 0.32188687808811667, 0.2645422760397196, 0.26275116186589004, 0.28876221813261505, 0.26398549303412433, 0.2538055494427681, 0.299885068833828, 0.2885612711310387, 0.28692127075046303, 0.2765854489058256, 0.27368076257407664, 0.28351375088095665, 0.2892675045877695, 0.2530549010261893, 0.30716661382466554, 0.3031640438362956, 0.3002299873158336, 0.26229885779321194]
2025-11-26 08:11:42 - fedit - INFO - loss data:
2025-11-26 08:11:42 - fedit - INFO - [11.499764478206634, 0.527327712252736, 0.3915297783911228, 0.3801054425537586, 0.33448927346616986, 0.3606696676462889, 0.33767179436981676, 0.3245629101991654, 0.3486432630568743, 0.3126398494467139, 0.3415881346911192, 0.3025136526674032, 0.34630712568759914, 0.3289292650297284, 0.34661884866654874, 0.3735528601333499, 0.3273770023137331, 0.3337459351867437, 0.34882047921419146, 0.3274757742881775, 0.34455219469964504, 0.3017335368320346, 0.341389549896121, 0.3133699130266905, 0.3297986429184675, 0.33075904026627545, 0.33093697391450405, 0.3272646514698863, 0.3252634905278683, 0.28777937646955254, 0.31705630756914616, 0.3181238817051053, 0.30874118730425837, 0.33581432458013294, 0.30711288154125216, 0.33219262585043907, 0.3325404834002257, 0.31940805707126857, 0.30868944302201273, 0.2885347144678235, 0.2948187591508031, 0.33027893118560314, 0.33460793644189835, 0.28784372918307777, 0.32071118280291555, 0.3218007788062096, 0.28307173028588295, 0.27694826796650884, 0.3365149891003966, 0.30509759541600945, 0.3029379891231656, 0.31405414901673795, 0.2762411445379257, 0.3058402605354786, 0.28134626895189285, 0.34628963842988014, 0.26608302788808946, 0.28037897776812315, 0.3117733489722013, 0.2886952532455325, 0.3305260341614485, 0.3267134800553322, 0.3086459275335074, 0.3215154938399792, 0.3144616181030869, 0.3087622107937932, 0.3107196569442749, 0.31880023404955865, 0.32116759680211543, 0.30497274007648234, 0.3155722334980965, 0.31758208610117433, 0.2998417727649212, 0.3214910577982664, 0.3244587026536465, 0.3114269034937024, 0.32924415580928323, 0.32851758496835826, 0.2814686229452491, 0.29992393031716347, 0.32014976218342783, 0.31628032885491847, 0.2937823275104165, 0.3277838833630085, 0.3086270894855261, 0.3048251399770379, 0.29302752334624527, 0.27889254800975327, 0.32545436136424544, 0.32218097932636736, 0.30918933600187304, 0.3135518253780901, 0.29493794925510886, 0.2950867598876357, 0.3139265149831772, 0.3020268762484193, 0.31139512117952106, 0.2839271219447255, 0.2898421574383974, 0.28575877472758293, 0.3165232963860035, 0.3132921330630779, 0.3177636632695794, 0.29666762538254265, 0.3183879550546408, 0.2627806603908539, 0.28355577141046523, 0.3317394133657217, 0.2705285070464015, 0.29854637384414673, 0.30600901171565054, 0.28704198691993954, 0.28781474716961386, 0.2943609910085797, 0.2847514819353819, 0.293957063741982, 0.3216862946748733, 0.2891494302079082, 0.3018097164109349, 0.27207665592432023, 0.3066724656149745, 0.30881072841584684, 0.2653155975043774, 0.27494570296257737, 0.2771471213549376, 0.2835874859243631, 0.2673448849469423, 0.3139661891385913, 0.32187859769910576, 0.30881505236029627, 0.2922588933259249, 0.2925459748134017, 0.30758780986070633, 0.26635618284344675, 0.31571387220174074, 0.3080118119716644, 0.3156589070335031, 0.31325392834842203, 0.29439001623541117, 0.2908216647803783, 0.28549406230449675, 0.28849641028791667, 0.2897284828126431, 0.2740073584020138, 0.27403238601982594, 0.27868726942688227, 0.2903168573975563, 0.2802287586033344, 0.32661403305828574, 0.2972304368391633, 0.28078275080770254, 0.27607746664434674, 0.2974762100726366, 0.2734314423054457, 0.32032368723303084, 0.29990164563059807, 0.3157471274957061, 0.3225466355681419, 0.29170303605496883, 0.32001928910613064, 0.30486484076827763, 0.2871943132951855, 0.29194287545979025, 0.30961629152297976, 0.3025416746735573, 0.2784783184528351, 0.3012815764173865, 0.2734610619023442, 0.2863851740956307, 0.293830306455493, 0.2774155966937542, 0.2750458577647805, 0.28784336112439635, 0.30588242672383786, 0.29966919869184494, 0.3009115746244788, 0.2963407404720783, 0.28937752414494755, 0.2613647916354239, 0.27369483821094037, 0.2860050480812788, 0.2745143882930279, 0.25984688438475134, 0.2757610188797116, 0.32701496966183186, 0.30701908022165303, 0.27820884473621843, 0.25628576055169106, 0.2972918193787336, 0.29360094871371983, 0.2965274414047599, 0.279427164979279, 0.30696735829114913, 0.2928862627595663, 0.2864917550235987, 0.2761181741952896, 0.26571885868906975, 0.2764445595443249, 0.280132101662457, 0.2874269625172019]
2025-12-07 06:05:25 - fedit - INFO - loss data:
2025-12-07 06:05:25 - fedit - INFO - [11.898927095532418, 0.528108935430646, 0.3600144345313311, 0.35154667776077986, 0.3345080353319645, 0.34065240509808065, 0.3741969408467412, 0.3572030883282423, 0.38340226039290426, 0.31166391503065827, 0.3389857608824968, 0.33478370159864423, 0.33326144777238365, 0.33949098326265814, 0.3206510668620467, 0.33557776622474195, 0.32050913497805594, 0.3421531982719898, 0.3251897130161524, 0.31645704973489047, 0.3158675584942102, 0.33542377445846794, 0.3324378430843353, 0.30960927382111547, 0.328774518892169, 0.32170333750545976, 0.30828336458653216, 0.3153664726763964, 0.32111263237893584, 0.31487184315919875, 0.33765917681157587, 0.27777620814740656, 0.31221107579767704, 0.30025012772530313, 0.33213940635323524, 0.3190598089247942, 0.32109763473272324, 0.32218061033636336, 0.30799714680761103, 0.306813545525074, 0.30694364886730907, 0.3125051839277148, 0.3374434376135469, 0.3176477704197168, 0.33995753843337295, 0.31359349507838485, 0.32006848640739916, 0.29347194060683246, 0.2967874601483345, 0.2810122727882117, 0.31014125477522614, 0.3129357662051916, 0.31744327712804077, 0.2964467713609338, 0.29789266400039194, 0.3123968860134482, 0.31886160001158714, 0.3424475327134132, 0.31520722303539517, 0.3151984507218003, 0.31440575839951634, 0.3064649606123567, 0.3226380363106728, 0.32657046504318715, 0.30431945621967316, 0.35018336251378057, 0.3114915803074837, 0.2940764416009187, 0.30931576825678353, 0.31492887604981656, 0.3341425755992532, 0.29351077787578106, 0.3525645133107901, 0.3235509630292654, 0.33336738459765913, 0.3349953360855579, 0.308294371701777, 0.32411876413971186, 0.34810986556112766, 0.31023093555122616, 0.29152682423591614, 0.3070133816450834, 0.28377467188984157, 0.2848498301580549, 0.293997042067349, 0.29886604435741904, 0.30783397434279325, 0.30027614533901215, 0.26640677861869333, 0.30016822889447214, 0.31378390658646826, 0.30839048270136116, 0.3027607034891844, 0.3099628496915102, 0.30353575851768255, 0.32016475684940815, 0.2897992204874754, 0.3110489014536142, 0.3092094477266073, 0.28011997137218714, 0.28389247581362725, 0.2894432371482253, 0.2802601262927055, 0.3012915335595608, 0.3389238104224205, 0.30526192355901005, 0.29854394840076565, 0.29266919791698454, 0.2934089705348015, 0.307565008290112, 0.2861911790445447, 0.29524977002292874, 0.2853724418208003, 0.27969672521576283, 0.268940931558609, 0.28702711332589387, 0.3189563360065222, 0.3130771080031991, 0.2896947109140456, 0.3048126330599189, 0.30003934558480977, 0.3188351180404425, 0.2771136198192835, 0.3077611971646548, 0.29812998939305546, 0.27103634234517815, 0.32673480585217474, 0.31487864814698696, 0.29570348821580406, 0.30574969481676817, 0.3102952916175127, 0.3042015578597784, 0.30454755220562224, 0.27362685762345795, 0.3066252363845706, 0.28616610057652, 0.28450769037008283, 0.2531210472807288, 0.31353393346071246, 0.2514980612322688, 0.280651169270277, 0.29901555702090266, 0.3031441487371922, 0.31421877164393663, 0.3008185926824808, 0.3073076382279396, 0.2907266279682517, 0.2963134702295065, 0.3191422276198864, 0.27341636177152395, 0.2959351701661944, 0.3000969706103206, 0.29647463504225013, 0.3101372476667166, 0.32230417188256977, 0.2935954062268138, 0.2798305719625205, 0.2630372477695346, 0.25562539976090193, 0.2945539074018597, 0.2762796452268958, 0.26768247559666636, 0.2804394030943513, 0.29251393899321554, 0.27713999841362236, 0.31384786441922186, 0.30084146149456503, 0.28551136758178475, 0.28710647653788324, 0.2892819317057729, 0.3125642083585263, 0.27217234335839746, 0.29087020121514795, 0.269291839748621, 0.29257961008697747, 0.2835526743903756, 0.29824355784803624, 0.2898291859775782, 0.3121328419074416, 0.2995971547439694, 0.29752910509705544, 0.31044585611671205, 0.26186323296278713, 0.30224469229578976, 0.32495798561722045, 0.29865401796996593, 0.3034261915832758, 0.30196023993194104, 0.27276928164064884, 0.2981269054114819, 0.298168802075088, 0.300529420375824, 0.31946731768548486, 0.2837706655263901, 0.2912254378199577, 0.29477454330772157, 0.2783580353483558, 0.30006054546684024, 0.2808496586978435, 0.27502191793173547]
2025-12-07 09:41:09 - fedit - INFO - loss data:
2025-12-07 09:41:09 - fedit - INFO - [12.218402862548828, 0.514723365008831, 0.34671535827219485, 0.3669129051268101, 0.38457018733024595, 0.3416487704962492, 0.35129910577088597, 0.3649783402681351, 0.32297084182500835, 0.3603752341121435, 0.3356294807046652, 0.35360363982617854, 0.3471949968487024, 0.362317668274045, 0.3246013166382909, 0.3399961717426777, 0.32227289751172067, 0.33731515277177093, 0.3261818714439869, 0.3271420016884804, 0.331268940679729, 0.3301631096750498, 0.3427068654447794, 0.33256540894508363, 0.32868068255484106, 0.34625540040433406, 0.31315358374267815, 0.33486289288848636, 0.33491281513124704, 0.32761634755879643, 0.3379957348108292, 0.32304815761744976, 0.2859479781240225, 0.31690384875983, 0.31960959602147343, 0.29585816729813813, 0.3177403170615435, 0.3164193417876959, 0.3354645323008299, 0.2968669757246971, 0.30510406401008366, 0.34604292921721935, 0.33356187008321286, 0.3161460923962295, 0.34249116517603395, 0.321412786655128, 0.30668044220656154, 0.3462401615455747, 0.3168399531394243, 0.3206020466983318, 0.3173770664259792, 0.3254790585488081, 0.33085592575371264, 0.298428389057517, 0.3077203132212162, 0.2702832672744989, 0.30940264202654366, 0.29171600975096224, 0.3069048075005412, 0.2820018114522099, 0.31970837004482744, 0.33316546939313413, 0.3030222214758396, 0.320844454318285, 0.32530864551663397, 0.32348769083619117, 0.307248442620039, 0.25268144756555555, 0.31838534083217385, 0.3080785507336259, 0.2964469389989972, 0.3353949714452028, 0.3223748274147511, 0.3005709622055292, 0.2995455406606197, 0.31923082415014503, 0.2951333444565535, 0.3014404783025384, 0.32176738157868384, 0.29509711675345895, 0.30094555877149104, 0.2846568966284394, 0.30076633095741273, 0.3058290716260672, 0.3085983356460929, 0.31171579100191593, 0.30658902991563086, 0.29423459339886904, 0.31104081477969886, 0.3392707820981741, 0.27118511255830524, 0.2781155275180936, 0.2930596217513084, 0.29224505089223385, 0.2780732620507479, 0.27569781746715305, 0.29190400727093224, 0.3009231422096491, 0.3275526732206344, 0.2996777756139636, 0.3010536402463913, 0.28079535309225323, 0.3114549916237592, 0.290295523032546, 0.294621495436877, 0.2939045125618577, 0.3320879880338907, 0.32751000169664624, 0.2938605956733227, 0.29740916937589645, 0.2924497904255986, 0.2987408511340618, 0.27885326324030757, 0.31790447402745486, 0.32818458583205934, 0.2725471243262291, 0.29257205557078125, 0.2823815846350044, 0.3136947605758905, 0.34953860007226467, 0.29298034980893134, 0.29742268808186056, 0.2862278062850237, 0.27637070789933205, 0.29784035217016935, 0.31742405220866204, 0.2969079576432705, 0.29841813538223505, 0.306619231402874, 0.3011089067906141, 0.274153427220881, 0.31693602986633773, 0.3204535983502865, 0.29754161424934866, 0.29792631082236765, 0.28567751199007035, 0.30321134626865387, 0.2546404475346208, 0.27064329264685516, 0.2584806839004159, 0.28583462033420803, 0.29650868773460387, 0.2663212014362216, 0.27950476743280883, 0.28416704274713994, 0.31128348372876646, 0.2719556040130555, 0.2864322364330292, 0.31343366894870994, 0.3014826614409685, 0.29286237750202415, 0.28927209395915265, 0.25199430249631405, 0.27617785595357414, 0.2952026315033436, 0.28025253489613533, 0.29603571370244025, 0.2607792790979147, 0.28381411395967004, 0.26634578239172696, 0.2982511851936579, 0.26641920683905485, 0.27486528195440774, 0.24332712227478623, 0.3541730284690857, 0.3149792455136776, 0.28076887261122463, 0.2781140487641096, 0.31000497974455354, 0.2988251741975546, 0.2691701719537377, 0.2868552064523101, 0.2862076450139284, 0.3187722738832235, 0.28960524471476673, 0.27972206231206653, 0.29830592237412934, 0.29902457222342493, 0.29094082321971654, 0.3111122343689203, 0.3021602123975754, 0.28060969710350037, 0.3009577918797731, 0.3286714147776365, 0.29539411403238774, 0.28926106356084347, 0.28669094797223804, 0.29346034694463013, 0.26599437221884725, 0.2831280499696731, 0.3089003277942538, 0.2764535738155246, 0.2741658817976713, 0.2979871969670057, 0.3074966061860323, 0.29867419600486755, 0.2694439588114619, 0.31176101323217154, 0.30081142783164977, 0.2988596701994538]
