2025-11-05 10:50:26 - fedit - INFO - loss data:
2025-11-05 10:50:26 - fedit - INFO - [17.000569301843644, 0.1159955301671289, 0.005556575645459816, 0.0028952798777027054, 0.002700376181746833, 0.002864499209681526, 0.0031116404337808486, 0.002640099567361176, 0.002805607957998291, 0.0027163984283106405, 0.0027223072946071626, 0.002729378672665916, 0.002779929284588434, 0.002612338770995848, 0.002495402720523998, 0.002579395813518204, 0.002471169116324745, 0.00220468088373309, 0.002153128913778346, 0.002217501761333551, 0.0020803247869480403, 0.001997731954907067, 0.0021019325009547173, 0.0018435746125760486, 0.0018195204524090514, 0.0018464541819412262, 0.0018756490797386504, 0.0015496538788283942, 0.0015652058020350522, 0.001418185384318349, 0.001632625292404555, 0.0013783914808300323, 0.0017116981092840434, 0.0016314202883222608, 0.001645419961278094, 0.0016115006583277136, 0.0017250695345865097, 0.0013616002004710026, 0.0015332900722569319, 0.001545020440244116, 0.0014153342111967505, 0.001209012864273973, 0.001411696682771435, 0.0014429093673243186, 0.001117388836792088, 0.001428994574234821, 0.001280382009645109, 0.0014748233268619515, 0.0012636517058126628, 0.0011503229401569116, 0.0012494296865042998, 0.0013409684088401264, 0.001180263021888095, 0.0010919807747995945, 0.0010576954067801126, 0.0010147811397473562, 0.001059513778454857, 0.0012156802898971365, 0.0011514398805957172, 0.0012239994859555734, 0.0010974763485137374, 0.0008560769763789721, 0.0010462816987455881, 0.000970152678200975, 0.0009574141242410406, 0.0011354217696862177, 0.000910465867491439, 0.0010528512349992523, 0.0008614389713329728, 0.0009029887487486121, 0.0009024053677421761, 0.0009676695454800211, 0.0007520269079577702, 0.001062361997901462, 0.0010035793180577456, 0.0007298761423953692, 0.0009663902649663214, 0.0010872009810555029, 0.0009703639581857715, 0.0008191621745027078, 0.0005578025497811722, 0.0008658867982830997, 0.0009551538125379011, 0.0007078755253587588, 0.0007890190441685263, 0.0006327656316898356, 0.0010102800862568984, 0.0011316295182041357, 0.0005353689928142558, 0.0008834873479827366, 0.0008219118245506252, 0.00096709777385513, 0.0007294746652405592, 0.0007172495692429949, 0.000695500854499187, 0.0007836157677047594, 0.000497815621247355, 0.0008359289451618679, 0.0006373183411596984, 0.0008899720234694542, 0.000848180556022271, 0.00046319244074766175, 0.0005588515836279839, 0.000987687757560707, 0.000987448904379562, 0.0006717166564499166, 0.0006284008145939878, 0.000871925040610222, 0.0007194447044639674, 0.000887147362664109, 0.0008106703684461537, 0.0008118722059407447, 0.0007493976849218597, 0.0007960675700815045, 0.0006893819233482646, 0.0006006125360727311, 0.0007540601815890114, 0.0007705208379775285, 0.0009794124925974756, 0.0007223494754725835, 0.0006039782871084753, 0.0006819642076152377, 0.000657586592478765, 0.0006298325967463824, 0.000694892584306217, 0.0005963783373999831, 0.0005038543866362488, 0.0006204894458846866, 0.0004506529072102694, 0.0005874788716937474, 0.0004310575019417229, 0.0007061012291160295, 0.0004929557164359722, 0.00054892707748877, 0.0006672753438579093, 0.000679109912198328, 0.0005042501222533247, 0.00043411926426415446, 0.0005567643121139553, 0.00042299383801491786, 0.0005323583246195085, 0.0007235885311615675, 0.0004448112667660098, 0.0006367188371768862, 0.0006692474888495781, 0.0005817051604935842, 0.0005985014995530946, 0.00038370319689420287, 0.0007266033721407439, 0.0004193616510292486, 0.0005367923868448088, 0.0004408209695611731, 0.00030844798084217473, 0.0004116370219435339, 0.0003736251853979411, 0.0005325755059175207, 0.00044812824380642264, 0.0003936142153236233, 0.0006037743419256003, 0.0006423157817948776, 0.0005120680537402222, 0.00022213088556100047, 0.00030712332995790347, 0.000380628900506963, 0.00036755531236849493, 0.0007187954948904007, 0.00027661325329972895, 0.0005132118582196199, 0.0005601317292530439, 0.00042412619525293853, 0.0006278290758018557, 0.00024762117866430346, 0.0004185289555266536, 0.0004003805466822996, 0.0004507161524770709, 0.0005139522399076668, 0.0006811226653553604, 0.0005323582972323493, 0.0005645595300734386, 0.0003794898965225002, 0.0004665082136398269, 0.0003320652524962497, 0.0002868518033437795, 0.0004951958489016306, 0.0004464825484774337, 0.0004569749872189277, 0.0003528355440039377, 0.0002132787253913193, 0.0007301551439013565, 0.0005276931971138765, 0.00034509087917058425, 0.0003887703135319498, 0.0005708160553012931, 0.000617375398940112, 0.00023527652579105054, 0.00030710964216495995, 0.0005620918728709511, 0.0006273076716183823, 0.0006373329063308119, 0.0005064913721525954]
2025-11-06 05:43:12 - fedit - INFO - loss data:
2025-11-06 05:43:12 - fedit - INFO - [16.95547322332859, 0.1712734334403649, 0.004238329728832468, 0.0029468142514815555, 0.0029004719690419734, 0.002810484860674478, 0.0028539189836010335, 0.002777805255027488, 0.002740065177204087, 0.002689382087555714, 0.002756027315626852, 0.0026360295159975067, 0.0027360388950910417, 0.0025711014051921664, 0.002423725789412856, 0.0024662288575200367, 0.002123957866569981, 0.002330151668866165, 0.0023727920430246744, 0.002181086124619469, 0.0020559411466820167, 0.0021374064992414786, 0.0018463956657797098, 0.002076844550902024, 0.0016509763881913386, 0.0018138093655579723, 0.0018680428358493373, 0.0018065521158860064, 0.0017005486603011376, 0.0016917400091188029, 0.001622318261070177, 0.0015731415129266678, 0.0012711760216916445, 0.0015704771498349147, 0.0013786348295980132, 0.0014440735423704608, 0.0015871786716161295, 0.0013307190936757253, 0.0012382206528855021, 0.0014491387926682364, 0.0014356582112668547, 0.0012473826496716355, 0.0013034397396040733, 0.001419459915632615, 0.001314533457480138, 0.0014210009831003845, 0.0011834966528113, 0.0013528396437322955, 0.0012390362820042355, 0.0009839038702921243, 0.0011816633170383284, 0.0011400815023080214, 0.0012276448844204424, 0.0012295495042053517, 0.0010932028140814508, 0.001088640501984628, 0.0011656353677608421, 0.0012667532617342658, 0.0010676312023861101, 0.0010692244137317174, 0.0009758227413840359, 0.0008704784559085965, 0.000953337129249121, 0.0011381707663531415, 0.0011882651138876098, 0.00109965256160649, 0.0008513837388818501, 0.0006881178192088555, 0.0010389191575086443, 0.0009054162130269105, 0.0009213952529535164, 0.0008810747076495318, 0.0010719543221057392, 0.0009993915780796671, 0.0011738924429664623, 0.0007385717359284171, 0.0009660011975938688, 0.0009069538212315819, 0.0008094043444543785, 0.0010575170840638748, 0.000906224614709572, 0.000983148313662241, 0.0008036603650907637, 0.0007669658114537014, 0.000714239328272015, 0.0007605774218063742, 0.0008825566086670734, 0.0010399506318208296, 0.0010245575149383512, 0.0007219102306407876, 0.0008080004264229501, 0.0006336229833323159, 0.0006659917275555927, 0.0010667341143744125, 0.0007911293045253843, 0.000607135062011821, 0.0006428942082493449, 0.0006379072081927005, 0.0006399632101874886, 0.0007817879519279813, 0.0007281176222932118, 0.0008219698885568506, 0.0005447275084975445, 0.0007046828736747557, 0.0009700557181076875, 0.0007723846289081847, 0.0004231999241937956, 0.0008982511593728759, 0.0006535232958412962, 0.0006769929703750677, 0.0007255517322391824, 0.0007256451513967477, 0.0006250256643852481, 0.0006698006218357477, 0.0006903821777996199, 0.0006709539482017135, 0.0008178547479474219, 0.000730184964959335, 0.0007643933921826829, 0.0003876915009186632, 0.0006428391161193759, 0.0009069260089177078, 0.0007684478635383129, 0.0005045384254572128, 0.0005354268117116589, 0.0005136515370168127, 0.0005460535663360134, 0.0003176996092633999, 0.0008639328292247227, 0.0006957298744964646, 0.0006360913669595902, 0.0008506731301167747, 0.0005522074091459217, 0.0007366232882304758, 0.000628136745399388, 0.0004360991714747797, 0.0004418822730258398, 0.00030092213812622505, 0.0007447833500634715, 0.0006074443738270929, 0.0003965672795857245, 0.000709553587944356, 0.0006849158505474407, 0.0005208895359146482, 0.0006593317766601103, 0.0006233608286038361, 0.0005846491146712651, 0.00030362566226358465, 0.0009441590225378604, 0.0007375462506161057, 0.00047912750476371, 0.00038088978546966243, 0.0003114785183015556, 0.0007369224184003542, 0.0006396535683961702, 0.0006886111167887065, 0.0005743850682392804, 0.00035481621639519293, 0.00040323082819213594, 0.00017108244667269902, 0.0005021231912508029, 0.00040952109792442566, 0.0007372560871885981, 0.00039977966880542224, 0.0006378759341600926, 0.0003784237075365127, 0.0003614876831306901, 0.0002033562125802746, 0.00043955974044820325, 0.00022401576065931292, 0.00032046357725903365, 0.0003251090635728815, 0.0006383453569753783, 0.00029513911956087214, 0.00019182069978569417, 0.00041814571152372083, 0.00044473483656588543, 0.0005208922292126772, 0.0005329444087692536, 0.0005766321965211318, 0.000332828897262516, 0.0003491978716397171, 0.0002946007076616297, 0.000616894008987856, 0.0005859390668433662, 0.00046443428466886867, 0.0004976504018372907, 0.0005224851359912463, 0.0004248655563515058, 0.00011229612837269088, 0.0003125325085420627, 0.0001755750410950441, 0.00046433457490593357, 0.0007216875955009527, 0.0004908187165710842, 0.00047524584506390964, 0.000530773903028603, 0.0003713281314333017, 0.0005590810391026934, 0.0008470858533030424]
2025-11-06 13:53:27 - fedit - INFO - loss data:
2025-11-06 13:53:27 - fedit - INFO - [16.941583150625227, 0.14065376129001378, 0.00443372668523807, 0.002951652809861116, 0.0029472112481016667, 0.002567414482473396, 0.0027800288575235755, 0.002676478843204677, 0.0027606646413914863, 0.002794236998306587, 0.0032555451267398897, 0.002651956587214954, 0.0024446038354653866, 0.002624649219796993, 0.0022424156428314745, 0.0025941821746528148, 0.0022163375397212803, 0.0022388517390936613, 0.002092518864083104, 0.002046204214275349, 0.0020012027423945257, 0.0018864836776629089, 0.0019113704343908468, 0.0016055499887443147, 0.002010911914112512, 0.0017359977005980908, 0.0015847832633880897, 0.0015475134081498255, 0.0017206353964866138, 0.0018052720566629431, 0.0015677051138482056, 0.0013539388586650603, 0.0017511417536297813, 0.0015701097581768408, 0.0017034162163326984, 0.0015459923663001971, 0.0014539417570631485, 0.0014982130334828979, 0.0014347442047437653, 0.001470637693273602, 0.001252596898120828, 0.0011506631184602157, 0.001273931051400723, 0.0012151998471381376, 0.0014481177411653336, 0.0012906770800327648, 0.0011262413154327078, 0.0013577948349848155, 0.00098251466624788, 0.0012080951040843503, 0.0011246685913647524, 0.0014243927711504512, 0.0011854378404677845, 0.0010329221042411519, 0.0011322847321935114, 0.0010470814963809971, 0.0013165213946194853, 0.0010224630064840311, 0.0007789167221972093, 0.001109876278860611, 0.0008744086402657558, 0.0012603224660779234, 0.0011222134708077647, 0.00099654169898713, 0.0011096501359133982, 0.0009420130929356674, 0.0009590311280589959, 0.00121661680896068, 0.0010687232315831352, 0.0011505582937388682, 0.0009468552587350132, 0.0010335433024010853, 0.0007415019396376011, 0.000651061527287311, 0.0010242102151096332, 0.0008372260993155579, 0.0007592954083520453, 0.00106145659883623, 0.0009662787284014485, 0.0006576075127668445, 0.0009408444995187893, 0.0007141840660551679, 0.0009085986352147303, 0.0009442460939681041, 0.000825364375305071, 0.0008476197355776094, 0.0008791198617245754, 0.0009639848205551971, 0.0007012073066107404, 0.0006712641328249447, 0.0006926243236193841, 0.0009880555382551393, 0.0005483505413849344, 0.0007563794275597501, 0.0008755485496749316, 0.0008703286150193889, 0.0007096896856296553, 0.0006021654894539097, 0.000691256711297683, 0.0007241352269829804, 0.0006854809229480452, 0.0008655888478187989, 0.0006549507688760059, 0.0008600957338785521, 0.0008532691539585357, 0.000742341240766109, 0.0006475939634128736, 0.0006684190276018854, 0.0005056918554089407, 0.0006876747164824337, 0.0008419740916906449, 0.0006897087996435402, 0.000490160877757262, 0.0005724189070406283, 0.0007697844738231651, 0.0006767586477508304, 0.0004637445146954633, 0.0007761950570056796, 0.0006944829630356253, 0.0006705891155888821, 0.0007957434323088818, 0.0006037100951743924, 0.0005438413661579489, 0.0006566027335679792, 0.0005495777967098548, 0.0005529565643428213, 0.000775221727508324, 0.0006452991876358283, 0.00036115523703301734, 0.0007715907120655174, 0.0007690575213928242, 0.0006355003028147621, 0.0006134992886018154, 0.0005755275493356748, 0.0004980127161161363, 0.0006961497145539397, 0.0004403766841164725, 0.0003194658608890677, 0.0005551212629370638, 0.0004990960289433133, 0.0004791903136720066, 0.0005335109942166127, 0.0005942466122178302, 0.0005873008634353028, 0.0005557498425787343, 0.0005748596405055651, 0.0004521355102951929, 0.0005507583057465127, 0.0005602458962130185, 0.0003769380188487048, 0.0005902780190012891, 0.0004214780382653771, 0.00047307943473242633, 0.0005559095149692439, 0.0005136020507450212, 0.0003795293810810563, 0.00037138545904440433, 0.000580687997626228, 0.0005132958306376167, 0.0004407004983022489, 0.00035198522308519384, 0.00041675376870671245, 0.00038216926752738796, 0.0007059662066808414, 0.0005755777116291938, 0.0004983568673651462, 0.0005193392200681046, 0.00046879438145879253, 0.0006179311731330018, 0.0004639350896241013, 0.0005781708176300527, 0.00044592475634317455, 0.00026621582397865493, 0.0003998868293706437, 0.0002942934431757749, 0.00042880133802327693, 0.0002467253280087789, 0.0005728880980598206, 0.0003415572415633505, 0.0005014115687572484, 0.0005280114809067982, 0.0002786822008317813, 0.0005473024426805751, 0.00035463972471347913, 0.0003892300535198956, 0.0003702858589804236, 0.00023737295491628173, 0.00044741868176743086, 0.00047619055089853646, 0.00037799768401782787, 0.000822377352096737, 0.00047764593560373214, 0.0002978450072589567, 0.0005528119182372392, 0.00029229037227196386, 0.0006401025545642369, 0.000324292810728366, 0.0004885047697825939, 0.00035034412510981383, 0.00037183867995054247]
2025-11-21 13:58:00 - fedit - INFO - loss data:
2025-11-21 13:58:00 - fedit - INFO - [21.19987678527832, 8.122477439733652]
2025-11-21 14:01:55 - fedit - INFO - loss data:
2025-11-21 14:01:55 - fedit - INFO - [21.19987678527832, 8.122477439733652]
2025-11-21 17:12:05 - fedit - INFO - loss data:
2025-11-21 17:12:05 - fedit - INFO - [16.91586830615997, 0.13132041450589896, 0.0046301745984237645, 0.002919354668119922, 0.0028093211440136656, 0.0026896120340097695, 0.0027718769968487324, 0.0026927915023406968, 0.00286191618652083, 0.002775944635504857, 0.00268790602858644, 0.0027221337222727016, 0.002628504580934532, 0.0026565677893813696, 0.0024082211341010405, 0.002485171350417659, 0.002398450826876797, 0.0023564059316413476, 0.0022781712730647998, 0.0022045982710551474, 0.0021157671362743713, 0.001973708964942489, 0.001743665020330809, 0.0021496047906111927, 0.0015805269860720728, 0.0017228248019819147, 0.0016704428824596107, 0.001864082203246653, 0.0016842601689859293, 0.0016238254596828484, 0.0016123045425047167, 0.0015671146218664944, 0.0015769523044582455, 0.0015393722518638243, 0.0014819375559454785, 0.0013277366168040318, 0.001270684410701506, 0.0013449641250190326, 0.001402747893735068, 0.0016373278318496886, 0.0012165907988674006, 0.0013754403717030073, 0.0012992236879654229, 0.0013712948843021878, 0.0015480653080885533, 0.0012948731255164603, 0.0014068601456528995, 0.0010524495781282896, 0.001474305729425396, 0.00121405831669108, 0.0011913162961718626, 0.0013910865985963029, 0.0009877094829789713, 0.001216400453267852, 0.0012786069506546482, 0.0010407364963612054, 0.0011818856612080709, 0.0011789028871135089, 0.001252111270514433, 0.0009735917845318908, 0.001290008796058828, 0.0010868856234083069, 0.0011053204427298625, 0.0010929751446383308, 0.00116818621463608, 0.0008250128388681332, 0.0012273844993615057, 0.0010478366984898457, 0.0009717755340716394, 0.0010537831913097762, 0.0007876836213654315, 0.001025434934763325, 0.0010971231155053828, 0.0009278494217141997, 0.0011337109099258669, 0.001091415163136844, 0.001103058029548265, 0.0008250823666458018, 0.0008517418027167877, 0.0008193902117454854, 0.0008126287024424528, 0.0010889720593695528, 0.0007893610621977133, 0.0009625900220271433, 0.0008023953818337759, 0.0009587586557245232, 0.0011283798321528593, 0.0006878104193674516, 0.000615919569736434, 0.0008927938101351173, 0.0009234703449692461, 0.0008377352342904487, 0.0007845994608032924, 0.0006901975706568919, 0.0008027342589230102, 0.0007168072846980067, 0.000869383640565502, 0.0006224629117696168, 0.000744746416421549, 0.000660786491653198, 0.0008925108001221816, 0.0009050133790424297, 0.0007184471089658473, 0.0007671636433997265, 0.0005897776595134019, 0.0007414341240291833, 0.0006852185109892161, 0.0006389640407178376, 0.0006585542032098602, 0.0005676025768934778, 0.0007176477704433637, 0.0008056622760705068, 0.0006020612629072275, 0.000694763070123372, 0.000636849073225676, 0.0007522127309130156, 0.0007963852015564043, 0.000784245519525939, 0.0005242491144599626, 0.0006500750020222768, 0.0007836903547286056, 0.0004088879869527773, 0.0003938708054647577, 0.0005926558854298491, 0.0006133898847110685, 0.0006374671956791643, 0.0004726641670004028, 0.000512243207776919, 0.0007616699562277064, 0.0004227918775541184, 0.00048239040834232585, 0.0004359443517387262, 0.000867137102147808, 0.0003472408712923425, 0.0006838990911546717, 0.0002924249666193646, 0.0007755313894904248, 0.0005636213680645596, 0.0006889197692544259, 0.0005035940213474532, 0.0004295906338938948, 0.0005791746872091608, 0.000533617485416471, 0.00047651923731564235, 0.0006642032543368259, 0.00037279135486869566, 0.0007813489263753581, 0.0004576165701337231, 0.0004876253575559986, 0.0003841716277861451, 0.0004696256818931488, 0.0003308926123963829, 0.0003120582109886527, 0.00026215781109044655, 0.0004968300704675244, 0.0005102589978946525, 0.0004337960278405717, 0.00044185973316075434, 0.00032805250493197493, 0.0008359737583418791, 0.0002985206514665606, 0.0005253260379561197, 0.0004379073529207744, 0.00037628284401307614, 0.0005785887051672489, 0.0005451541682191419, 0.0005466968884206835, 0.0005452144618288911, 0.0003019988648816252, 0.0006035348901150428, 0.0003917628271892682, 0.00032893407121719064, 0.00043516448420177767, 0.0006149193314968215, 0.0003297196028597682, 0.0004460517228608296, 0.0003867735809308215, 0.0003964159662700695, 0.0003034721417975561, 0.0003728452873474452, 0.0005212361696294466, 0.000331398787488979, 0.00045975437128618066, 0.0002727774372146996, 0.0003845313183262533, 0.000421578557347857, 0.0003857891732650387, 0.0004899637941036872, 0.0004790024181147601, 0.00048540994343966305, 0.00040648581236837347, 0.0004674541154827238, 0.0005010997241242876, 0.0005164381747363222, 0.0003187812009855406, 0.0003730837760713257, 0.00027036278071363996, 0.00032040333749705496, 0.000288592663062559, 0.000603990361923934]
2025-11-21 19:51:35 - fedit - INFO - loss data:
2025-11-21 19:51:35 - fedit - INFO - [17.044555696845055, 0.14326822775183246, 0.006550502171739936, 0.003101621550740674, 0.0028322161204414444, 0.0027604982897173613, 0.002773573499871418, 0.0027622056339168923, 0.0025995788542786612, 0.0028626875893678514, 0.0026777797989780087, 0.0026770419848617163, 0.0027093716664239762, 0.0026668421778595075, 0.0025986482767621057, 0.002558172357385047, 0.0023884475813247263, 0.0023735205322736874, 0.0024239878490334376, 0.0023010371573036533, 0.002098912841756828, 0.0020921166556945535, 0.002075976700871252, 0.002087900819606148, 0.002051142742857337, 0.0018073641345836221, 0.001738296201801859, 0.001687787265109364, 0.0018829392996849493, 0.0016838906100019812, 0.0016074021245003679, 0.001644786303222645, 0.0016032539366278797, 0.0014801012242969592, 0.0012255812500370665, 0.0015125869016628713, 0.0016377488820580766, 0.0015653309339541009, 0.0013921628109528684, 0.0015380920507595875, 0.0015055995179864112, 0.0013664813217474149, 0.0012382775013975334, 0.0013289101611007937, 0.0015876907600613777, 0.0014246169026591814, 0.0010521555415834883, 0.00146004097405239, 0.0011312751448713243, 0.0011511970980791373, 0.0011096935793830198, 0.0015391803877719211, 0.0010865484366149758, 0.0012211304612719687, 0.0011246227513765916, 0.0011664657373330555, 0.0011297988250589697, 0.0012422689844242994, 0.0010447125416249035, 0.0011837895726785064, 0.00129872234974755, 0.0009536620491417125, 0.0010131319471838652, 0.0012135930326621746, 0.0009631917695514858, 0.0013486126255884301, 0.0012137536359659862, 0.0009082885668703967, 0.0010932764749668421, 0.0008333021222824754, 0.001024568528009695, 0.0011761900387909918, 0.0011687991704093293, 0.0009110635139222723, 0.0009481286870141048, 0.00099273257983441, 0.0011411112211135333, 0.00101250180578063, 0.0011511388402141165, 0.0008377450034458888, 0.0007896196271758527, 0.0007974996466600714, 0.0006527069086587288, 0.0006668284002898872, 0.000867663206781799, 0.001291291399138572, 0.0009712781931739301, 0.0007144309501200041, 0.0007585949326312403, 0.0009223829621987534, 0.0007346010866967845, 0.0006509522405394819, 0.000872667628163981, 0.0009696985114715062, 0.0009379620363688445, 0.0008768634590524016, 0.0007411598167891497, 0.0008513266592672154, 0.0012095190677428036, 0.0007488396058761282, 0.0006294217199410923, 0.0006282142123382073, 0.0006301147952626707, 0.0006777829595876028, 0.0010447387911654005, 0.0009170285840809811, 0.0007701741727942135, 0.0006917415104908287, 0.0007364195615537027, 0.0005791640360257588, 0.000622913904771849, 0.0006501877907794551, 0.0006461727370606241, 0.0012141409880769062, 0.0007996600628757734, 0.0006929936266715231, 0.0006701576061459491, 0.0006814544681674306, 0.0006676007132227823, 0.0008175207286512886, 0.0006116120383921952, 0.0007241601492751215, 0.0008549372803372535, 0.0006474520203482825, 0.0006675454471405829, 0.00048255795654768003, 0.0005849354633028271, 0.0008164915949237183, 0.0006268117097533831, 0.0006927504584382405, 0.0006487697260126879, 0.0005631050764350221, 0.0004346214058500664, 0.0003622098635787552, 0.0007903060734179235, 0.000592663624661327, 0.0004477287571944544, 0.00043215382414700797, 0.0007687594007734333, 0.0004466577823222906, 0.0004927717179953106, 0.0005760213439202743, 0.0006363893892739724, 0.0005203413272283797, 0.0008938617488183809, 0.0005330402710114867, 0.0006218045703008102, 0.00040775201889573507, 0.000987429800807149, 0.0006584546336853236, 0.0004624917592991551, 0.0005233519038483792, 0.0006265381934099423, 0.0005626781184673746, 0.0004745766158521292, 0.0005512162103286755, 0.00039275062201795665, 0.0006774915467758547, 0.00046907386620205217, 0.0007430012948361764, 0.0006616625870265124, 0.0005359924478170796, 0.00043834386049184103, 0.0006835881996266834, 0.0008448970008885226, 0.0005565175415995327, 0.0006321124620171758, 0.0005154678041435545, 0.0005790491842390111, 0.00036877235265819763, 0.0006712051614158554, 0.00048510904171052973, 0.00040549253842527835, 0.00029072068246023265, 0.00042172395661737027, 0.0006061379609718642, 0.00043955402888968815, 0.00041590186391431415, 0.00047181828564362154, 0.00040616909050186225, 0.00045738878408201343, 0.000677181219822387, 0.00034705111930293246, 0.0004905041796291698, 0.0003984641127033228, 0.0006884620499704396, 0.0006519165943132065, 0.0006099776857809048, 0.0004591474232938708, 0.0006290192239248426, 0.00026647849851997303, 0.0006210684239249531, 0.000485001048855338, 0.0003898030042364553, 0.0002035799243458314, 0.0005007187057231022, 0.00043909777123189996, 0.00038922278370137067, 0.00042130288566113446, 0.0004577074564849681]
2025-11-21 22:28:40 - fedit - INFO - loss data:
2025-11-21 22:28:40 - fedit - INFO - [16.72872285246849, 0.14199151266366244, 0.005084885621909053, 0.002987034840043634, 0.0026396430563181642, 0.0027629751217318702, 0.0026922826626105236, 0.002815444939187728, 0.002761919627664611, 0.0027614273392828183, 0.0026607488776789977, 0.002744392363820225, 0.0025345426867716013, 0.002700292065856047, 0.0028746340307407078, 0.0027899659675313156, 0.002557426723069511, 0.0026675023051211614, 0.0023211332358187065, 0.0025534513086313384, 0.002347104295040481, 0.0021906792127992956, 0.0020517297991318626, 0.0020329015853349118, 0.0022232708550291138, 0.0019247550822910852, 0.0018363827257417142, 0.0020283864956581964, 0.001772274098766502, 0.0016375142397009768, 0.0018148242612369358, 0.0015883015723375138, 0.0015757231492898427, 0.001433195356366923, 0.0014374965355273162, 0.0015714010922238232, 0.0013933423608250449, 0.0017589917006262112, 0.0014342716196551917, 0.0013626905172714034, 0.0014217177267710213, 0.0016152986223460174, 0.0014089271033299155, 0.0013659590018505695, 0.0012374362719128839, 0.0013580999970145059, 0.001420708334990195, 0.001219526067689003, 0.001214496502871043, 0.0013232885379693472, 0.0014525738839438417, 0.0012894851723103786, 0.0010470508235812304, 0.0010822930989888846, 0.0011014646992407507, 0.0011866282802657224, 0.0009704990369755252, 0.0011922672219952801, 0.000956028118616814, 0.0008477968474835506, 0.0012200423372178194, 0.0011930667981687292, 0.0011473299186036457, 0.0011399064049328444, 0.0011516275764734017, 0.0012023216171655805, 0.0007183206323134073, 0.000844430408142216, 0.0013534194548810775, 0.0010902305926720145, 0.0011482525424071355, 0.0010512876739085185, 0.0009690400464023697, 0.0010684619386665873, 0.0011889586865436287, 0.0007592058339469076, 0.0009671335239545442, 0.0009301775862695649, 0.0010051930726149294, 0.0009981826864532196, 0.000742085496585787, 0.0008931714151913184, 0.0006527041112349252, 0.0007750094012010323, 0.0010637036362822982, 0.0004804075430001831, 0.0011827607946884198, 0.0009025984012623667, 0.0006380966383403575, 0.0008687221641594078, 0.0006756529297490488, 0.0004405503683983625, 0.0008813444840598094, 0.0009159220145193103, 0.0009745700309849782, 0.000743567453673677, 0.0006575449283445778, 0.0005933367884381369, 0.0007992598335931689, 0.0008272567156382138, 0.000859267857595114, 0.0007639180486421538, 0.001105967050898471, 0.001034918339428259, 0.0007019787686658674, 0.0005537054212709335, 0.000896210780047113, 0.0007844847299566027, 0.0005497636374002468, 0.0007856795372390479, 0.0005674842847838591, 0.000604292946491114, 0.0008405320534620841, 0.0006638999833285198, 0.0011471047029772306, 0.0007311462198231311, 0.0006794095217856011, 0.0005229725463550494, 0.0006299409331404604, 0.0007473311214198474, 0.00036883758771182333, 0.0011125779217309173, 0.0006212724194483599, 0.0007050846890706453, 0.0008403132484090748, 0.0004990032370642439, 0.0005638299958718562, 0.000686223845684708, 0.0006587558466435439, 0.0007649373817457672, 0.0005997481556732964, 0.0006646615785030008, 0.0007071714064863954, 0.0008934838700952242, 0.000655677939994348, 0.00046642465988497864, 0.0005459007322315302, 0.0008637940156859258, 0.0008915678099356228, 0.00048033592297542783, 0.0005930626956342166, 0.0008862848308126559, 0.0005305529386532726, 0.00039542500276184, 0.0005382667691947063, 0.0005734014595873305, 0.0007159289995570361, 0.0009666860363722663, 0.00047811110116526836, 0.000658439961091517, 0.0005913562982186704, 0.0006575435325885337, 0.00042889030949027073, 0.000331110881325003, 0.0007968450504222347, 0.0005091975009236194, 0.0004594236573325361, 0.0006595796674673693, 0.00037017804420429455, 0.00047102947379471514, 0.0006403748837897183, 0.0005311291725547563, 0.0005188949653302189, 0.0005016103254320114, 0.0005535617036230179, 0.0003527126932794999, 0.0004486904597229113, 0.0004965704697951878, 0.0010360140930515626, 0.00032630812146408064, 0.0007352610743055265, 0.00047795255586606804, 0.0005476850061540972, 0.0006685620501116318, 0.0005954690989256051, 0.0004381436358926294, 0.00043381771668009604, 0.0005278654892435953, 0.0003053569241501464, 0.0006748149448412733, 0.0007337228359801883, 0.0006118407963867867, 0.0003368041753219586, 0.000772020512420113, 0.0006329140665457089, 0.00042608902840584055, 0.0004841198545932457, 0.00037031212597185006, 0.0002791184797956703, 0.00036044199703155755, 0.0004327945168370207, 0.00046229973529534615, 0.0004180463114039412, 0.00040010192012687187, 0.0004522288006683084, 0.000346417044897862, 0.0003718478413702542, 0.00046233867624323466, 0.0005781973954071874, 0.0005033253547480854]
