2025-12-23 09:12:26 - feda2ls - INFO - loss data:
2025-12-23 09:12:26 - feda2ls - INFO - [12.567774844169616, 7.512561905384064, 0.65008300319314, 0.26358399018645284, 0.23838275894522665, 0.18644328638911245, 0.1885222537443042, 0.1689493266865611, 0.17147851455956697, 0.1709261415526271, 0.15784542020410297, 0.15783855542540548, 0.1578356582671404, 0.1656954914331436, 0.15954907536506652, 0.15307123735547065, 0.15946729835122825, 0.15396229159086944, 0.16097385492175817, 0.14720318131148816, 0.15574580468237398, 0.1470921041443944, 0.1484414706006646, 0.14061102988198398, 0.1364950556308031, 0.14854099974036217, 0.13737418875098228, 0.13958215564489362, 0.1366526335477829, 0.14633684940636157, 0.1428890684619546, 0.14396320823580028, 0.1405794907361269, 0.14496686980128287, 0.1393467416986823, 0.14584347195923328, 0.1521547330543399, 0.1409187871962786, 0.13730777520686388, 0.13690560953691602, 0.13782507181167603, 0.13380706924945118, 0.12934447284787892, 0.1453009141609073, 0.13192042466253043, 0.1351224211975932, 0.14010174795985222, 0.126933591067791, 0.12773250192403793, 0.12281812261790037, 0.13239268399775028, 0.14328332878649236, 0.12811717297881842, 0.13003060650080442, 0.13633070196956396, 0.12888008449226618, 0.12804663134738803, 0.12456561690196394, 0.12823407649993895, 0.12062586788088084, 0.1297666711732745, 0.13146672658622266, 0.13204038701951504, 0.13384816925972698, 0.12393284551799297, 0.1236100759357214, 0.12493757456541062, 0.12237371830269694, 0.14052290003746748, 0.1335348291322589, 0.11741489227861165, 0.1444223891943693, 0.12677628044039013, 0.1118358640000224, 0.1250617800280452, 0.12563266698271036, 0.12619309136644005, 0.13111848700791598, 0.12817245963960885, 0.12437461987137795, 0.11491011995822191, 0.13083584383130073, 0.13884327467530966, 0.11440612263977527, 0.11545206354930997, 0.12690390460193157, 0.12545488886535167, 0.11847063917666674, 0.139327416010201, 0.12224883288145065, 0.11012211535125971, 0.11047326829284429, 0.1169974459335208, 0.12695300634950402, 0.12427028100937605, 0.11189082693308591, 0.11631998997181653, 0.10425893152132631, 0.1202682001516223, 0.1196545023471117, 0.11492732176557183, 0.11258574677631258, 0.1255919959396124, 0.11434895293787121, 0.12205042093992233, 0.12376157343387603, 0.12126603294163943, 0.12115990538150073, 0.1140037016943097, 0.11423292346298694, 0.12416970618069172, 0.1086520966142416, 0.12606820948421954, 0.1101375451311469, 0.11616100296378136, 0.12092459294945002, 0.10693524153903126, 0.1050190556794405, 0.10536238104104996, 0.11899627670645714, 0.10497407047078014, 0.11640761233866215, 0.11660264059901237, 0.12065299646928906, 0.11839913176372646, 0.11663199961185455, 0.1097682612016797, 0.11063188333064317, 0.12184891253709793, 0.11179337622597814, 0.11079821530729533, 0.11335659017786384, 0.10427712677046658, 0.11524688135832548, 0.11248996714130044, 0.11304742451757192, 0.10591218536719679, 0.11404938688501715, 0.10452018780633807, 0.1107150831259787, 0.11483015967532992, 0.10134832775220276, 0.10875861775130033, 0.11252180449664592, 0.11192025877535343, 0.10775258811190724, 0.11659568492323161, 0.10771148409694434, 0.10879219518974423, 0.11308605205267667, 0.12295087762176991, 0.11508740168064832, 0.11229859571903944, 0.10855247415602207, 0.11320464247837662, 0.09668553210794925, 0.11940396735444665, 0.11459950506687164, 0.11089717308059335, 0.11427865345031024, 0.11604320304468274, 0.10335563588887453, 0.1046867967583239, 0.10121162496507169, 0.10288238218054176, 0.11309036528691649, 0.11035820851102471, 0.10267767459154128, 0.1142374868504703, 0.11228203112259508, 0.10883388780057429, 0.1058257025666535, 0.10481016216799616, 0.12386058392003178, 0.11424492439255118, 0.10890017133206129, 0.1042319718748331, 0.10778695968911052, 0.10755194751545787, 0.11623713467270136, 0.11475848518311978, 0.1153154737316072, 0.11052151545882224, 0.11611501406878233, 0.09643567306920886, 0.1032413831911981, 0.10869690338149667, 0.108382667042315, 0.09708392806351185, 0.10626263758167624, 0.11096744984388351, 0.11354478392750025, 0.11350697092711926, 0.10912189446389675, 0.1027865602634847, 0.10478748325258494, 0.10610873522236944, 0.11505784606561065, 0.10828630765900016, 0.10875146156176924]
2025-12-23 09:13:06 - feda2ls - INFO - loss data:
2025-12-23 09:13:06 - feda2ls - INFO - [11.992113387584686, 7.787880164384841, 0.7836360309273005, 0.2541438013315201, 0.2146023143082857, 0.18944991026073693, 0.19151008706539868, 0.1694759141653776, 0.17289558071643113, 0.15737202819436788, 0.16508642658591272, 0.16575643271207807, 0.15105848256498575, 0.14683380685746672, 0.15681411121040584, 0.14932435341179373, 0.15290157441049812, 0.14559034034609794, 0.14952057953923942, 0.14738928489387035, 0.14785295091569423, 0.13962461799383163, 0.15726002547889947, 0.14589852578938006, 0.14681768845766782, 0.1420822847634554, 0.14533498939126732, 0.1454577509313822, 0.14467477072030305, 0.14476645570248364, 0.14116582535207273, 0.13631840851157903, 0.13866821099072696, 0.14099770355969668, 0.12841103542596102, 0.13758086469024422, 0.1376967143267393, 0.1526405794546008, 0.142019728012383, 0.13180740121752021, 0.13614254761487246, 0.1366155030205846, 0.12814983427524568, 0.12687437422573566, 0.13997451588511467, 0.13220750093460082, 0.13842929443344473, 0.1392642306163907, 0.13245656583458185, 0.12236736379563809, 0.12751424908638, 0.13056859858334063, 0.1244352862238884, 0.13267623260617256, 0.12826385833323, 0.12603172827512027, 0.12181259039789438, 0.13366525657474995, 0.12600388377904892, 0.12972598560154439, 0.137207249738276, 0.1245239645242691, 0.12974352575838566, 0.12925312761217356, 0.13382579665631056, 0.13504091184586287, 0.1229675524868071, 0.1190098412334919, 0.13116840720176698, 0.1265332004055381, 0.1304762063547969, 0.11872037639841437, 0.13597211334854364, 0.127143036480993, 0.12659176029264926, 0.1264337284490466, 0.12123879538848996, 0.1341016709804535, 0.12316792570054531, 0.1288910161703825, 0.12167674619704485, 0.12068409882485867, 0.1192197066731751, 0.10696780094876886, 0.10383984688669443, 0.12446032725274563, 0.12061857152730227, 0.11299682380631566, 0.1170567779801786, 0.12261324934661388, 0.11953448588028551, 0.12042405959218741, 0.13646838907152414, 0.1256280777975917, 0.11914081666618585, 0.11862368658185005, 0.13030850645154715, 0.11518926359713078, 0.12907671658322215, 0.11978042172268033, 0.12497900370508433, 0.11268436741083859, 0.12005687206983566, 0.1114367874339223, 0.1168791938573122, 0.11060322914272547, 0.10906609650701285, 0.11369839087128639, 0.12023547291755676, 0.10910423574969172, 0.11357300067320465, 0.11694213384762406, 0.1169616211205721, 0.11003329427912831, 0.12008095551282168, 0.11632426613941789, 0.113899464905262, 0.11418071137741208, 0.10707560395821929, 0.11675703097134829, 0.1225292006507516, 0.12114244252443312, 0.13067229837179184, 0.11242330027744174, 0.1253068992868066, 0.11579762324690819, 0.11673219492658973, 0.11604313300922514, 0.11080072205513716, 0.1214918652549386, 0.10725793242454529, 0.11364260520786047, 0.11487029008567333, 0.09949960038065911, 0.11444654902443291, 0.11770731788128615, 0.10852631563320755, 0.11222824715077877, 0.11294464319944382, 0.10862721689045429, 0.10964919719845057, 0.11752787195146083, 0.11233637426048518, 0.1096497455611825, 0.10747388144955039, 0.1198635209351778, 0.10581320691853761, 0.12289881482720376, 0.1121274064294994, 0.11701393388211727, 0.11004645694047213, 0.12027094159275294, 0.11515969112515449, 0.10757989222183824, 0.11287940917536615, 0.11132149221375584, 0.10900508519262075, 0.09742918284609914, 0.110431385692209, 0.11086301505565643, 0.09962910637259484, 0.09922744929790497, 0.11152577754110098, 0.11253110077232123, 0.10038927914574743, 0.10250150347128512, 0.10207743709906936, 0.11310858111828564, 0.10734088514000178, 0.11692074658349155, 0.10355031099170448, 0.11015876019373536, 0.09975829152390361, 0.1090651486068964, 0.11734174592420459, 0.11739381738007068, 0.11137768281623721, 0.10178249021992086, 0.11891406802460552, 0.10467889718711376, 0.10948213217779995, 0.12011672193184494, 0.1175611044280231, 0.11059448951855302, 0.10825876398012042, 0.09996166648343205, 0.11113776275888085, 0.11015757247805595, 0.10060286447405815, 0.11755196917802097, 0.10137130431830882, 0.1167107904329896, 0.10826589595526456, 0.11165865026414394, 0.1010940090753138, 0.10998908830806613, 0.10831300606951118, 0.10512039801105857, 0.11105652507394552, 0.10144970072433351]
2025-12-23 09:13:09 - feda2ls - INFO - loss data:
2025-12-23 09:13:09 - feda2ls - INFO - [12.852099657058716, 7.66502555012703, 0.6469157930463552, 0.23505315668880938, 0.20224751699715854, 0.18957649301737547, 0.1708813190460205, 0.16397756822407245, 0.1686819339171052, 0.17694523483514785, 0.1657775156199932, 0.16265187952667476, 0.14929216969758274, 0.15856425184756517, 0.15713763367384673, 0.15398112870752811, 0.14772431943565606, 0.1519718863070011, 0.17315198127180337, 0.1545768903568387, 0.15512097626924515, 0.15001495089381933, 0.1583308273926377, 0.14901244770735503, 0.1507284240797162, 0.14221833907067777, 0.14987058490514754, 0.1363422691822052, 0.14041550029069183, 0.13727194350212812, 0.14053006004542112, 0.1477826738730073, 0.14567198026925327, 0.13901180159300566, 0.13987656943500043, 0.13208739534020425, 0.1350541179999709, 0.14366382360458374, 0.15011879187077282, 0.14800327997654678, 0.1348748947493732, 0.12886607758700847, 0.14715385623276234, 0.13661739695817232, 0.1474034460261464, 0.1329762229695916, 0.12233494091778993, 0.1251510228961706, 0.13568693958222866, 0.13593251761049033, 0.1333291407674551, 0.12475147414952517, 0.1379433235153556, 0.13080404195934534, 0.1426619492471218, 0.13400196647271514, 0.12798658069223165, 0.1280245190486312, 0.12693849438801408, 0.12178273610770701, 0.11690960545092821, 0.12454172912985087, 0.1331636792048812, 0.13123067431151866, 0.12925919368863106, 0.12529009245336054, 0.13114005140960217, 0.11645488925278187, 0.13589015156030654, 0.13031218703836203, 0.12317361496388912, 0.12935870746150613, 0.13056876249611377, 0.12206884901970624, 0.12870551608502864, 0.12388555593788624, 0.12510664537549018, 0.12458395287394525, 0.12182244751602411, 0.11231776857748628, 0.12080915439873935, 0.11539421519264578, 0.12810295885428785, 0.11587032899260521, 0.12211480010300875, 0.11402873285114765, 0.12109736315906047, 0.11878311689943075, 0.12453827084973455, 0.12067878767848014, 0.12544120028614997, 0.10774319544434548, 0.12140202885493637, 0.11434497479349374, 0.11725882943719626, 0.1235483025200665, 0.12339543476700782, 0.12327935267239809, 0.12142910286784173, 0.10146057847887277, 0.12313356800004839, 0.1237189255654812, 0.1112577173858881, 0.12003942467272281, 0.11956563778221607, 0.11353563982993364, 0.11320509072393178, 0.12043741913512349, 0.12156282849609852, 0.11112347291782498, 0.11120328800752759, 0.12586282342672347, 0.10691489856690169, 0.11300005950033665, 0.11557418555021286, 0.11804531216621399, 0.11819291673600674, 0.11911757690832019, 0.10841828295961023, 0.12285009063780308, 0.11888933507725596, 0.11309693176299333, 0.11823369991034269, 0.10982254110276699, 0.11453347383067011, 0.11471973070874811, 0.12107763942331076, 0.09972045943140984, 0.11481079831719398, 0.11380688613280654, 0.11343388762325049, 0.11365400571376086, 0.12051972467452288, 0.11792193613946438, 0.11374501259997488, 0.10407353350892663, 0.11010224120691418, 0.11245220741257071, 0.11765857078135014, 0.10680590923875571, 0.10639493651688099, 0.11708343364298343, 0.1123481678776443, 0.11152406577020883, 0.11840718230232597, 0.1128046926110983, 0.12295370763167739, 0.10756054455414414, 0.10601447597146035, 0.10610589655116201, 0.11431150427088142, 0.11191120631992818, 0.10933778332546354, 0.11363944839686155, 0.10476673087105155, 0.11462178071960807, 0.1059909057803452, 0.11091355765238405, 0.11109472913667559, 0.10828235531225801, 0.10931887626647949, 0.10765211135149003, 0.11180022722110153, 0.10642629833891987, 0.10704059572890401, 0.11947577893733978, 0.10914834607392548, 0.10692232269793749, 0.11600347189232707, 0.11733950078487396, 0.11522302627563477, 0.1028970006853342, 0.10884995795786381, 0.1165999623015523, 0.10577463116496802, 0.09810004318132998, 0.10431247986853123, 0.11344187455251814, 0.10907223634421825, 0.11180553939193487, 0.10636744741350412, 0.11063636504113675, 0.1139065426774323, 0.10054249884560704, 0.12519498411566019, 0.11198712782934309, 0.1018598848953843, 0.11427538599818945, 0.1064573498442769, 0.10747059881687165, 0.11534223426133394, 0.10217741094529628, 0.10047647431492805, 0.10747656077146531, 0.10308463042601942, 0.11350783919915557, 0.11221514493227006, 0.10883289184421302, 0.10810335827991366, 0.10952937938272952]
2025-12-23 20:31:00 - feda2ls - INFO - loss data:
2025-12-23 20:31:00 - feda2ls - INFO - [12.852099657058716, 7.66502555012703, 0.6469157930463552, 0.23505315668880938, 0.20225999113172294, 0.18963101767003537, 0.17086237650364638, 0.16397866047918797, 0.1687177386134863, 0.17692696247249842, 0.1657638014294207, 0.16253294944763186, 0.1493017604574561, 0.15862364917993543, 0.15710971858352424, 0.1539495589211583, 0.1476763127371669, 0.1519697543233633, 0.17262127213180067, 0.15454065017402172, 0.1550799014046788, 0.14998697601258754, 0.1583285328000784, 0.14900953620672225, 0.15090073626488448, 0.14219242632389067, 0.14993461295962335, 0.1363217808306217, 0.14047840759158134, 0.1372946970164776, 0.14049734640866518, 0.147723444737494, 0.14575759898871182, 0.1389302548021078, 0.13993175979703665, 0.1319948688149452, 0.13510224148631095, 0.14379447754472494, 0.1501776034012437, 0.1478483470156789, 0.13482693443074822, 0.1287523346953094, 0.14722676426172254, 0.1366187682375312, 0.14761379156261684, 0.13656039275228976, 0.12241788264364004, 0.12513427380472422, 0.1357276128605008, 0.1358575401827693, 0.13333338499069214, 0.12471101377159358, 0.13805128410458567, 0.13078270945698023, 0.14275708962231876, 0.13392457291483878, 0.12801804561167957, 0.1279850942082703, 0.1268751463852823, 0.12172402646392584, 0.11684636250138283, 0.12444113940000534, 0.1331680467352271, 0.13104865197092294, 0.12945818100124598, 0.12503814650699496, 0.13130413740873337, 0.11627086754888297, 0.13591229505836963, 0.1303517397493124, 0.12318773046135903, 0.1290869449265301, 0.13063921928405764, 0.1218770358711481, 0.12863051015883684, 0.12373271770775318, 0.12506243530660868, 0.12442987449467181, 0.12182170953601598, 0.11203291667625308, 0.12062171148136258, 0.11522298231720923, 0.12776812128722667, 0.1156750911846757, 0.1220166699960828, 0.11378801586106418, 0.1210493803024292, 0.11851131096482276, 0.12456419728696347, 0.12050164844840766, 0.1252564549446106, 0.10749718500301242, 0.1212236486375332, 0.11394948102533817, 0.11715710274875164, 0.12337274737656116, 0.12312233494594693, 0.12291844356805086, 0.1211588867008686, 0.10105770779773593, 0.12292642574757337, 0.12348231188952924, 0.11092564864084124, 0.1197756201028824, 0.11951002702116967, 0.11341438665986062, 0.11294917752966285, 0.12014957666397094, 0.12136742044240237, 0.11072282763198019, 0.11091052191331982, 0.12551148496568204, 0.1064949500374496, 0.11252647712826729, 0.11518520712852479, 0.11774496771395207, 0.11794111207127572, 0.11873029386624694, 0.10794247910380364, 0.12228287719190122, 0.11832438269630075, 0.11242294367402791, 0.117800681758672, 0.10942989978939295, 0.11408722922205924, 0.11411831770092248, 0.12039885520935059, 0.09931066939607264, 0.11438813293352723, 0.11312554012984037, 0.11271102484315634, 0.11283180005848407, 0.12016183529049157, 0.11728145871311427, 0.11301434757187961, 0.10347108356654644, 0.10974853737279773, 0.11173079451546072, 0.11702884593978524, 0.10602156249806285, 0.10572756547480822, 0.11626090696081519, 0.11178778456524015, 0.11099581094458699, 0.11778633035719395, 0.1118641709908843, 0.1223777553997934, 0.10680176392197609, 0.10532546676695347, 0.10538567174226046, 0.11364345215260983, 0.1110520925372839, 0.10862649539485575, 0.11285611130297185, 0.10404496211558581, 0.11358528221026062, 0.10521769840270281, 0.11000877618789673, 0.11009004171937704, 0.10745062902569771, 0.10813825037330388, 0.10677899830043316, 0.11102819852530957, 0.10554812485352158, 0.10640860283747315, 0.11856174878776074, 0.1082146169617772, 0.10612063370645046, 0.11494481777772307, 0.11662580259144306, 0.11406630259007217, 0.10181677769869565, 0.10782826654613017, 0.11558558298274875, 0.10472724633291364, 0.09714449988678098, 0.10345016308128833, 0.1123416980728507, 0.10811615390703082, 0.11066647954285144, 0.10507870241999626, 0.10957043394446372, 0.11289702970534563, 0.09947769418358803, 0.12403602804988623, 0.11090087266638875, 0.10077461432665585, 0.11309519810602069, 0.10542513318359853, 0.10630692215636373, 0.11434047743678094, 0.10115407444536686, 0.09948560325428843, 0.10658027231693268, 0.10217026928439736, 0.11233718357980252, 0.1109507866203785, 0.10767691740766167, 0.10694656921550631, 0.10845999596640468]
2025-12-23 20:34:22 - feda2ls - INFO - loss data:
2025-12-23 20:34:22 - feda2ls - INFO - [11.992113387584686, 7.787880164384841, 0.7836360309273005, 0.2541438013315201, 0.2146023143082857, 0.18953878562897442, 0.191519033908844, 0.16958689764142038, 0.1728964688256383, 0.1573402589187026, 0.16516631580889224, 0.16575874835252763, 0.15112247373908758, 0.14689500499516725, 0.1568911448121071, 0.14943848457187414, 0.15292935837060212, 0.14556637387722732, 0.1494356315582991, 0.14739493988454344, 0.1477340316399932, 0.13966756481677295, 0.15747140198946, 0.14597885999828578, 0.14694468658417464, 0.14214571136981247, 0.1454606292769313, 0.14546304885298014, 0.14469329956918955, 0.1446876112371683, 0.14130678121000528, 0.13619873225688933, 0.13870714399963618, 0.1409696090966463, 0.12843216490000486, 0.1375796042382717, 0.1377400629222393, 0.152730518206954, 0.1419096950441599, 0.13165824105963111, 0.1361293552443385, 0.13645452670753003, 0.1282543506473303, 0.12686542458832265, 0.1400464616715908, 0.13222713135182856, 0.13849619878455996, 0.13911956772208214, 0.13237660117447375, 0.1222650257870555, 0.12756763380020858, 0.13051279932260512, 0.12442375048995019, 0.1324953236617148, 0.12822440871968865, 0.12574614975601434, 0.12177846170961856, 0.13352859448641538, 0.1260363580659032, 0.12962199915200473, 0.13721710760146377, 0.12436853107064963, 0.12966602370142938, 0.12912616655230524, 0.13380233952775597, 0.13493149913847446, 0.1229612004943192, 0.11885477863252164, 0.13128216061741116, 0.1262027822434902, 0.13044379241764545, 0.11849340023472904, 0.13596229255199432, 0.1268524712882936, 0.12661057244986296, 0.1261603725142777, 0.12122886842116715, 0.13389440001919867, 0.12309885565191507, 0.12861260678619146, 0.12162759974598886, 0.12036948576569557, 0.11891080252826214, 0.1065800146199763, 0.10361966714262963, 0.12410718947649002, 0.12050485210493206, 0.11265570623800159, 0.11681763920933008, 0.12236582543700933, 0.11936902087181805, 0.12021954189985991, 0.13639839375391605, 0.12533505614846946, 0.11887430418282746, 0.11823789663612842, 0.13008865863084795, 0.11484900461509824, 0.12888291757553816, 0.11932317623868585, 0.12470178380608558, 0.11228333562612533, 0.11974955592304468, 0.11082230377942323, 0.11659739185124636, 0.11022536773234606, 0.10878735827282071, 0.11324880793690681, 0.11990312468260526, 0.10858160192146898, 0.11308603500947356, 0.11654728129506112, 0.11669102981686592, 0.10968129634857177, 0.11968582719564438, 0.11594647224992513, 0.11345967305824162, 0.11380593692883849, 0.10672064553946256, 0.11611792724579573, 0.12185636032372713, 0.12065913397818803, 0.13033986296504735, 0.11178826820105314, 0.12474949825555087, 0.11515099788084626, 0.11610600110143424, 0.1152786304242909, 0.11002899827435612, 0.12085575088858605, 0.10667763743549585, 0.11286295056343079, 0.11427987441420556, 0.09872856168076397, 0.11375703224912287, 0.11702168695628642, 0.10799240646883845, 0.11145965401083231, 0.11240390501916409, 0.10783531377092004, 0.1090454108081758, 0.1166984647512436, 0.11164746675640344, 0.10876434976235032, 0.10685569150373339, 0.11917053814977407, 0.10497436132282018, 0.12225868990644813, 0.11136348843574523, 0.11613008957356213, 0.10922230882570147, 0.11944566648453474, 0.11453006071969866, 0.10673397090286016, 0.11187480296939611, 0.1105369521304965, 0.10817152988165618, 0.09665552787482738, 0.10953785153105855, 0.10994408531114458, 0.09876812053844333, 0.09838329777121543, 0.11052740868180991, 0.11165779512375593, 0.09958546562120318, 0.10167709216475487, 0.10129434950649738, 0.11204757690429687, 0.10630710544064641, 0.11606407538056374, 0.10250271363183856, 0.10886214328929782, 0.09874719623476266, 0.10814187927171588, 0.11618695575743913, 0.11652474924921989, 0.11027438407763838, 0.10069319717586041, 0.11795632876455783, 0.10350929405540227, 0.1083824303932488, 0.11901965588331223, 0.11648119334131479, 0.10965956337749957, 0.10743216024711727, 0.09901274787262082, 0.1101874834857881, 0.10921650063246488, 0.09950918918475508, 0.1165996927767992, 0.10026659779250621, 0.1158913191407919, 0.10733340606093407, 0.11055822251364589, 0.10002912739291787, 0.10909677660092712, 0.10699668480083346, 0.10390437813475728, 0.11003956971690058, 0.10048144496977329]
2025-12-24 07:20:23 - feda2ls - INFO - loss data:
2025-12-24 07:20:23 - feda2ls - INFO - [12.567774844169616, 7.512561905384064, 0.65008300319314, 0.26358399018645284, 0.23838275894522665, 0.18644328638911245, 0.1885222537443042, 0.1689493266865611, 0.17147851455956697, 0.1709261415526271, 0.15784542020410297, 0.15783855542540548, 0.1578356582671404, 0.1656954914331436, 0.15954907536506652, 0.15307123735547065, 0.15946729835122825, 0.15396229159086944, 0.16097385492175817, 0.14720318131148816, 0.15574580468237398, 0.14708645548671484, 0.148506061732769, 0.14066883102059363, 0.13660495188087224, 0.1485681528225541, 0.13747712839394807, 0.13950094152241943, 0.13663956057280302, 0.14636156000196932, 0.14295577406883242, 0.14398509711027146, 0.14061858681961895, 0.14501791801303626, 0.13941610772162677, 0.14586588982492688, 0.15219964999705554, 0.14085920210927727, 0.13737058099359273, 0.13684823531657458, 0.1377772971987724, 0.13379067406058312, 0.12941783107817173, 0.14535994566977023, 0.1320855598896742, 0.1351482206955552, 0.14019640069454908, 0.12680726516991853, 0.12790790516883133, 0.12270559128373862, 0.13264540676027536, 0.14335277043282985, 0.12829895857721568, 0.1299776054918766, 0.13635450080037118, 0.12882101852446795, 0.12813843628391625, 0.12441493375226854, 0.12815706245601177, 0.12063710028305649, 0.12976985853165388, 0.13140352088958024, 0.13224889505654575, 0.13374954015016555, 0.12402505362406373, 0.12346694059669971, 0.12487445902079344, 0.1222214831970632, 0.1404685417190194, 0.13334921840578318, 0.11751686818897725, 0.1442125976085663, 0.12680842969566583, 0.11166470581665636, 0.12499122228473425, 0.12534733675420284, 0.12608486488461496, 0.13097132910043002, 0.1282471302896738, 0.1240927644073963, 0.11472004540264606, 0.1304252466186881, 0.13856892846524715, 0.1141243927180767, 0.11535068899393082, 0.1265750288963318, 0.12521463129669427, 0.11824631821364165, 0.13908925019204615, 0.12201472781598567, 0.10976276267319918, 0.1101177267730236, 0.1167835982516408, 0.12673380002379417, 0.1239509390667081, 0.11159529257565737, 0.11590663902461529, 0.10384555403143167, 0.12001122310757636, 0.11940507330000401, 0.1145692214369774, 0.11233303491026164, 0.1253982126712799, 0.11392936976626515, 0.12166922437027097, 0.12317731250077486, 0.12106199301779269, 0.12077419478446244, 0.11375674493610859, 0.11382874157279729, 0.12374548669904471, 0.10823876447975636, 0.12570066917687656, 0.1098893778398633, 0.11598869729787112, 0.12052339678630233, 0.10652722017839551, 0.10460308259353042, 0.10491513889282941, 0.11856549680233003, 0.10455875778570772, 0.11593375569209456, 0.11607026886194945, 0.12017256068065763, 0.1181778511032462, 0.11598275881260633, 0.10935555817559361, 0.11001419676467776, 0.1211518233641982, 0.11122429929673672, 0.11034274231642485, 0.11282223463058472, 0.10367609756067395, 0.11484010610729456, 0.11185895707458257, 0.1124000797048211, 0.10516915488988161, 0.11341335019096732, 0.10402112761512398, 0.11001019608229398, 0.11404957864433526, 0.10080346576869487, 0.108287313580513, 0.11174363326281309, 0.11131598707288504, 0.10697809662669897, 0.1159518568776548, 0.10704346634447576, 0.1081110336817801, 0.1125426792539656, 0.12229239903390408, 0.11433557309210302, 0.11139982268214225, 0.10764325596392155, 0.1123896480537951, 0.09591806856915355, 0.11861143773421645, 0.11384997274726628, 0.11017850944772363, 0.11337709426879883, 0.11520313061773776, 0.10241280188784004, 0.10380118172615767, 0.1002802168019116, 0.10218866327777504, 0.11238477285951376, 0.10942485565319657, 0.10171202728524803, 0.11337807541713119, 0.11132320463657379, 0.10816378025338053, 0.10475348783656954, 0.10373894656077026, 0.12299634777009487, 0.11334015158936381, 0.10806839605793357, 0.10334454160183668, 0.10677270554006099, 0.10663804495707155, 0.11547877639532089, 0.1138677823357284, 0.11435209615156056, 0.10957312425598503, 0.1152255643159151, 0.09578308528289199, 0.10242500100284815, 0.10764859654009343, 0.10724899126216769, 0.0961980209685862, 0.1052824167534709, 0.11012849435210229, 0.11248702807351947, 0.11229119952768088, 0.10822462290525436, 0.10190089652314782, 0.10369506105780602, 0.10525358561426401, 0.11408243272453547, 0.10726203741505741, 0.10780064864084124]
