2025-12-23 08:52:39 - feda2ls - INFO - loss data:
2025-12-23 08:52:39 - feda2ls - INFO - [20.95524582862854, 9.934107866883277, 0.24861629768274723, 0.019144396972842516, 0.003261140844551846, 0.002760111415409483, 0.00301862018823158, 0.002781396999489516, 0.002912821606150828, 0.002513242929126136, 0.002874316048109904, 0.002690215111942962, 0.0026903481164481493, 0.0026904324127826843, 0.0027646328264381735, 0.002672663898556493, 0.004637613683007658, 0.0026439018547534943, 0.00272106961638201, 0.002672884808271192, 0.0026777796389069407, 0.002510822957265191, 0.0026320210075937212, 0.0023696225020103157, 0.002413999507552944, 0.002332552074221894, 0.002403880181373097, 0.0020980611734557897, 0.0023348919290583584, 0.00206228400056716, 0.0021144238882698117, 0.00202321691904217, 0.002308267564512789, 0.0021736218390287832, 0.001953762082848698, 0.0018915862339781596, 0.0020491690302151255, 0.0019623209314886484, 0.0022447548661148177, 0.0018883377400925384, 0.0020701926609035582, 0.0020484865992330013, 0.001942892055376433, 0.0018572787797893398, 0.0019645278458483516, 0.001753024195204489, 0.001931065085227601, 0.0016152695839991792, 0.002087481775379274, 0.0017231177014764398, 0.002023709203058388, 0.0017533679565531202, 0.0017706948885461316, 0.0015123075339943171, 0.0018233176291687415, 0.0015865969224250875, 0.0016338032030034809, 0.0017479350855865048, 0.0018712873294134623, 0.0013802009576465934, 0.0013819489169691224, 0.0015280627725587693, 0.0017004770517814903, 0.00129527077297098, 0.0013434864566079343, 0.0015146369827562013, 0.001556221378268674, 0.0012442284205462784, 0.0015459364076377824, 0.0013203433220041914, 0.0013179365087125916, 0.0012264813769434111, 0.001377987662272062, 0.001337589504692005, 0.0013150929826224456, 0.0015178916219156235, 0.0012168786524853203, 0.001372369767341297, 0.001451535918022273, 0.0012615718311280943, 0.0013791098332148976, 0.0010824331649928354, 0.0013018631376326083, 0.0012529717107099712, 0.0011854301119456068, 0.001260673520118871, 0.0012953477536939318, 0.0011512067874718923, 0.0011298617031570758, 0.001097299511457095, 0.0012515734393673482, 0.0012793101486749947, 0.0011385017513021014, 0.0010946497844997794, 0.001061255485547008, 0.0011688970636896555, 0.001152434009418357, 0.001180925383232534, 0.0010913036271631427, 0.0010161074046663998, 0.0011532072770933156, 0.0011381104826796219, 0.001085687958584458, 0.0012114536271838005, 0.001082892894919496, 0.0010691412790038157, 0.0008902228953957093, 0.0010801631882713992, 0.0010754167567938568, 0.0008501528482156573, 0.0009117384761339054, 0.0009976808540159254, 0.0010926905153610278, 0.0009269789037716691, 0.001169368223509082, 0.0008617949943072745, 0.0012934960672282615, 0.001068599241989432, 0.0009277564211515709, 0.0008957492498666397, 0.001016986796639685, 0.0007299563936612685, 0.0009264842294214759, 0.001011372557240975, 0.0009684350850875489, 0.0009595563624316128, 0.0010485612867341843, 0.0008853496365190949, 0.0009685982167866314, 0.000873048571520485, 0.0010195926606684225, 0.0007851432287679927, 0.0010484465970876044, 0.0008878559687218512, 0.0009920302290993277, 0.0008670337672811001, 0.0009000461976029328, 0.0009218669572874205, 0.0009053562851477181, 0.000688634410744271, 0.0007034017100522761, 0.0010857838424271904, 0.0008773470393862226, 0.0008656170459289569, 0.00100004830310354, 0.0008135518995914026, 0.000772582073477679, 0.0007461964592948788, 0.0008965719172920217, 0.0007638810188836942, 0.0009740942656208062, 0.0007120065189155867, 0.000804959994093224, 0.0009863919387498755, 0.001024131446206411, 0.0010965260484226747, 0.0007728180360572878, 0.0008752945759624708, 0.0006329755407023186, 0.0007361959431364084, 0.0008041285722356407, 0.0010055434100650017, 0.0008962177309513209, 0.0007753556863463018, 0.0010492637440620456, 0.0007873932081565727, 0.0007867288652050775, 0.0011313461218378507, 0.0008248941797319275, 0.0008539939248294104, 0.0009051301394720213, 0.0005909881183470134, 0.0007054071513266536, 0.000735189205079223, 0.0007758983032545075, 0.0007150051204916964, 0.0007735718369076494, 0.0009592414671715233, 0.0006431564355807495, 0.0006023142213962274, 0.0006714183439726184, 0.0007887588157245773, 0.00087986022408586, 0.0006879651724375435, 0.0007676924527913799, 0.0007336181008213317, 0.0009517408501778845, 0.0009593756334652426, 0.0007335549491472193, 0.0009643837796829758, 0.0010086930264151307, 0.0007502369703615841, 0.0008716715057744295, 0.0007660712484721444, 0.0007898390074842609, 0.0009334660862805322, 0.0007027595551335253, 0.0008839682983307285, 0.0007951271386446024, 0.0009511920696240849]
2025-12-23 09:11:16 - feda2ls - INFO - loss data:
2025-12-23 09:11:16 - feda2ls - INFO - [21.158036851882933, 10.382386541366579, 0.2672704548574984, 0.007855224068043752, 0.0032714220695197584, 0.002765448793070391, 0.0028280841157538815, 0.0026884494902333243, 0.0028198388055898247, 0.0026657329581212252, 0.002709022560156882, 0.0027534339926205574, 0.0027283732750220226, 0.0026910613989457486, 0.002759832816082053, 0.002657959470525384, 0.002713516607764177, 0.002634124271571636, 0.0028078346396796404, 0.0025300008128397167, 0.0026124361000256615, 0.0025040026666829363, 0.002703322414890863, 0.0025420754653168844, 0.0024069711507763714, 0.0022110886231530456, 0.002359261258970946, 0.0022558999538887293, 0.002312381219235249, 0.001858844482921995, 0.002169775922084227, 0.0018532003901782445, 0.0017694612804916687, 0.0019479972019325943, 0.002064296645403374, 0.0017614220632822253, 0.002018699723703321, 0.0017209645360708238, 0.0017727406346239151, 0.001832046819617972, 0.0018675232291570864, 0.0015440009534358977, 0.0016149231305462308, 0.001404662175627891, 0.0018605508419568652, 0.0015003833468654193, 0.0015397728184325388, 0.001778359310264932, 0.00147106489748694, 0.0014034689862455706, 0.0013454331212415128, 0.0015654401442589004, 0.0015178161156654824, 0.0014437467067182296, 0.0015964635706041009, 0.0013324977931915782, 0.0012945479749760123, 0.0014117027450993192, 0.0013179112276702654, 0.001523294849175727, 0.0015477817636565306, 0.0012745102132612374, 0.0015266374073689803, 0.0013720793787797446, 0.0011217957599001238, 0.002142064176587155, 0.0014404693312826565, 0.001354546900256537, 0.0013694411718461197, 0.0012262318436114584, 0.0012646719993426813, 0.0012595176813192666, 0.0012142505554948004, 0.0011954244480875786, 0.001225162358423404, 0.0011838286787678952, 0.0013088039111607943, 0.0010677868431230308, 0.0014288698876043782, 0.0011157894870848395, 0.0010446729433169822, 0.001030010588146979, 0.0011223612717003561, 0.001145139634172665, 0.0008141303404045174, 0.0012339847940893377, 0.001290649715701875, 0.0012704581771686208, 0.0011127523641334845, 0.0009755587874678895, 0.0011926465413125698, 0.001032665803359123, 0.001081207902461756, 0.0010514378667721759, 0.0009789237639779458, 0.0010956168011034607, 0.001142738571797963, 0.0010332211011700567, 0.0011718991941961575, 0.0009255948540157987, 0.0009037457461090525, 0.0011400084309570956, 0.0009956017163858632, 0.001017333624076855, 0.001090372318685695, 0.0009916908868035535, 0.0011589891979383537, 0.000985133654467063, 0.0012786722225428093, 0.0009331612161986413, 0.0007261066988576204, 0.0012346155155682937, 0.0008771211852945271, 0.000994117121990712, 0.0009519275216007372, 0.0009303877830461715, 0.0008787081853370183, 0.0009367073637804423, 0.0010459594552230556, 0.0008772380281698133, 0.0009824175538597046, 0.0008605387349234662, 0.001164450082433177, 0.0008917186471080641, 0.0009210126114339801, 0.0009381133349961601, 0.0009355245249025757, 0.0009109531034482642, 0.000811235156015755, 0.0010012960899985048, 0.000813370147261594, 0.00109257657895796, 0.0007918746546238253, 0.0005842541763968256, 0.0010133667856280226, 0.0008445153871434741, 0.0008383702763239854, 0.0008706822847670992, 0.0011257868805842008, 0.0007243700385515695, 0.0007824655769582023, 0.0006919837121131423, 0.0009517032096482581, 0.0008696422548382543, 0.0009700579263153486, 0.0008875960695149843, 0.0007046598409942817, 0.0008703837778739399, 0.0008640681816359574, 0.0006936442649021046, 0.0008246758556197164, 0.0006920861201251682, 0.0008126321567033301, 0.0008920332527850406, 0.0009664603941928363, 0.000745229860785912, 0.0006646511260441912, 0.000857844130769081, 0.0008370187617401826, 0.0007728247125669441, 0.0009853145681063325, 0.0008869135824170371, 0.0008346449221789953, 0.0008108115345748957, 0.0008072549499047454, 0.0006496894809970399, 0.0008411509932557237, 0.0009216262754762282, 0.0009129771297921251, 0.0005695530983757635, 0.0006521947684632323, 0.0009463977849918592, 0.0007289882320037578, 0.0009016123303808854, 0.0007354704470344586, 0.0007134561483326252, 0.0006137367377050396, 0.0007205928450730425, 0.0008955238545240718, 0.0005310551121510798, 0.0006059797959096613, 0.0004876176122706966, 0.000869195195264183, 0.0005656792558056623, 0.0008711537291674176, 0.0007877326515881578, 0.0008419980731559917, 0.0007484930033569981, 0.0006562692894476641, 0.0008101034943138075, 0.0006009467059811868, 0.0009548436892600876, 0.0008317981349136971, 0.0006146465571873705, 0.0005433907564110996, 0.0007473666932128253, 0.0008554838219424709, 0.0006954999086701719, 0.0008361550627341784, 0.0006464932402195701]
2025-12-23 09:11:43 - feda2ls - INFO - loss data:
2025-12-23 09:11:43 - feda2ls - INFO - [20.899050617218016, 9.504681566357611, 0.1795381415518932, 0.00484327056328766, 0.003456637333147228, 0.0026709400466643275, 0.0027936545462580397, 0.002686919760890305, 0.0028872219554614276, 0.002698471292387694, 0.002792736532865092, 0.0026192013727268206, 0.002755875315051526, 0.0026362743403296916, 0.002747693355195224, 0.0026228597096633168, 0.0026664582139346747, 0.002723232813877985, 0.0026860549929551784, 0.002561057326965965, 0.0024829213449265807, 0.002414725528797135, 0.002385912396130152, 0.002374724709079601, 0.0024838527431711556, 0.0022341348289046433, 0.002456304649240337, 0.0021302939654560763, 0.00247161942825187, 0.0021137659176019953, 0.0022438610263634472, 0.002042205253383145, 0.0022577595605980604, 0.0018874865461839365, 0.002131360676139593, 0.00220804672135273, 0.0019420120792347007, 0.0019004396584932693, 0.0019119417702313513, 0.0016946227828157135, 0.0019536457853973842, 0.0017542213856359013, 0.0015986043741577304, 0.0016627657081699, 0.0016289695791783742, 0.0016787371394457295, 0.0018706689312239177, 0.001521377423341619, 0.001574419514508918, 0.001329111678933259, 0.0016046824923250825, 0.0015519924920226911, 0.0015100245291250758, 0.0014282323983934476, 0.0014608727185986936, 0.0015394528694741894, 0.0014301503451861208, 0.001089339874124562, 0.0013148794561857356, 0.0014849437604425475, 0.00144714874913916, 0.0012526186372269876, 0.0014890631748130543, 0.001326166729995748, 0.001411307535636297, 0.0013736928813159466, 0.0014074578197323718, 0.0011211672645004, 0.0016113308563944885, 0.0011719139853084925, 0.0012371176770102467, 0.0011154382293170782, 0.001389978731458541, 0.0011216568604140776, 0.0012264140452316495, 0.0010418783756904304, 0.0011924446009288659, 0.0014591364291845822, 0.0014173627358104568, 0.0013789410746539942, 0.0010436249662234332, 0.0011008269806552563, 0.001087400276446715, 0.0009884056164082722, 0.0012510428750829305, 0.0011374371370038716, 0.0013322361672180704, 0.0012177757016615942, 0.0009447852798075474, 0.0011370449734386056, 0.001185929052917345, 0.0009501908160018502, 0.0011047376014175826, 0.001426132744018105, 0.0008071560603639227, 0.0010437607953463156, 0.0006655575213699195, 0.0011118779394564625, 0.0012776731049598312, 0.001056756194520858, 0.0010114339092979208, 0.0007527497758928803, 0.0013159531983546913, 0.0011663463053992018, 0.0008307629743285361, 0.001181605603051139, 0.0010583885339656262, 0.0010591911403025733, 0.0010839221218702732, 0.0007631506176039693, 0.0008843890562275191, 0.0009853049800767621, 0.0010833201862624265, 0.0009315293154941173, 0.0010125122596946312, 0.0009754719863849458, 0.000895510471855232, 0.0007740911829387187, 0.0009610927332687425, 0.0009607671678168117, 0.000753857609743136, 0.001035219668483478, 0.0010442841001349736, 0.0011182659542100736, 0.0012235828467964892, 0.0008154831626598025, 0.0008021937748708297, 0.0010453159376993427, 0.0008915489610444638, 0.0010956869718938833, 0.0010480031691258774, 0.0009559532376442804, 0.0007546412170995609, 0.001031066445648321, 0.0007078169654050725, 0.0009852798000792972, 0.0009335070974884729, 0.0009237770103936783, 0.0012175502368336312, 0.0008690562081028474, 0.0008644732441098312, 0.0009900548258883646, 0.000763202874622948, 0.0008832844016069429, 0.0007408959564600082, 0.000506477847648057, 0.0009541931627609302, 0.0009615009676963382, 0.0009196099290420534, 0.0008439492938123294, 0.0010682681731850607, 0.0008676320394442882, 0.0008466052089715958, 0.0007926286096335388, 0.0009758917921317335, 0.0006749719006620581, 0.0010069680074593634, 0.0008682104147737846, 0.0009415718472155276, 0.0005802974656035076, 0.000919516024805489, 0.0007245867334859212, 0.0010830048446223372, 0.0008189080406737048, 0.00082670890569716, 0.0008475871976770578, 0.0006654665832684259, 0.000786639267425926, 0.0011504725363920443, 0.000992334323564137, 0.0008211292689338733, 0.0007436149404384196, 0.0007518507470194891, 0.0009385542152813287, 0.0009438252289328376, 0.0007711674439633498, 0.0009463010695981211, 0.000730245910017402, 0.0006554765156579379, 0.0011171011286933209, 0.0007301031268980296, 0.0006472977831435856, 0.0006587130430489197, 0.0008762714101976599, 0.0008612536948930938, 0.0007328712088565225, 0.0007654945890863019, 0.0007064990042636055, 0.0006436478352043196, 0.0007917406701380969, 0.0008443589046692069, 0.0007245300961130851, 0.0007062790080453851, 0.0006504316630525864, 0.0007742124246760795, 0.0007405626978652436, 0.0007350740605488682, 0.001007153509726777, 0.0006143615181827044, 0.0007181223153793325]
2025-12-23 17:00:50 - feda2ls - INFO - loss data:
2025-12-23 17:00:50 - feda2ls - INFO - [20.95524582862854, 9.934107866883277, 0.24861629768274723, 0.019144396972842516, 0.003261140844551846, 0.002760111415409483, 0.00301862018823158, 0.002781396999489516, 0.002912821606150828, 0.002513242929126136, 0.002874316048109904, 0.002690215111942962, 0.0026903481164481493, 0.0026904324127826843, 0.0027646328264381735, 0.002672663898556493, 0.004637613683007658, 0.0026439018547534943, 0.00272106961638201, 0.002672884808271192, 0.0026777796389069407, 0.0025045850343303755, 0.0026572253933409232, 0.002371035807300359, 0.00258539663918782, 0.002453315458842553, 0.002441126183839515, 0.0022039572708308693, 0.0024288497341331096, 0.0021013357240008187, 0.0021592034085188058, 0.0020359299029223624, 0.0023642104439204562, 0.0022293356159934774, 0.002093258054810576, 0.0019872437114827335, 0.002136753418017179, 0.002015311509603634, 0.002255252387840301, 0.0018578757531940936, 0.002147936704568565, 0.0020878876035567377, 0.001964934528223239, 0.0018301699499716053, 0.002145994087914005, 0.0018878392715123483, 0.0018851336237275973, 0.0016221627563936635, 0.0021265590607072228, 0.0016816105213365517, 0.0019842711539240555, 0.0018054436819511467, 0.0016263704885204789, 0.001468590208241949, 0.0016809342429041862, 0.001581345486920327, 0.0016294823602947873, 0.0016843420366058127, 0.0018813746006344444, 0.0013912590438849293, 0.001372545343838283, 0.0014958605665015058, 0.0016836183720442932, 0.0013089670937915798, 0.0012384557638142725, 0.0015195941727142782, 0.0015563624016067478, 0.0012886510718089993, 0.001529825687612174, 0.001307105265732389, 0.0013924354323535226, 0.0012802296201698481, 0.001442796592891682, 0.0012855367080192082, 0.0013022697225096636, 0.0014518775446049404, 0.0012614851824764629, 0.0013957465427665739, 0.0014603595955122728, 0.0012558186557726004, 0.0013852984055120032, 0.0011744970965082758, 0.0013338497155928053, 0.0012313863528106593, 0.0011701828487275634, 0.0012498777363362024, 0.0013649151362187693, 0.001165702177968342, 0.001140234282502206, 0.0010438730838359333, 0.0012774575523508247, 0.0012375421771139371, 0.0012007797671685695, 0.0011275465280050413, 0.0010624286160236807, 0.0012199757682537892, 0.0010557966246778961, 0.0011832676049380098, 0.001071804811272159, 0.0011064243813962093, 0.0011334172580973246, 0.001151240353283356, 0.0011537109456185137, 0.0011930659762583672, 0.0011543751152203185, 0.0010689888600609264, 0.0009218154478730867, 0.0010429709244817787, 0.0010583616320218427, 0.0008661159807161311, 0.0009969807830202625, 0.0009480019440161413, 0.0010816685116878944, 0.0009345988915811176, 0.001158762173508876, 0.0008696436647369411, 0.0013498564389010427, 0.001134558678677422, 0.0009408441250343458, 0.0009198845165883541, 0.0010530090126849244, 0.000779310436337255, 0.0008740275592572289, 0.0010687580858757429, 0.0009711190226880717, 0.0010353166340792085, 0.0010109495493452413, 0.0008749795670155436, 0.001013888836678234, 0.0008874165876477491, 0.0009380272267662804, 0.000749542135054071, 0.0011183109931153013, 0.0008737383688639966, 0.001004973044655344, 0.0009156203346719848, 0.0008855970336298924, 0.0008951229352533118, 0.0009516560510746785, 0.0006144107429008727, 0.0007113189412848442, 0.0011789754264100339, 0.0009379958311910741, 0.0008690362210472813, 0.0010092864800753886, 0.0008155788156727795, 0.0008096270572423237, 0.0007161208566685672, 0.0008792980042471755, 0.000837074919945735, 0.0009153881241218187, 0.0007035945987809099, 0.0007889797036114033, 0.001007693816700339, 0.001069525179991615, 0.0011028413578969775, 0.0007403730694932164, 0.0008721865699044429, 0.0006638932228270278, 0.0007555869337011245, 0.0007801712479704292, 0.0010848812573385658, 0.0008712850181836983, 0.0007604643349623074, 0.0011067575189372292, 0.0007924336801806931, 0.0008030360499105882, 0.0010383717610238819, 0.000808189229155687, 0.0008043224319408183, 0.000934942884305201, 0.0006505659028334776, 0.0007441206584189787, 0.0007608909205373493, 0.0007416702708724187, 0.000698498255951563, 0.0008338007819475024, 0.000991227942358819, 0.0006927485037522274, 0.000623036715114722, 0.0006807185841353203, 0.0007635454101546201, 0.0008907998162612785, 0.0006809154887378099, 0.0007818341068968949, 0.0007157360816563596, 0.0008658566448502825, 0.0009854264706518733, 0.000831847736844793, 0.0010060310260087135, 0.0010590947988021072, 0.0007881067462221836, 0.0008273916262623971, 0.0007671070728974882, 0.0008182262910850114, 0.0008446606168945436, 0.0007559345292975194, 0.0008469487233014662, 0.0007706950951160251, 0.0010177415999351068]
2025-12-23 17:11:27 - feda2ls - INFO - loss data:
2025-12-23 17:11:27 - feda2ls - INFO - [21.158036851882933, 10.382386541366579, 0.2672704548574984, 0.007855224068043752, 0.0032714220695197584, 0.002765448793070391, 0.0028280841157538815, 0.0026884494902333243, 0.0028198388055898247, 0.0026657329581212252, 0.002709022560156882, 0.0027534339926205574, 0.0027283732750220226, 0.0026910613989457486, 0.002759832816082053, 0.002657959470525384, 0.002713516607764177, 0.002634124271571636, 0.0028078346396796404, 0.0025300008128397167, 0.0026124361000256615, 0.002503691241145134, 0.0027075250342022627, 0.002527472318615764, 0.002435587430954911, 0.0022069299739087, 0.002340015422669239, 0.00226128044014331, 0.002351631919736974, 0.0019027337024454028, 0.002207199821714312, 0.001892681245226413, 0.0018127201125025748, 0.0019423582329181955, 0.002100495017657522, 0.0017746032666764223, 0.002016208074928727, 0.001708635916293133, 0.0017763467054464853, 0.0018448648952471558, 0.0018891531712142751, 0.001555439787625801, 0.001673058036249131, 0.0014404928573640064, 0.0018676418279937935, 0.0015085156584973447, 0.0015165144825004973, 0.0017534556602186056, 0.0014794898554100655, 0.0013778829532384409, 0.0013888745139411184, 0.0015756263477669564, 0.0015501140558626502, 0.0014510312099446309, 0.0015619326135492884, 0.0013655533752171324, 0.0012970663061423692, 0.0014211318346497137, 0.0013091975481074767, 0.0015609553553076693, 0.001532315937220119, 0.0012710567061731126, 0.001553316507488489, 0.001361092965817079, 0.0011582796298171161, 0.00239855893960339, 0.001419327352050459, 0.0013027661072555928, 0.001359138451516628, 0.0012186505999125074, 0.0012330023946560686, 0.0012749613175401463, 0.0012170015776064246, 0.0012182539932837242, 0.0011842442134366137, 0.0011873280689542298, 0.0013286744338984135, 0.0010552570285653929, 0.0013837444421369582, 0.0010893008322454987, 0.0010335976043279516, 0.0010041975048807215, 0.0011588700304855592, 0.001158430762370699, 0.0008147778196871513, 0.001237543946081132, 0.0013575580600445392, 0.001283671566125122, 0.001123244782866095, 0.0009615706483600661, 0.0011789369586040267, 0.0010206437829765492, 0.0010737398552009836, 0.0010330846069336985, 0.0009902009729557903, 0.0011079957719630329, 0.0011345901351887734, 0.0010160910635022445, 0.0011685264178595389, 0.000954591843947128, 0.0009084878205612767, 0.0011649786760244752, 0.000994115444336785, 0.0010000009404393495, 0.001134964269658667, 0.0010055096121504904, 0.0011629328477283708, 0.0010002612267271615, 0.001299535297221155, 0.0009165035638943664, 0.000725792504454148, 0.0012574735192174558, 0.0009177881147479638, 0.0009593561563633556, 0.0009332749329587387, 0.0008904293373234395, 0.0008503862001816743, 0.000938266156026657, 0.0010521308107854566, 0.00090644691244961, 0.0009648762836150126, 0.0008549087673600297, 0.0011517070124682505, 0.0008983755091321654, 0.0009359036186651792, 0.00091747042388306, 0.0009418489969903022, 0.0008969154794613132, 0.0008069393910773215, 0.0010041450268545304, 0.0008030317508200824, 0.0011301058268145426, 0.0007909619760539499, 0.000581105978017149, 0.0010330651444292016, 0.0008335173626619508, 0.0008001885966677946, 0.0008805674287941656, 0.0011553105157872778, 0.0007112488081475021, 0.0007932749616884394, 0.0006835120147115959, 0.000976875740707328, 0.0008452478101389716, 0.000949620957908337, 0.0008755217944781179, 0.0006985829200857552, 0.0008797545751804137, 0.0008899240918253781, 0.0007098195073922398, 0.0008176373097739998, 0.0006787032150896266, 0.0008386663963392494, 0.000853567687317991, 0.0009319903500909278, 0.0006987314276557299, 0.0006606081328754954, 0.0008732344589589048, 0.0007943412587337662, 0.0007764275286717749, 0.0009744019415393268, 0.0008745707380512612, 0.0008077546903223265, 0.0008204836090953903, 0.0007836031714759883, 0.0006235905302673928, 0.0008405500097069307, 0.0009140426052454131, 0.0009160259318832687, 0.000559641509244102, 0.0006712173768391948, 0.00096489984271102, 0.000741068426759739, 0.0008881141833626317, 0.0007554907955636736, 0.0006983449492508953, 0.0006213741217834468, 0.0007300382646008075, 0.0009316835401477874, 0.0005194560910240398, 0.000584921570498409, 0.0004975114779881551, 0.0008406876175286015, 0.0005312129855610693, 0.0008998987197628594, 0.0007716133500707655, 0.0008539412699974491, 0.0007886917690484551, 0.0006469355200351857, 0.0008344350009792834, 0.0005886800375265011, 0.0009376166800393547, 0.0008081721254711738, 0.0006345227452584368, 0.0005345709090761374, 0.0006949640930542956, 0.0008093350348644889, 0.0006976657614359283, 0.0008236786742600088, 0.0007109059759386582]
2025-12-23 19:49:46 - feda2ls - INFO - loss data:
2025-12-23 19:49:46 - feda2ls - INFO - [21.158036851882933, 10.382386541366579, 0.2672704548574984, 0.007855224068043752, 0.0032714220695197584, 0.002765448793070391, 0.0028280841157538815, 0.0026884494902333243, 0.0028198388055898247, 0.0026657329581212252, 0.002709022560156882, 0.0027534339926205574, 0.0027283732750220226, 0.0026910613989457486, 0.002759832816082053, 0.002657959470525384, 0.002713516607764177, 0.002634124271571636, 0.0028078346396796404, 0.0025300008128397167, 0.0026124361000256615, 0.002505332752480172, 0.0027044067042879764, 0.002525988552952185, 0.0024295599287142977, 0.0022140564367873596, 0.0023297274688957263, 0.0022491979121696203, 0.0023266730946488678, 0.0018703124398598448, 0.0021664111671270804, 0.0018374648308963515, 0.0017725314348354005, 0.0020174222117930185, 0.0021208593709161503, 0.001758645215886645, 0.0020502095198025923, 0.0017314815748250114, 0.0018079665227560327, 0.0018142316854209638, 0.0018936834239866585, 0.001548155899217818, 0.0016614429798210038, 0.0014191367954481393, 0.0019008948445844, 0.0014689084709971212, 0.0015471338527277114, 0.0016724467153835577, 0.0014767922653845743, 0.0013633043199661188, 0.0013845625282556285, 0.0016227628650085535, 0.0015500197041546926, 0.0013984938952489754, 0.0015621522688888945, 0.0013439322690828703, 0.0013340133729798254, 0.0013849823917553294, 0.0013454033469315618, 0.0015495096198719694, 0.0015472561324713753, 0.0012973815144505354, 0.00156105099740671, 0.0014007544130436147, 0.0011694032138620967, 0.001957280960778007, 0.0014303952470072546, 0.0012906864103570115, 0.0013651919922267552, 0.0012002875737380236, 0.0011852477757201996, 0.0012569082398840691, 0.0012657743798627052, 0.001217638140224153, 0.0011969528532063123, 0.0011506255375934417, 0.0012949294978170656, 0.001054318650130881, 0.0014185296276991721, 0.0011345855469699017, 0.0009714898096717661, 0.0010543749733187724, 0.0011968008024268784, 0.00115647942693613, 0.000783639158726146, 0.001284145476165577, 0.0013222691596638469, 0.0012670236887061038, 0.0011128706020826938, 0.0009483378198638093, 0.0011889477667864413, 0.001004014813588583, 0.00108688843465643, 0.0010188726320848219, 0.0009605492094124201, 0.0010758328180600074, 0.0011394544497306924, 0.001030749172241485, 0.001159215464213048, 0.0009293434532082756, 0.0009115777609622455, 0.001189846868510358, 0.0009944553359673592, 0.0009463955075261765, 0.0011250413555899284, 0.0010051995479443574, 0.0011700311399181372, 0.0009896334900986402, 0.0014624935640313195, 0.0009293337740018615, 0.0007220609926662292, 0.0012254745070094941, 0.0008858715340466007, 0.0009336416423138871, 0.0009937995624568429, 0.0008870932749232452, 0.0008615702776296531, 0.0009444152036849118, 0.00105594222959553, 0.0008540572791389423, 0.0010258221493131714, 0.0008399812581046718, 0.0011775749786465894, 0.0009053693251189544, 0.0009094207725865999, 0.0009184688198729419, 0.0008921015891246497, 0.0009248099067917792, 0.00080308936039728, 0.0009673549202489085, 0.0007860469482693589, 0.001117157501357724, 0.00079246154973589, 0.0005585853136835794, 0.0010412931949304038, 0.000843384855579643, 0.0008408779646742915, 0.0008941799831518437, 0.0010661883453394693, 0.0006798701495426939, 0.0008014991190066212, 0.000698595044650574, 0.0009913841144225445, 0.0008671549869177398, 0.0010524325423830305, 0.0009053220503119519, 0.000697669467626838, 0.0008601462421211181, 0.0009306517051300034, 0.0006996261578024132, 0.0008407147317484487, 0.0007158218978474905, 0.0008702650393388467, 0.0008770083167291888, 0.0009529717322948273, 0.0007383359500636288, 0.0006600987116144097, 0.0008606887296991772, 0.0007918047575003583, 0.0008092001669865567, 0.0009848812483596702, 0.0009144294009274745, 0.0008428389668551973, 0.0008297555283206748, 0.0007881097239078372, 0.0006259182349822367, 0.000864471369459352, 0.0009319883488387859, 0.00091782981853612, 0.0005766096919614938, 0.0006591500600734435, 0.0009954190893949999, 0.0007393906803372374, 0.0009316284192209423, 0.0007808345195371657, 0.0007613021018187283, 0.0006220008492164198, 0.0007704789486524533, 0.0009434602548935799, 0.0005498179614733089, 0.0006145192030999169, 0.0005515227575415339, 0.0008753141319175484, 0.0005749734484197689, 0.0009207409242662835, 0.0007896402813457825, 0.0008436965990767931, 0.0007959930203924159, 0.0006499326744233258, 0.0008064800665124495, 0.0006534719950650469, 0.0009942367709300016, 0.0008365583756130945, 0.0006789409691009495, 0.0005804331081890268, 0.0007186729739260046, 0.0008380120956644533, 0.0007343054421653505, 0.0008242880447141942, 0.0006935855826668558]
2025-12-23 19:50:16 - feda2ls - INFO - loss data:
2025-12-23 19:50:16 - feda2ls - INFO - [20.95524582862854, 9.934107866883277, 0.24861629768274723, 0.019144396972842516, 0.003261140844551846, 0.002760111415409483, 0.00301862018823158, 0.002781396999489516, 0.002912821606150828, 0.002513242929126136, 0.002874316048109904, 0.002690215111942962, 0.0026903481164481493, 0.0026904324127826843, 0.0027646328264381735, 0.002672663898556493, 0.004637613683007658, 0.0026439018547534943, 0.00272106961638201, 0.002672884808271192, 0.0026777796389069407, 0.0025085918518016116, 0.0026612424582708625, 0.0023618765204446394, 0.0024056964030023664, 0.002310104880598374, 0.002380686916876584, 0.0021357225690735505, 0.0022956195927690713, 0.002039291456458159, 0.00210911262256559, 0.0019877661747159437, 0.002268036064924672, 0.002172348630847409, 0.001956838258774951, 0.0018293652625288813, 0.0019897728896467017, 0.0019093675204203465, 0.0021683044731616976, 0.001857183632455417, 0.0020481617742916566, 0.00197722167649772, 0.0019082541344687342, 0.0017993214118178003, 0.00198479404207319, 0.0017632328905165195, 0.0018951607897179203, 0.0015764704789035023, 0.0020940388087183235, 0.0016808754357043655, 0.001992242982669268, 0.0017212292965268715, 0.0016800795099698009, 0.0014487593900412322, 0.0017355799398501403, 0.0015442224830621853, 0.0016053859420935624, 0.0016248369705863298, 0.0017878935432236176, 0.0013511892277165316, 0.0013147876334187458, 0.0014821167897025589, 0.0016763357984018513, 0.00127118772797985, 0.001298117800615728, 0.0015136409005208407, 0.0015155317454627949, 0.001258053242781898, 0.0015541413289611229, 0.0012589606099936645, 0.0013060142598988024, 0.001190148606110597, 0.00137512960791355, 0.0013089182582916694, 0.0013112722139339895, 0.0014627450487751047, 0.0011822571927041282, 0.0013770915211352985, 0.0014096478596911765, 0.0012527812003099825, 0.00135078540770337, 0.0011352339926816056, 0.0012630780820472864, 0.0011712176743458257, 0.0011800283449701966, 0.001265839671214053, 0.0012955866033735218, 0.0011411030624003614, 0.0011113926611869829, 0.001098879049459356, 0.00121808653093467, 0.0012910327975987456, 0.0011055296603444732, 0.0011246125915931769, 0.0010144344098080183, 0.0011696494311763672, 0.0011163519233377884, 0.001177162993553793, 0.0010778656071124715, 0.0010589627401714097, 0.0010744508836069144, 0.0011927738445592696, 0.0011097533302745432, 0.0011768473872507458, 0.0010085746569529874, 0.0010993830706865992, 0.0009136880007645232, 0.0010648248879078892, 0.0010797013263072587, 0.0008445322373518138, 0.000881294298596913, 0.001033373016252881, 0.0011218783787626308, 0.0008669880597153678, 0.0011109566697996343, 0.0008789500410784968, 0.001329594012349844, 0.0010716053162468596, 0.0009283047309509129, 0.0009690931381555856, 0.0009985431455788786, 0.0007036691778921523, 0.0009324056176410523, 0.0010037607879894495, 0.0009750771840117522, 0.0009669089027738665, 0.0009985258289816556, 0.0009232589458406437, 0.0009863331040833147, 0.0008470114560623187, 0.0010138418827409623, 0.0007732633479463402, 0.0010943697938273545, 0.0008623419318610104, 0.0009880254667223199, 0.0008652062317196396, 0.0008845165533784893, 0.0009151358653070929, 0.0009425836320588133, 0.0006464384669015999, 0.0006979096458053391, 0.0011348741012625397, 0.0009030218390762457, 0.0008714921539649368, 0.0010448420616739895, 0.0008314499686093768, 0.0008068886265391484, 0.0007719678800640395, 0.0009468494555221696, 0.0008240426009251678, 0.0009613763642846606, 0.0007807419082382694, 0.0007990650043211645, 0.0010280220931235817, 0.001091175681904133, 0.001139841655822238, 0.000720488672322972, 0.0008607243144069798, 0.000681430506392644, 0.0007374771870672704, 0.0008427127879258478, 0.0010121671778506426, 0.0008972137107775779, 0.0007607562247358146, 0.0011226151935261443, 0.0008009382101590746, 0.000836603861534968, 0.0010967694382998162, 0.0007950510309001403, 0.0008658472077513579, 0.0009661286177106375, 0.000606045617860218, 0.0007732694959486253, 0.0007569768287794432, 0.000781359602115117, 0.0007319657976950112, 0.0008215580370233511, 0.0010445033050928032, 0.0007421935444654082, 0.0005994660159558407, 0.0007090085829076998, 0.0008280921083496651, 0.0008881750873115379, 0.0007110876133083366, 0.0008052701904034621, 0.0007183096397056943, 0.0009372396536491579, 0.0010157410968531621, 0.0008031417597521795, 0.001023705100942607, 0.0010179723474720958, 0.0007990988281562749, 0.0008280785239549004, 0.0008245351278674206, 0.000843113407609053, 0.0009110740909818559, 0.0007300517243493232, 0.0008831436811306048, 0.0008192307271656319, 0.0009875757637928472]
