2025-11-06 08:56:22 - ffalora - INFO - loss data:
2025-11-06 08:56:22 - ffalora - INFO - [0.5294960705055431, 0.955463245511055, 0.5379153667864474, 0.5557421993257271, 0.5017029350357396, 0.5322225888570149, 0.5093376564660242, 1.4114452766254544, 1.0663008093833923, 0.4515654320518176, 0.2807529340629117, 0.6661428196821362, 0.6555274203419685, 0.5029730333813599, 0.3358944356441498, 0.18079225029796364, 1.0085750222206116, 0.2391978042303688, 0.2795761983309473, 0.5361168316550902, 0.26955680069416055, 0.4378011186031573, 0.5074596281599952, 0.38868870255019927, 0.6001326638377376, 0.5332619398832321, 0.412624599581415, 0.3918377906836644, 0.3354690650647337, 0.6287068175998601, 0.8387271799147129, 0.4053761400282383, 0.2652280473460754, 0.1813842828075091, 0.8830883608510096, 0.495594073086977, 0.34453653655946254, 0.7450955249369144, 0.5349334515631199, 0.5103335777918497, 0.40528613874422653, 0.8389351154592904, 0.40046675155560174, 0.4856860140959422, 0.35901156812906265, 0.34745903091416475, 0.4254609153916438, 0.5559085942804813, 0.3297997715306424, 0.3159748257862197, 0.2900505915961482, 0.33181251399219036, 0.25925962565605815, 1.5872703550073008, 0.3515057073802584, 0.36953696898288196, 0.39102611069877946, 0.47207203414291143, 0.47268231213092804, 0.627285361289978, 0.31495641349326997, 0.7804474160075188, 0.23917675923023907, 0.0978942874166283, 0.6216451716091898, 0.6517189287326552, 0.944703821092844, 0.34233791070679825, 1.438366323709488, 0.3583700132245819, 0.6659717272656659, 0.40762624809576664, 0.4724033772945404, 0.7631018459796906, 0.3411885644450332, 0.42839094578768266, 0.9009828716516495, 0.3615209240880277, 0.19951194602207661, 0.8227636888623238, 0.3302237240390645, 0.39070845395326614, 0.5350339408207219, 1.6607207828624682, 0.23833558605143074, 0.6631775498390198, 0.8249446228146553, 0.4054345563054085, 0.5247157212685455, 0.7643819318877326, 0.4543822593986988, 0.2553303333450899, 1.16744065284729, 0.4863004545596513, 0.3117919471114874, 0.29185091171945843, 1.071916751563549, 0.43062035366892815, 0.3968295312176148, 0.4517360321349568, 0.28907824431856477, 0.73123349994421, 0.30788488076491793, 0.5717175135921155, 0.7105424143373966, 0.5951025821268559, 0.38096719048917294, 0.2988994951463408, 0.3784227482974529, 0.41118387008706725, 0.2570326816379314, 0.24185393191874027, 0.36598268506641035, 0.8387913158671423, 0.33138249441981316, 0.3811813591580306, 0.3383434155598434, 0.29443930089473724, 0.2387886131182313, 0.5877070762217045, 0.41912973459277836, 0.2522173132747412, 0.29099956762400414, 0.24653958517407615, 0.24628398407782828, 0.7017727214843035, 0.40096747875213623, 0.47546184808015823, 0.28049277514219284, 0.32417145354503935, 0.40360120754339734, 1.8158948067575693, 0.24533374600319396, 0.5235230698052681, 0.8094445765018463, 0.3931811659463814, 0.7037084139883518, 0.3969578966498375, 0.5746007189154625, 0.31249343210624325, 0.2584577165544033, 0.29165528426793486, 0.5811735896600617, 0.5017556566745043, 0.281058637632264, 0.2791135752839702, 0.23572253600383797, 0.32443757568086895, 0.444761479480399, 0.2803341609736284, 0.34717814147762666, 0.4546108525246382, 0.24007720217729608, 0.13789586024358869, 0.37066885150436846, 0.21888092532753944, 0.7604500597032409, 0.6006839531991217, 0.3008341225130218, 0.3657755736976561, 0.31419765850795167, 0.13993183399240178, 1.0646043370167415, 0.46318898198660463, 1.7835298693842359, 0.5883753639504765, 0.8024882904507897, 0.37249337426490253, 0.46564341336488724, 0.39574300684034824, 0.37660291902237125, 0.47147856117226183, 0.49843353846420846, 0.39342456559340155, 1.1161213964223862, 0.8475757973002536, 0.9869798169072186, 0.7772482130676508, 1.1338162124156952, 0.6928190683776683, 0.5365437008440495, 0.24685100259052384, 0.4403289272026582, 0.3822244845330715, 0.5497422902421518, 0.8240422308444977, 0.5193056447262114, 0.30840221927924594, 0.44884883578528056, 0.6785963190098604, 0.356296935384827, 0.5085063431073319, 0.3724227291014459, 0.5457675672239728, 0.6416910642551051, 0.5480723178812436, 0.24743569110121044, 0.519766435704448, 0.2368096208998135, 0.2563712460299333]
2025-11-10 08:36:10 - ffalora - INFO - loss data:
2025-11-10 08:36:10 - ffalora - INFO - [0.5226268129931255, 0.8983658254146576, 0.5181319761851972, 0.5616399596134822, 0.4492572226694652, 0.552485001583894, 0.5272766442171165, 1.381287437925736, 1.06122534804874, 0.45094307512044907, 0.2882385201999568, 0.6712776101194322, 0.649806691502983, 0.48849585918443544, 0.43494338542222977, 0.20489055983101329, 0.9232033118605614, 0.2343154248729762, 0.32807437144219875, 0.2690345294031431, 0.25297701222351116, 0.4189358907835817, 0.5244217707804637, 0.4314442492193646, 0.5979739183353053, 0.4892422892153263, 0.4054927555373823, 0.37773112535025133, 0.2752527984028513, 0.5803847949613224, 0.642644252628088, 0.3482939023524523, 0.27536429464817047, 0.1769883432231533, 1.000862629049354, 0.5928986668586731, 0.31617457140237093, 0.6074476912617683, 0.48063426092267036, 0.42782296364506084, 0.4308681655675173, 0.45666615512560715, 0.1963744871939222, 0.45004144973225063, 0.3867787631849448, 0.34216323565869106, 0.5113443701217572, 0.36341108195483685, 0.3447953841782042, 0.2929199967119429, 0.346215428953821, 0.36420035921037197, 0.2430194499402003, 1.788748648762703, 0.31126276010440457, 0.3745807396492573, 0.3767789155244827, 0.44473244001468026, 0.3989012613892555, 0.4045528918504715, 0.32733149514607496, 0.5791864581406116, 0.23013655016464846, 0.09609808189852628, 0.5382906831800938, 0.5267841416326436, 0.7807913608849049, 0.29086542120646863, 1.9388416111469269, 0.4090016681390504, 0.5293062434066087, 0.6519802120572422, 0.4331919733773578, 0.8632750511169434, 0.3523972644047304, 0.4367038571473324, 0.8540601544082165, 0.40140586263603634, 0.19609227838730228, 0.6136281043291092, 0.3852025460865762, 0.5367315299808979, 0.43519014040066395, 1.9306797635826198, 0.21931317327527924, 0.6988536459393799, 0.8996969362099965, 0.35837792356808984, 0.3469094441018321, 0.6080927703943517, 0.2887545442208648, 0.2793596374082633, 1.4718040525913239, 0.5109266543930227, 0.3272917764261365, 0.28728585158075604, 1.4172958806157112, 0.49905015528202057, 0.2771933016677698, 0.4983993156088723, 0.3224005347324742, 0.30727437138557434, 0.2925113388760523, 0.594942192214408, 0.42032045498490334, 0.36700981855392456, 0.35021459124982357, 0.2758105697317256, 0.16804438270628452, 0.5367976166307926, 0.251151555745552, 0.3369668158037322, 0.31613707905926275, 0.7547189202159643, 0.17412984184920788, 0.37015099943216356, 0.3497813568648064, 0.27318597212433815, 0.2612455105409026, 0.548180166631937, 0.40197412812380817, 0.2884621247649193, 0.3244294183195702, 0.2627770001039145, 0.19692763486610992, 0.7200723569840193, 0.47036580741405487, 0.2782966885715723, 0.3003131374716759, 0.316893498195553, 0.4543575288058491, 2.2214305278445994, 0.24002526559763485, 0.5206510212761586, 0.7405506322781246, 0.30814208436225143, 0.859510850161314, 0.4626716710627079, 0.24024592712521553, 0.3417051190303432, 0.24164739903062582, 0.31633845513517206, 0.3373348406619496, 0.43057980202138424, 0.3268868753479587, 0.22329480507011926, 0.1599414052441716, 0.27597080490418846, 0.4932447179324097, 0.2543154681722323, 0.3189411498364303, 0.3213544777993645, 0.19293271865074835, 0.16269744238816203, 0.3593888801655599, 0.30861689150333405, 0.9103034380823374, 0.5406581428315904, 0.33324165695479935, 0.3702960243316913, 0.30127069007250523, 0.10632300522799293, 1.1807446492214997, 0.2543679206399247, 1.8439626412259207, 0.5328054837882519, 0.8412053622305393, 0.44646917366319233, 0.4256781985362371, 0.35605302887658274, 0.3432723534861942, 0.22842354122549297, 0.5933681557886302, 0.4124886308175822, 1.460998544262515, 0.8596249137605939, 0.8442155584426863, 0.9509791812992522, 0.8280478566884995, 0.39043750309131364, 0.5421306267380714, 0.2577594355162647, 0.4292105057022788, 0.4110453737899661, 0.5861515859988603, 0.9781927615404129, 0.5741417902437124, 0.30905096359889617, 0.5045706196264788, 0.7006946926315625, 0.41185214929282665, 0.47377609597011044, 0.47493554941482014, 0.5013622931308217, 0.6252808690898948, 0.3745765547667231, 0.2150024856839861, 0.5077766982669181, 0.22298130818775722, 0.20837619733065366]
2025-11-10 22:42:38 - ffalora - INFO - loss data:
2025-11-10 22:42:38 - ffalora - INFO - [0.522895460948348, 0.9538592100143433, 0.539910826832056, 0.5572234590848286, 0.4803345091640949, 0.5576052491863568, 0.5283879525959492, 1.4526956787332892, 1.0670341046320067, 0.4752156635125478, 0.28386188177682925, 0.8417590085882694, 0.8724928759038448, 0.619931059224265, 0.40694500505924225, 0.20126434871926904, 0.9008785113692284, 0.24500178387905988, 0.2573155853897333, 0.3442115372599801, 0.25480055785274913, 0.4098563458608017, 0.6323889172781492, 0.3692155314816369, 0.6277260093225373, 0.5824605189263821, 0.41077802868352997, 0.3579744912232413, 0.3221016936004162, 0.7339068061926148, 0.766004852950573, 0.3961731977760792, 0.30107329351206624, 0.10119360720273107, 0.912869067927305, 0.5959506606062253, 0.3380461201692621, 0.8971068821847439, 0.6397468075156212, 0.3532366529107094, 0.4168392385223082, 0.5107345738532868, 0.293368346678714, 0.43570473086502814, 0.3589160516858101, 0.3355318999124898, 0.43521673853198684, 0.43310094997286797, 0.3515186383433285, 0.3030842762026522, 0.2684656005691398, 0.39825684328873956, 0.2623770558470925, 1.6563736299363276, 0.31317232003332013, 0.3568921579857065, 0.4440163572629293, 0.4062786164383093, 0.5397259965538979, 0.6442942842841148, 0.32892056394900593, 0.6431712098419666, 0.2950829065271786, 0.11135350603685115, 0.5412145079010062, 0.6121976433152503, 0.9398108199238777, 0.33212361662160783, 1.5577601492404938, 0.3572157989256084, 0.6023552368084589, 0.6953365850247792, 0.4136887094513937, 0.9299599379301071, 0.33377273674264096, 0.40656356287725043, 0.7964302053054174, 0.38244494588838684, 0.20838784779400818, 0.7527099624276161, 0.38356980184714, 0.5947943776845932, 0.4309726829495048, 1.7137205326421694, 0.22335757094179928, 0.46661002561450005, 1.0545011833310127, 0.3774433570603529, 0.3443776275962591, 0.9192119439442953, 0.3833797238767147, 0.24936179921143886, 1.3570728302001953, 0.5829557566480204, 0.4655782952904701, 0.3500371742993593, 1.004125952720642, 0.5006776824593544, 0.39012240494290984, 0.46145459512869513, 0.30965375113818383, 0.32437740452587605, 0.33912406116724014, 0.7006383375929934, 0.30068880319595337, 0.27885403111577034, 0.3944479674100876, 0.3346091229468584, 0.21230926737189293, 0.4783557243645191, 0.2314111079355436, 0.22057803427534445, 0.3400417104217922, 0.7649577502161264, 0.24111424013972282, 0.3768220952312861, 0.3547051310200583, 0.35875585302710533, 0.26682707760483027, 0.6071051638573408, 0.4627104892649434, 0.2513240724802017, 0.36649423064664005, 0.28551640331981676, 0.23053639799001668, 0.7950440514832735, 0.4676567614078522, 0.4035477116703987, 0.3819081299006939, 0.2991564048502546, 0.45667517695983406, 1.8012999490435635, 0.2452805955687331, 0.4964227600004336, 0.8415585458278656, 0.4065040440431663, 1.0135537199676037, 0.5224595367908478, 0.2972663417458534, 0.33371723546750015, 0.328877342864871, 0.2721154256300493, 0.3099577815996276, 0.5642262063920498, 0.3567512151267793, 0.29836050301258055, 0.23473891929412882, 0.268870388556804, 0.5797714466849963, 0.3021014945374595, 0.3336595344998233, 0.5849308925015586, 0.3008971149412294, 0.15639019650407135, 0.3894165956548282, 0.25381946191191673, 0.7416618836836683, 0.7055445959170659, 0.4216873342437404, 0.38522300626518147, 0.31072377643237514, 0.11332033307602007, 1.1837278480331104, 0.22773757963441313, 1.92751630809572, 0.539972215439334, 1.0110979994589633, 0.48106370121240616, 0.4413834884762764, 0.3796599432826042, 0.3162030171748106, 0.2767410623840988, 0.7037003957045576, 0.42650518628458184, 1.0494685330324702, 1.0051290028329407, 1.1565629502625339, 0.695554543419608, 0.9142545685172081, 0.41978431797840376, 0.6821020767092705, 0.30078249548872316, 0.4676426594907587, 0.421795050924023, 0.577865539287979, 0.9709950387477875, 0.6057838936421004, 0.2813551856035536, 0.5665178627453067, 0.7502753970523676, 0.3005725016950497, 0.484188226474957, 0.40746256667706704, 0.6601856547511287, 0.6850747457808919, 0.27203238968338284, 0.23414964228868484, 0.5572523359547962, 0.31306536176374977, 0.2066900074481964]
2025-11-11 17:39:07 - ffalora - INFO - loss data:
2025-11-11 17:39:07 - ffalora - INFO - [0.514634932814674, 1.0094399005174637, 0.5404403069141237, 0.5560527359031968, 0.5117804589016097, 0.5464446395635605, 0.5197492146066257, 1.5008872865388792, 1.1149007255832355, 0.46215058614810306, 0.27274953572050437, 1.0193945169448853, 0.7936507995155725, 0.6416589697556836, 0.38889679312705994, 0.18266097167506812, 0.8963493704795837, 0.2623405041328321, 0.34982059550072464, 0.4843043213273631, 0.21755309927869926, 0.4353960428640776, 0.49192388586889135, 0.39746274964676964, 0.6475168576257097, 0.5870936922729015, 0.41200889229322923, 0.38935635396928503, 0.3188848343085159, 0.5351717170666564, 0.4785232786089182, 0.3068966791033745, 0.3095455582564076, 0.13828245697853467, 1.3036766391661432, 0.5213760696351528, 0.3529169508566459, 0.7736851125955582, 0.4920661933720112, 0.4421818032860756, 0.40877409651875496, 0.47189482064409694, 0.2725003965198994, 0.47672006487846375, 0.32385940228899324, 0.35312870097538784, 0.4973209835588932, 0.3006057757884264, 0.33424621545487926, 0.31243641260597443, 0.2869332463226535, 0.4518013298511505, 0.2540908176113994, 1.3331016092871626, 0.3180604056429325, 0.37293664614359534, 0.5135418375333151, 0.338934830079476, 0.40205202996730804, 0.5610028654336929, 0.3320063866734032, 0.5897861458361149, 0.26297457649239475, 0.10670858407268367, 0.5008515984647803, 0.5709264291958376, 0.6446076137945056, 0.2984725207622562, 1.640627145767212, 0.40943019309391576, 0.6214545681917419, 0.6256536036918987, 0.48052909259091725, 1.2829586863517761, 0.32218898945685587, 0.5011423538918748, 0.6739655919373035, 0.3936234998206297, 0.2003606987926601, 0.8524403944611549, 0.3869866074787246, 0.385408490896225, 0.36217407653166445, 1.8596571600911291, 0.23587775883335982, 0.48431425087619573, 0.6872099128862222, 0.5477811843156815, 0.502724298868667, 0.5807549332578977, 0.3937266692519188, 0.25195639181995033, 1.6195922195911407, 0.46197009493004193, 0.23569860309362411, 0.3052057669098888, 1.0648584390679996, 0.46075375378131866, 0.3653985417137543, 0.3711339794099331, 0.31453313223189777, 0.3037909222766757, 0.2991768169132146, 0.6715351526758501, 0.5282476861029863, 0.3465571999549866, 0.3682135231792927, 0.29285495459205574, 0.20752880349755287, 0.3606922642017404, 0.2675447912044113, 0.23180615529417992, 0.45522847894753793, 0.7428242181512442, 0.19717074558138847, 0.36647603128637585, 0.34587559841497983, 0.21117875259369612, 0.21993697434663773, 0.5290795173496008, 0.42818705556164316, 0.22373422421514988, 0.3313141742898595, 0.26557362224492764, 0.21126172319054604, 0.7281515058130026, 0.32092199474573135, 0.3983552008867264, 0.3277503587305546, 0.3135249545531613, 0.427394381549675, 1.6783210241368838, 0.24902134268130693, 0.5313403906319478, 0.827479898929596, 0.3739066517778805, 0.785449730232358, 0.4026079010218382, 0.3442471772432327, 0.3194554955181148, 0.2876248611137271, 0.2860727992586114, 0.4488518780304326, 0.5331721380352974, 0.26666216345296967, 0.25723552517592907, 0.2081735400793453, 0.30994675068983013, 0.5109518739498324, 0.27262381547027165, 0.3337761521968362, 0.38690173466290745, 0.23631759484608966, 0.19554737932921853, 0.3794073611497879, 0.33476823940873146, 0.7852360722091463, 0.7388236679964595, 0.317734814115933, 0.37620867811369174, 0.30385120245406316, 0.12122168078397712, 1.1736102278033893, 0.19599626639392226, 1.9416474037700229, 0.5076949867335233, 0.9707732539285313, 0.3464437590705024, 0.43874382972717285, 0.3953920093675455, 0.3370600075690777, 0.4187795341014862, 0.811240023933351, 0.4749226688096921, 1.1627711078359022, 0.758740372689707, 0.8697152326681784, 0.7641451215105397, 0.7923099249601364, 0.5626994009045038, 0.6445037610828876, 0.2733872876399093, 0.47416685724800284, 0.42054547810306153, 0.5509337359531359, 0.8782590329647064, 0.5977337316355922, 0.28557726080444723, 0.6550567549738017, 0.7533125666280588, 0.31451665317373617, 0.5292086716402661, 0.5070694300035635, 0.48200242552492356, 0.7198587738805347, 0.49892706197819536, 0.2201640031167439, 0.5584481981667605, 0.2557162791490555, 0.2155600780000289]
2025-11-13 23:12:19 - ffalora - INFO - loss data:
2025-11-13 23:12:19 - ffalora - INFO - [0.5079062699594281, 1.1413711309432983, 0.5862967844375155, 0.5748307001259592, 0.536130674715553, 0.5721518720189731, 0.6054930894502571, 1.2849002602199713, 1.2450084976024098, 0.5278086438775063, 0.3698785394313745, 0.8666050881147385, 1.3070274523713372, 0.9429990792913097, 0.5599556416273117, 0.2653536895910899, 1.284044325351715, 0.2936065923422575, 0.3806463825915541, 0.5248315399134299, 0.301507465261966, 0.4978358885583778, 0.9356364310282516, 0.49044302602608997, 0.5887379226171308, 0.6259891223162413, 0.5160186928555821, 0.4642566955375551, 0.32772441140630026, 0.7947566299275919, 0.8260869509540498, 0.4256719574332237, 0.4177402456601461, 0.15979641551772752, 0.7957606497738097, 0.5715624392032623, 0.3661373736957709, 0.9895908944308758, 0.9947149008512497, 0.388851668064793, 0.46106446674093604, 0.6005824712867087, 0.3135709236065547, 0.5236912957496114, 0.40723708768685657, 0.3963374331711777, 0.49316108350952464, 0.4841262027621269, 0.4103216055248465, 0.34662872263126904, 0.30886793001131574, 0.5163630474772718, 0.30093157894540734, 1.3996017211737732, 0.3986723142055174, 0.4213673158953286, 0.6123440787196159, 0.5151453179617722, 0.42965666204690933, 0.5749072656035423, 0.37052201639328686, 0.6731647364795208, 0.3174027380134378, 0.11981734310247702, 0.748131550848484, 0.40583535825664346, 0.7460493966937065, 0.3392671345777455, 1.666460007429123, 0.5522291256735722, 0.8264705347828567, 0.5893302840006072, 0.5215929492630742, 0.754172757267952, 0.38575375057531125, 0.46116671225789824, 0.7679223492741585, 0.4454221667514907, 0.23958991642099467, 0.6794320493936539, 0.3654845485256778, 0.530729316174984, 0.44828392573399467, 1.4641747183420442, 0.28254405018427253, 0.7384281381964684, 0.9977605951329072, 0.40979474782943726, 0.5053169087252833, 0.6884141038689349, 0.4558458551764488, 0.2935529604723508, 1.75436270236969, 0.7240113070742651, 0.3105360083281994, 0.4266286109175001, 1.1114498029152553, 0.6272832304239273, 0.4788741022348404, 0.42693321572409737, 0.37139599439170623, 0.38558194786310196, 0.36949767426333646, 0.7561471409031323, 0.5872717574238777, 0.5524496845901012, 0.46469027176499367, 0.40025472889343894, 0.34316565096378326, 0.4378155327091614, 0.3049898323159488, 0.2974963228085211, 0.41018070245627314, 0.7303820482709191, 0.2776700109243393, 0.3870928111885275, 0.39160666150050333, 0.3323688767850399, 0.2935097087174654, 0.5540827047079802, 0.5381221155841629, 0.2666847500950098, 0.4263089904339895, 0.30243378153277767, 0.2449298281045187, 0.8562127202749252, 0.41052548214793205, 0.4926169589161873, 0.5610273405909538, 0.34774744684820047, 0.47620941245695575, 1.6698260988507951, 0.28067246447834704, 0.7485472331143389, 0.6880562553803127, 0.3851666509040764, 0.8194574862718582, 0.5133448131382465, 0.379179023206234, 0.4262560076183743, 0.3271364066749811, 0.3593307628550313, 0.4142560391790337, 0.5930016655474901, 0.3141591532362832, 0.31754608558756964, 0.23618535175919533, 0.39384621701070244, 0.6625124344395267, 0.31805562269356513, 0.41449769852416857, 0.34065184409597093, 0.31927056349813937, 0.17555115977302194, 0.38850425795785015, 0.34278617054224014, 0.8673841037477056, 1.0794779260953267, 0.23418576908963068, 0.5504687691878791, 0.30376407238876535, 0.15223480310911933, 1.293300208946069, 0.5331207226961852, 1.9499270932541952, 0.6251579930610729, 1.3824272853406994, 0.4102216354674763, 0.42608597377936047, 0.49782954901456833, 0.3439750975941296, 0.48518097223713996, 0.7079773485970994, 0.4691938189789653, 1.251038613004817, 0.8559836580285004, 0.9869414991033929, 0.973480518109032, 1.0940265655517578, 0.6471335054798559, 0.7153061851859093, 0.3173748627305031, 0.5459399751641534, 0.5322186381866535, 0.6453536505048925, 1.0139165967702866, 0.6500230116600341, 0.30528719697824935, 0.6667059602385217, 0.8047758191823959, 0.4483472539910248, 0.5493373657492073, 0.5710104298260477, 0.5855052686399884, 0.7809402917822201, 0.6054914857127837, 0.29140822855489595, 0.6233585067093372, 0.271180158747094, 0.2559961948543787]
2025-11-14 13:10:30 - ffalora - INFO - loss data:
2025-11-14 13:10:30 - ffalora - INFO - [0.5293286781419407, 1.0718192756175995, 0.5661164567890493, 0.5733550964958138, 0.568701049046857, 0.5628340244293213, 0.5772380376500743, 1.430961561265091, 1.5766091048717499, 0.5371258879701297, 0.36140323406434616, 0.9659675434231758, 1.2604103338989345, 0.9715314177530152, 0.4578619562089443, 0.23847751021385194, 1.171857312321663, 0.296672486493157, 0.3811382268156324, 0.4942691503558308, 0.30878080459925433, 0.5194109977362031, 0.8901642896817066, 0.485277415977584, 0.5784292299714353, 0.6502013728022575, 0.48521927349043614, 0.45914844506316715, 0.3642375862056559, 0.8299134285612539, 0.7230731174349785, 0.4403694272041321, 0.3837267470856508, 0.13519756340732178, 0.9215200982160039, 0.6095565284291904, 0.39153053319702547, 0.9675828777253628, 0.9685373231768608, 0.4513069450234373, 0.4840938704354423, 0.6180679903111674, 0.3950571382418275, 0.5193614454733001, 0.39063488071163494, 0.3821398208420428, 0.4667856963351369, 0.49005648866295815, 0.3920668890433652, 0.35297442641523147, 0.31816918267445127, 0.3825210227320591, 0.2898406702122884, 1.580788039881736, 0.38072723233037525, 0.4274203297540997, 0.6089518591761589, 0.5750047452747822, 0.529074527323246, 0.6407379806041718, 0.360176453751231, 0.6936365514993668, 0.3095776710127081, 0.11455689535900351, 0.8020047727558348, 0.42465932159261266, 0.9547296036034822, 0.35709784738719463, 1.436599612236023, 0.46473430562764406, 0.7932131225243211, 0.44493013091851025, 0.49987713518467813, 0.8805342316627502, 0.4573149970083526, 0.48088412393223157, 0.7067303235332172, 0.42814812809228897, 0.23969851260454478, 0.7508715763688087, 0.3883416743742095, 0.5510445348918438, 0.6257803931832313, 1.2759572640061378, 0.2785168332639538, 0.5236139909829944, 1.0324434290329616, 0.40910444408655167, 0.4242320934479887, 0.5754118594858382, 0.4610063135623932, 0.3301211130240876, 1.6069665849208832, 0.6959034319628369, 0.5078005529940128, 0.37190276277916773, 1.094521050651868, 0.534544076770544, 0.5023439911504587, 0.38866161637836033, 0.3784911955396334, 0.5163973607122898, 0.3861476011912931, 0.6458791132484163, 0.6165697835385799, 0.5668345242738724, 0.44476611353456974, 0.3891836371686723, 0.3760298974812031, 0.5128217674791813, 0.31103718570389205, 0.3155493693692344, 0.47758319445420055, 0.8203316432508555, 0.3697432763874531, 0.3781551685450333, 0.3832104587645242, 0.33642827346920967, 0.27606644108891487, 0.5768080353736877, 0.5165411310343, 0.30377659015357494, 0.42707836646586655, 0.28327328906882376, 0.2621670290827751, 0.7684382740408182, 0.375750407576561, 0.47920969873666763, 0.48457247018814087, 0.3783004397357052, 0.46346982807153836, 1.520448975265026, 0.2753971273596916, 0.7161702419998068, 0.6455310334761937, 0.4267464035323688, 0.7478368245065212, 0.4852578938007355, 0.466241292655468, 0.4317927501267857, 0.3032249454408884, 0.3520587086677551, 0.5194461213217841, 0.5868519209325314, 0.28463515556520885, 0.3540765270590782, 0.22644187348584333, 0.34385707947824684, 0.6585706464118428, 0.32700445502996445, 0.41336564782571483, 0.37565548717975616, 0.28541263584047555, 0.18422203133814036, 0.36779204862458365, 0.2127932272851467, 1.169141089750661, 1.0185328953795962, 0.19116833220635143, 0.5495785211372857, 0.31605109273500387, 0.15326806424806516, 1.1623098775744438, 0.35858307101298126, 1.7183880921867158, 0.6416513446831342, 1.126343267207796, 0.3871331094867653, 0.40866151700417197, 0.3777357699970404, 0.3757784089388011, 0.5031327302567661, 0.6074214743450284, 0.47263583540916443, 0.998114207552539, 0.9619284253567457, 1.0438458898237772, 0.7817288296563285, 1.177479088306427, 0.6563533530993895, 0.637936644256115, 0.24482434056699276, 0.5430235483429648, 0.5034020477284988, 0.6359884285114028, 0.9503041654825211, 0.6155394139614973, 0.3715347727252678, 0.5872030918571082, 0.8007370668152969, 0.6619897051049131, 0.5699847713112831, 0.586190244803826, 0.6402364095879925, 0.7505026571452618, 0.5285537439797605, 0.25036827687706265, 0.6024472506886178, 0.24796236732176372, 0.2864752190808455]
2025-11-14 22:48:59 - ffalora - INFO - loss data:
2025-11-14 22:48:59 - ffalora - INFO - [0.526417489078912, 1.027397945523262, 0.5803798642009497, 0.5655406355443928, 0.5350100344845227, 0.5789242188135784, 0.6237065834658486, 1.4221674114465714, 1.5208605196740892, 0.5399089331428211, 0.37637752478476616, 0.9355474710464478, 1.2821322347630155, 0.9491821665849005, 0.6385267004370689, 0.23832164412985246, 1.2696805968880653, 0.3048403949166338, 0.37755153541054043, 0.5417977965669707, 0.32705230117002926, 0.5085121483797492, 0.9634666974947322, 0.5070666414168146, 0.5755585711449385, 0.6620009765028954, 0.49398975762905495, 0.45559023862535303, 0.32218714634125883, 0.8672525117343122, 0.7302962020039558, 0.46255337446928024, 0.3445507138967514, 0.1430377991249164, 0.6095460699612482, 0.6535723532239597, 0.3714209337097903, 0.9521021358668804, 1.083588145673275, 0.3685476165264845, 0.4938343305672918, 0.6129803540693088, 0.3397098005749285, 0.4888578847878509, 0.4013851545751095, 0.40658864396668615, 0.5214238775273163, 0.4687020480632782, 0.4088340074356113, 0.3082948778238561, 0.3079971931874752, 0.509529399789042, 0.302405838303255, 1.521341056500872, 0.3645786579646584, 0.42461111994855333, 0.4848708212375641, 0.518827062100172, 0.5363525673747063, 0.6076128110289574, 0.386214705627589, 0.7642648294568062, 0.3749821319111756, 0.1327251249537637, 0.7105152673191495, 0.369136512956836, 0.7616726588457823, 0.34873501308971927, 1.6257440447807312, 0.582669097930193, 0.6018230592987189, 0.3985678219352849, 0.44476074589924375, 0.7742829471826553, 0.3952415075266, 0.45745821353612526, 0.7449267990887165, 0.44556183533536065, 0.23711399973491842, 0.5406471192836761, 0.4019760895106528, 0.7371226623654366, 0.578955355391372, 1.6110131053084678, 0.2774898024680119, 0.5763959288597107, 1.0164858226974804, 0.46939893315235776, 0.4494624517180703, 0.6308565239111582, 0.4444309026002884, 0.3123172736246929, 1.6626618206501007, 0.8135229569267143, 0.5954375825822353, 0.5431580777679171, 1.074795996149381, 0.5869486704468727, 0.6106260096033413, 0.4934401942623986, 0.40207700679699576, 0.3586898222565651, 0.4205952618609775, 0.7209927624623691, 0.45844457671046257, 0.49009592458605766, 0.5830266959965229, 0.5294369922743903, 0.29764413833618164, 0.5558615823586782, 0.2875853626700562, 0.25018495640584404, 0.3739443351048976, 0.8654546978121455, 0.3234066516160965, 0.3804654667952231, 0.3971138858622072, 0.3920040614902973, 0.2679659193381667, 0.6546539776027203, 0.5684076838146943, 0.35255513712763786, 0.4523253392694252, 0.3100898807484006, 0.219536644362268, 1.0137814655900002, 0.5018531680107117, 0.4138988330960274, 0.6489347815513611, 0.3379775932808588, 0.5279410181799904, 1.6953410000673361, 0.27590488445841604, 0.7167567675839168, 0.6996507768829663, 0.4030001823391233, 0.853900820016861, 0.6128113977611065, 0.3668038323521614, 0.5078254590431849, 0.3600957728922367, 0.3577905994924632, 0.38352579375108087, 0.7092405268922448, 0.33030438588725197, 0.3291863208370549, 0.22630687300115823, 0.30924942158162594, 0.7019562882681688, 0.30324993903438247, 0.40188712689590145, 0.43696944468787735, 0.3143635815630357, 0.1403862145729363, 0.38010022363492424, 0.22466038167476654, 0.8813725747168064, 0.9948483986987008, 0.24960829424006598, 0.5432338228806703, 0.2881411778696236, 0.13264095860843855, 1.290495899816354, 0.4222032663412392, 2.0527967049015894, 0.6460401664177577, 1.24561223116788, 0.4715021799008052, 0.37377810974915826, 0.45696189254522324, 0.3217881772086605, 0.3095978326164186, 0.7346495097503066, 0.44062497435758513, 1.1692240718338225, 1.0761691140277045, 1.183698698612196, 0.8733979942543166, 1.0875171422958374, 0.6099117848683487, 0.7223923951387405, 0.27055134458674324, 0.5262714966454289, 0.5723341275006533, 0.6818515983494845, 1.2063876390457153, 0.6963324807584286, 0.304747912122614, 0.6220815323970534, 0.8455331486960251, 0.33205520561231033, 0.5147651650688865, 0.5356890157692962, 0.7241734506355392, 0.8057865090668201, 0.34145510808697765, 0.2708485371300152, 0.6282328262247823, 0.2864048449056489, 0.2522111133982738]
2025-11-22 09:41:41 - ffalora - INFO - loss data:
2025-11-22 09:41:41 - ffalora - INFO - [0.5136923202978714, 0.6677864838253569, 0.5220657760898272, 0.4430828858166933, 0.634565514822801, 1.1608224799687212, 0.41332213223601383, 0.43945193029940127, 0.4418920896237805, 0.6641757407380889, 1.4785740801366045, 0.16946801512191695, 0.20537028089165688, 1.0040903475193772, 1.9003387576452009, 0.420536436278511, 0.4749346564523876, 0.5485070737699668, 0.45627679126337173, 0.3252118366848057, 2.3358222901821137, 0.9703416582196951, 0.46250198408961296, 0.5429574914389488, 0.32937868578980367, 0.3743001080985943, 0.6238679928636109, 0.2547228206880391, 0.4776469296997502, 0.38504532210666825, 0.47112066987337486, 0.5075017263491949, 0.8170614635261396, 0.5956203900277615, 0.7868729505687952, 0.16788954458121833, 0.5854997988169391, 0.5726002559065819, 0.3260431848762726, 0.653352515771985, 0.252144156039382, 0.11414430431129101, 1.0179727848619222, 0.40483034184823435, 0.29974518207212286, 0.24081952196235457, 0.36910718692363137, 0.38068157084159215, 0.3316825486426414, 0.2336097245331898, 0.28666914170164437, 0.422910748946446, 0.4349622717635198, 0.42331540274123347, 0.3075271612421299, 0.44878524489926575, 0.27917533802638117, 0.27299251071014474, 0.37255603827846545, 0.2411784278118007, 0.16534757797877925, 1.5117155574262142, 0.3062767012576972, 0.3129560720707689, 0.7467355491085486, 0.36150981709361074, 0.3456864443190139, 0.36803898395314305, 0.8300780252638189, 0.23723090922576376, 0.7070655634005865, 0.8150751824180285, 0.3469480150844902, 0.3070427641893427, 0.40185318542926596, 0.38972844909876586, 0.1851413489358189, 0.3771352658175271, 0.4059549327163647, 0.4009911632017484, 0.3220113738484326, 0.16161777851460823, 0.3426965249236673, 1.0289730810207025, 0.9925687602953985, 0.25095435781847863, 0.19605169016867877, 0.5494063506484963, 1.183773359283805, 0.6181087641511113, 0.49622479210849163, 0.2612268734678981, 0.2590258134218554, 0.1453104390784156, 0.22038789713993814, 0.7004709711129016, 0.4298341259360313, 0.22769543090835215, 0.32355563308422763, 1.2420550887783368, 0.7264886448780696, 0.38779378879121884, 0.4030629102761547, 0.6305047683417797, 0.6247395121802886, 0.45038316276093776, 0.3380564715092381, 0.3939793240278959, 0.42992557398974895, 0.9875477626919746, 0.3722018422921757, 0.10970355140549752, 1.2591606251662597, 0.38190041632589067, 0.4756672581657767, 0.6406903224997222, 0.3706696118143472, 0.6925866793502461, 0.3918032212941735, 0.3895886854889492, 0.5073710929602384, 0.4056026604736135, 0.4118068261661564, 0.5439533775841647, 0.29170836570362246, 0.1359409072281172, 1.058114654570818, 0.6224939809846026, 0.508153108033267, 0.5132303558290005, 0.51541419668744, 0.6256672518327833, 0.3831434640146437, 0.7669997692108155, 0.4606967934717735, 0.3477125138979712, 0.3535867900665228, 1.9925627385576565, 1.4255003588895003, 0.2892062242556777, 0.41719015408307314, 0.3984903164207935, 0.32761303735896946, 0.34552686012488, 0.3028213475916492, 0.367035366825035, 0.6818114813417196, 0.5585403073579073, 0.47613983734377796, 0.42969417916610836, 0.20149842265638568, 0.6276863704745967, 0.2887302330650744, 0.3258730716664683, 0.5359102338552475, 0.4832103280350566, 0.6896899620240384, 0.21305380555768977, 0.7021762690662096, 0.5841544173879777, 0.48567391703413293, 0.6150254285471006, 0.6004096384470661, 0.730842836201191, 0.22236967887729406, 0.9945097131033739, 0.2634757399958159, 0.6033382819344599, 0.7633162734409173, 0.24188718143850566, 0.2566446178415347, 0.7553467542110455, 0.7052807429184517, 0.5044019157687822, 0.8607439095097961, 0.5160330413352876, 0.8424945548107778, 0.4889908034354449, 0.40711922337224477, 0.6894925689945618, 0.45356040820479393, 0.2973015535622835, 0.4829057381177942, 0.20177578895042342, 1.0196225985884666, 0.6826099733147641, 0.7734414160562059, 0.6325770975694198, 0.6793196076216796, 0.3930364759977568, 1.0611272531527058, 0.5970470591758689, 0.7057513073086739, 0.6314925942569971, 1.0073082618415357, 0.7316505733990308, 0.6270250904856733, 0.49760557524859905, 0.7672731889919802, 0.8410082012414932]
2025-11-22 12:11:13 - ffalora - INFO - loss data:
2025-11-22 12:11:13 - ffalora - INFO - [0.41624161657611175, 0.6637162572155014, 0.452791816340043, 0.3172012027512834, 0.3378405015446927, 0.24370138149569626, 0.31648015294329024, 0.23100828882195942, 0.5214125292109592, 0.5097491974048769, 0.5488561913371086, 0.42600439658847983, 0.4783207322351443, 0.36259368171643774, 0.3817282736693558, 0.14138215803541243, 0.6173814962569035, 0.23027287484146655, 0.6111072054398912, 0.39556614284431846, 0.3150780173508745, 0.09315128264974595, 0.7021543723319403, 0.2999242608743121, 0.676576089513089, 0.4700708835926298, 0.3814667611270014, 0.03212477606859812, 0.5371912515835997, 0.33172146175383477, 0.27783226408064365, 0.5274926619160742, 0.3291352257916802, 0.3232047292403877, 0.6004153216878574, 0.2667546802549623, 1.2572746078173318, 0.3568192474892613, 0.34598931266615784, 0.44807851780205965, 0.3425132576861264, 0.4918406274855921, 0.26838901624381706, 0.4177722546677941, 0.2455818212280671, 0.11914239022104692, 0.7704804717857194, 0.4379005639237307, 0.27702520487623084, 0.3077133102213136, 0.0902264124754491, 0.021838059039631236, 0.777654279289501, 0.5321619834770812, 0.3715864174292052, 0.18265507839498155, 0.7478913382026069, 0.5461899836858114, 0.49994846495489276, 0.40317470056470484, 0.3096062745960233, 0.28986251993985673, 0.19759845953584382, 0.6209147141489666, 0.4062185647586981, 0.15550616341125634, 0.17479190354490476, 0.16822794954263154, 0.671576344901148, 0.4821752900523799, 0.31276800887038314, 0.14517235095198783, 0.40685934094446047, 0.2706618684149968, 0.3249295863899447, 0.21889155600219967, 0.02457003335321566, 0.4641629943905476, 0.40411052539160375, 0.3367635323666036, 0.27675240540078705, 0.1441373073784191, 0.18776210652600622, 0.2164002782665193, 0.41170192062138367, 0.5172780319540338, 0.2398808728903532, 0.531509807643791, 0.362250568306384, 0.38297876723284957, 0.28206423029954, 0.4636207714895992, 0.45682128451087256, 0.39410813457586547, 0.24672195154528778, 0.26706972885585856, 0.28440105908417274, 0.15040963950533687, 0.30061482659905975, 0.3578626052322951, 0.18172825522099934, 0.44465899441325873, 0.2147331834305078, 0.45559938314060366, 0.38569192395552054, 0.22840342794855434, 0.43027030032114577, 0.39786988852376287, 0.1269372500634442, 0.6623615997990495, 0.28796408893540504, 0.3726671988369672, 0.12510377172092418, 0.3735965049188388, 0.2564164397513701, 0.6444740609868485, 0.3780959017042603, 0.2742036531679332, 0.39028894156217575, 0.3055718011069962, 0.2711216336442974, 0.32237400399411426, 0.42745647787870394, 0.2833516113384653, 0.3380479941332484, 0.31069995210661244, 0.4099991490182123, 0.35241665326369304, 0.5576361198768471, 0.2877553596737839, 0.44909369966915347, 0.41227739818137266, 0.3548380407827118, 0.39175023895071504, 0.476099490678232, 0.3534839023986388, 0.31796867545280194, 0.45367304428384225, 0.6792045014186038, 0.35326344346893684, 0.3368802227036298, 0.5175133493953737, 0.5515408343178969, 0.30546357043619665, 0.25730386547259554, 0.3283458766350079, 0.33829823571252704, 0.27505408674198434, 0.3684825323089356, 0.6709543121131983, 0.32385011683439924, 0.47445206011512453, 0.3206280447764411, 0.16545053211351235, 0.37241261941852116, 0.36208587842570106, 0.3138266875822511, 0.3135396066496427, 0.36834224284523065, 0.2817549372957856, 0.7927628699690104, 0.3135636106443902, 0.2225156248128433, 0.302003433127283, 0.2458014933208188, 0.23982615294575932, 0.8164995492092872, 0.29195903314179494, 0.25974364547679824, 0.6735030315620334, 0.14825698550169666, 0.1889178165426803, 0.4809670744654842, 0.46986132792617175, 0.433785592808443, 0.2770470513829163, 0.4395499875148138, 0.203630594857451, 0.11100100573773186, 0.8198119620275166, 0.40826163083935774, 0.705357604722182, 0.34748622405653196, 0.08982684031306278, 0.6154157966375351, 0.19842221921989842, 0.12842873936696422, 0.677530860103536, 0.09685241687628958, 0.22474154795830448, 1.0897890341125036, 1.1641959808766842, 0.24124040525583995, 0.26154850275420094, 0.19487383411753745, 0.6076494099459413, 0.48443685362444205, 0.5455261760701735, 0.459511859772297, 0.465996939688921]
2025-11-22 14:32:08 - ffalora - INFO - loss data:
2025-11-22 14:32:08 - ffalora - INFO - [0.45987625839188695, 0.2858006256053958, 0.17750073461370036, 0.6388377094796548, 0.5415535432493521, 0.4571487635374069, 0.7711530777900903, 0.2920123286312446, 0.28061459077677375, 0.9623970088548958, 1.8178116530179977, 0.49723386702438194, 0.5935681305825711, 0.4931497234851122, 0.6687557250261307, 0.34787354300885154, 1.7330652713775634, 1.0856731608510017, 0.14892862332053483, 0.487995316838902, 0.23624798570373895, 1.1769281062297523, 0.634749013824727, 1.5151969144741695, 0.47872667563044363, 0.5868368782103062, 0.3530060274313049, 1.2346430805822213, 0.17875717172864825, 0.7106817586657902, 1.468107291807731, 0.4653298957532065, 0.34880982451916986, 0.5479518792514378, 0.18033988946364402, 0.35196752309178314, 0.1362114752138344, 1.3770433555046717, 0.3362052229155476, 0.3010625340251459, 0.7619533021003008, 0.6868848316371441, 0.33339478011475876, 0.7393823401282795, 1.489504674035642, 0.42897546738386155, 0.3263476049495776, 1.0392779963867118, 0.3266299525741488, 0.9734704449772835, 0.1354760521366684, 1.0976013544925742, 1.0510550496242517, 0.13456176368054001, 0.48823586903098554, 0.3030352879315615, 0.3560999082401395, 0.4995481421550115, 0.1485212838568259, 0.5558198510358731, 0.33944267059365907, 0.5421015042501192, 1.6401468068361282, 0.6784979920420382, 0.29777668785618977, 0.4523067335598171, 0.857984920963645, 0.344952866440225, 0.6016791786105993, 1.6718905245264373, 0.3900852571758959, 0.4206660604492451, 2.0327416202053428, 0.33789043609673775, 0.45938532083916167, 1.2671691685682163, 0.6702687794342637, 0.1960472142931798, 0.23610946669941768, 0.20898146484978497, 0.9350384017452598, 0.8153742089867592, 0.2932373879632602, 0.9763387702432738, 0.8913972527797644, 1.3901117195530484, 0.41757324061149526, 0.7039549600746896, 0.3299552774173208, 1.252443818271988, 0.26826480989111584, 0.11401089539091724, 1.2559902773238718, 1.021346940762467, 0.46259045898914336, 0.22060269918504424, 1.4323166381567716, 0.6044979421421885, 0.3287805442310249, 0.39618207548951934, 0.3604898116124483, 0.9390853092902236, 0.3371401915016274, 0.22457688191207126, 0.18595960945822299, 0.08218625194400153, 1.9847469607988995, 0.28438051557168365, 1.3367128865793347, 0.28940106369554996, 1.0183597740562012, 0.9534783020717441, 1.3724008877567637, 0.8702136153976123, 0.7777103902454573, 0.3576343133036668, 0.5123757750649627, 0.35816971541692816, 0.6090740696682284, 1.2314613778144121, 0.3190532027433316, 0.7998245866969228, 0.4411744365468621, 0.3017715429654345, 0.4619125817436725, 0.29715837311996807, 0.942213349067606, 0.6683174998809894, 0.3263142656069249, 0.19362813066820508, 1.188841696207722, 0.3121113238933807, 0.5850068579738339, 0.15765839169810836, 0.42824430026424426, 1.0035506911161873, 0.48264789145129416, 0.5401661437418726, 0.6563927926123142, 0.46955402940511703, 0.587350218453341, 0.7884362414479256, 0.331534794686983, 0.49511290521671375, 0.3997697743276755, 0.4154692882051071, 0.6432415023446083, 0.3970344544698795, 0.28672440225879353, 0.07052009339359673, 0.5525265164673329, 1.0957245317598183, 0.34350604871287943, 0.48109741397202016, 0.2783363695256412, 0.5755600017029792, 0.22598286083019856, 0.1982226110160506, 1.4391227174136374, 0.3229179387368883, 1.0008736869630714, 0.9645616202403537, 0.40739283752110267, 0.42467923561731974, 0.36752618331876064, 0.17814957870480916, 0.10601282170197615, 2.0052031675974527, 0.9436502825468779, 1.4311548173427582, 0.23944813094567508, 0.25392737216316164, 1.0061654930274624, 0.7087126789718039, 2.0359219759702682, 0.3638331041402125, 0.4802291724416945, 1.1507116882337463, 0.5289812992609134, 0.18687204525552015, 0.7322073156014085, 0.4073331099934876, 0.18716971700972257, 0.3231208432310571, 0.31703883639155805, 0.4775446359223376, 0.14792355954802283, 0.5056569543408437, 1.5080763101577759, 1.0115898937607803, 1.3396606296300888, 0.834167540901237, 1.513273336381341, 0.6698134541511536, 1.203130334056914, 1.0732487429554263, 1.0154941425348323, 0.6381920663019021, 0.27923079184256494, 1.2394442707300186]
2025-11-25 21:45:02 - ffalora - INFO - loss data:
2025-11-25 21:45:02 - ffalora - INFO - [0.4994083977171353, 0.6904769377024085, 0.4970561030010382, 0.4370645533005396, 0.6790387512495121, 1.2075056865134024, 0.41698574274778366, 0.4354476612992585, 0.44770841327096733, 0.7732226302381605, 1.6644932532450185, 0.22042369881334403, 0.20963585174952942, 1.0250276094962223, 2.296434253178261, 0.4625576566214915, 0.6373626291751862, 0.5006996807642281, 0.5492167100310326, 0.32976367903562886, 2.062583339214325, 1.0963569395244122, 0.5390131175518036, 0.5829836563630537, 0.3667868520443638, 0.43304459723982625, 0.6604636086633913, 0.32062884128342073, 0.6181134689937938, 0.46340694795880055, 0.6712124566688682, 0.8773952163755894, 0.6149856119106214, 0.8368948243558407, 0.5023807966150343, 0.20908271070414533, 0.9286352776456624, 0.8016919165849685, 0.47545993724329905, 0.7443201914429665, 0.32631350991626584, 0.11409904676256702, 1.659142563243707, 0.6441038948084626, 0.3800837082788348, 0.2843248424120247, 0.4163116621439932, 0.4944911936806007, 0.39017120088209156, 0.3054359856161422, 0.3702259485476783, 0.5381450262413454, 0.6099299115213481, 0.6341917533427477, 0.43366658904900157, 0.542360147043611, 0.35927402865829117, 0.35720445503127474, 0.5863552791141401, 0.3107624768412539, 0.21319780731961752, 2.1006182357668877, 0.3171899680802155, 0.41432932414824053, 0.9555231441151012, 0.4645462464541197, 0.5086405677817248, 0.5198591880844271, 1.2626595274742805, 0.2783143801769863, 0.8136227812618018, 1.0802276397744814, 0.39825392413291744, 0.4198057595640421, 0.5047130666560296, 0.48747358918190004, 0.2599965436384082, 0.4882761929311197, 0.5954077360220253, 0.5117735040507146, 0.43901127940487294, 0.19360026771245503, 0.5541423033767691, 1.2287173733950174, 1.4176431733649224, 0.3060130480942982, 0.2577519129340847, 0.8431320383679122, 1.4514397031394766, 0.9088429437096541, 0.7636110751165284, 0.35591182243522435, 0.30274618522574503, 0.17479441897279915, 0.2936881137510979, 1.0251930315386164, 0.5798237979412079, 0.3094211289659142, 0.4720149293852349, 1.4519773527979851, 1.0335752020279565, 0.48135985301815587, 0.5791879907250405, 0.8635432384908199, 0.916674517095089, 0.5429451352154666, 0.4622319992533121, 0.524522852152586, 0.5432753084848325, 1.0554960891604424, 0.4868928364990078, 0.14170613191866627, 1.3547495862934738, 0.5586242123365854, 0.6308795094490052, 0.7520379181951284, 0.4794773276951728, 0.7287137718363241, 0.5053814406293485, 0.4894445582603415, 0.6037665481679142, 0.49752546598513925, 0.5678382134284536, 0.7107946893030948, 0.5068820292750994, 0.20255146427080034, 1.263231548666954, 0.8131063449240866, 0.7101999893784523, 0.5319063201546669, 0.5549127024908861, 0.8137312871403992, 0.618912148511126, 0.9801144167780876, 0.522770601635178, 0.4819889886232166, 0.43310663757535317, 2.12270958473285, 1.5875876093904178, 0.3879862471725102, 0.5594944121936958, 0.5631971762688072, 0.468653808409969, 0.4352909892383549, 0.4257286944608578, 0.47169422920431114, 1.163757213950157, 0.9402702905237674, 0.4232237224600145, 0.5115834508091212, 0.2764349621898007, 0.8078559512893358, 0.48856519499704953, 0.43187842072185245, 0.6440781466662884, 0.6570224622264504, 0.8874576779251748, 0.268084061406981, 0.7186746702839931, 0.7167269569007113, 0.6139987997964702, 0.818056759057623, 0.8516449838255843, 1.0730390461782613, 0.2649130559836825, 1.2387219058970609, 0.3395642914055359, 0.767475561859707, 0.9749936344722907, 0.26192988237986964, 0.34916034032191545, 0.8208492981003863, 0.9049331384400526, 0.6139596898108721, 1.073698010182742, 0.7254447180955184, 1.0975002279988042, 0.6402592021971941, 0.6037406227128073, 0.9509097449481487, 0.6078905172646045, 0.410285754998525, 0.6341280783216159, 0.27162092414995037, 1.244121241569519, 0.8469244383018593, 0.9548197965448102, 0.7453138577855296, 0.8015156936521332, 0.5120090722021731, 1.2783830461126786, 0.7338766884058714, 1.025194026529789, 0.864541886995236, 1.28034815043211, 0.9465232622442824, 0.8274786255576394, 0.5994753003120422, 1.1278720556786566, 1.1519064566603414]
2025-11-25 23:32:59 - ffalora - INFO - loss data:
2025-11-25 23:32:59 - ffalora - INFO - [0.4357117828580418, 0.6768503393500279, 0.4591972787792866, 0.3172371223861096, 0.3678436743771183, 0.24735906957158527, 0.3415840626338168, 0.2338209415431179, 0.5435528292365017, 0.5180189960790791, 0.5766208064567325, 0.46034489108610216, 0.5087779843940949, 0.379384347728254, 0.41950499919012074, 0.16228211160438755, 0.7507584785160266, 0.33671710984781383, 0.7663320178786914, 0.47746616494700767, 0.3761790484974259, 0.10909211991044382, 0.8526126011207913, 0.3779808495005238, 0.8177759465096253, 0.5726491510347053, 0.46959106017920105, 0.05062014868793388, 0.6138428849467324, 0.39868142305497534, 0.317005915256838, 0.6393386965085353, 0.48578412968077156, 0.4933788850903511, 0.6766968319813411, 0.37815994513221085, 1.1841391871372857, 0.4645114811845341, 0.40989955576757586, 0.5721092546979587, 0.49246070596079033, 0.6259419174309362, 0.3615137209396875, 0.5074675382616428, 0.3129242358817941, 0.14908637887953471, 1.313112374395132, 0.5442722587003594, 0.3039815237538682, 0.38232956950863206, 0.10914032082701663, 0.02382028355884055, 0.8743020668625832, 0.6577990657107078, 0.47844025290998304, 0.2234147521578485, 0.9595460308339503, 0.8900225528826315, 0.5900646733740966, 0.5191180193796754, 0.4074660004821214, 0.34357918229119233, 0.34070902101562495, 0.5943590610598525, 0.42928812918918474, 0.2028862300846312, 0.202004152305779, 0.2181279527732868, 0.8091341813697535, 0.6008168733900502, 0.3892208583032091, 0.18993774837710792, 0.4772025942802429, 0.3494745942453544, 0.4012700127260316, 0.2475296473906686, 0.03256911856698848, 0.6159179449488874, 0.5066792815783643, 0.4153153756633401, 0.3474000959687836, 0.19162261638723846, 0.2429456141116655, 0.24717977239439887, 0.5577049133582757, 0.5855929412681496, 0.36625360552635455, 0.6432090122252703, 0.4570291341903309, 0.4646754844647925, 0.3778803368350343, 0.5539844409826605, 0.4754596714946357, 0.46365637535398657, 0.2983293901603573, 0.33178215070040007, 0.3642031010406624, 0.19915719500469758, 0.3701874092793125, 0.46335847900955235, 0.2500500399929782, 0.6138280154647011, 0.3236505772297581, 0.5669312787552674, 0.44561632060921275, 0.2692255775133769, 0.5644171852348017, 0.49722642783057747, 0.13253797218203545, 0.7731048309881436, 0.3997265926251809, 0.4850771658654724, 0.16975945925916588, 0.4884270233543295, 0.2997281417871515, 0.8230292566997164, 0.4760009210024561, 0.34043910236408315, 0.48024263978004456, 0.4101887262042831, 0.3705291131593026, 0.4694664219723028, 0.5725359503357184, 0.3728651309514094, 0.43876034982110323, 0.40343484986159533, 0.5527592251534785, 0.402871915884316, 0.7161422139315894, 0.3226289942505814, 0.6041439415521599, 0.5669366171069701, 0.46502888929815245, 0.4996150964750098, 0.5764410462916681, 0.45756551887360003, 0.4819960623151726, 0.5561733929247692, 0.8498699375324779, 0.5134013636215102, 0.4433458035060188, 0.5489071973695837, 0.7094885682066281, 0.39174070368920055, 0.345439774076841, 0.42536845206327384, 0.45758840344442525, 0.3740605395427324, 0.4222309227393131, 0.9113979554650458, 0.40085498733179914, 0.6259002669581345, 0.4278617084115034, 0.20709560970083263, 0.4752547068875811, 0.4674001705891394, 0.41524233803566957, 0.4160133950155357, 0.4008678123354912, 0.3909723575341335, 0.9643459357321262, 0.3683635686834653, 0.29516455543642284, 0.3779666550751579, 0.32620615892849125, 0.3134393411564079, 1.0314460855565573, 0.3959627085773829, 0.30546824385722476, 0.8959830854284137, 0.1891102894519766, 0.23466840927444751, 0.605999470807803, 0.6260635811178124, 0.5097530203707078, 0.3573343817676817, 0.4892267376805345, 0.24301359746605158, 0.1545819817110896, 0.9298939146101475, 0.47426930895330865, 0.8705504409968853, 0.44877447836721934, 0.11369236293470575, 0.7331457227313269, 0.24185312483164054, 0.15426133525158678, 0.8327126445477468, 0.12167758730550607, 0.2794787979995211, 1.3550409594256627, 1.4420880659350326, 0.28028509450987693, 0.3135828026139937, 0.24716279022986926, 0.6605391756941875, 0.5991965332890259, 0.670770716232558, 0.5428301625709225, 0.6506113943954308]
2025-11-26 01:07:25 - ffalora - INFO - loss data:
2025-11-26 01:07:25 - ffalora - INFO - [0.4499277491122484, 0.3067617403235136, 0.18732994875277986, 0.6597588650183752, 0.5428266755305231, 0.45776427602395414, 0.7864885486408391, 0.3114230810198933, 0.2553797811998826, 1.1366682487539947, 2.028015896677971, 0.5155948909620445, 0.6715173840522766, 0.574388249218464, 0.8234333992004395, 0.41082411305978894, 2.1358641505241396, 1.8082243502140045, 0.13603252251914733, 0.5355126486851297, 0.2905888022981923, 1.353228551801294, 0.930494116703895, 1.7383114571372669, 0.5808675075984664, 0.7329417690634727, 0.37119155313509206, 1.4367983291546504, 0.19776020717496673, 1.017007449180043, 1.9314582248528798, 0.5378203428246908, 0.42041489316357505, 0.664780698887383, 0.36899816114878786, 0.43222149489447476, 0.1676722113819172, 1.9212417155504227, 0.5415485629734272, 0.4003033267748025, 1.0090897805988788, 1.1092096716165543, 0.39940928258331054, 0.9773184117141434, 2.011441707611084, 0.5739447727799416, 0.3965745471262684, 1.0878847508768863, 0.48551202391584714, 1.1195622083730996, 0.16296191064810212, 1.3646548548078334, 1.5779924312902784, 0.16568824459488193, 0.6293327108853394, 0.46888431124389174, 0.5352868161474664, 0.6386063074072201, 0.19139057060237974, 0.7183617912232876, 0.4244976830047866, 0.8378998844884336, 1.9743806719779968, 1.0166811578803592, 0.37503862361931667, 0.6177865454927087, 1.0545979744754732, 0.4004854094961451, 0.7601445274194703, 2.243549262483915, 0.46653637248608804, 0.5633316402633985, 2.083163294941187, 0.4653174358730515, 0.4523255958144243, 1.8289883349711697, 0.7054854204878211, 0.23864797496806, 0.27339748351369053, 0.25950783947482703, 1.140371341491118, 1.2181075632572174, 0.3425271105098848, 1.1421408441262126, 1.1714943926548584, 1.4609596996878584, 0.41596760745677686, 0.8872644918660324, 0.33511468092910945, 1.5291756714383762, 0.3492083807087814, 0.15860323524878672, 1.5300173671916126, 1.1840609800484445, 0.5986616051755845, 0.22791935221969403, 1.7525040488690138, 0.7303827684372663, 0.4198683834893422, 0.4819444693935414, 0.5049384071802099, 1.1585910692811012, 0.39484213944524527, 0.26067149091977626, 0.23395490678958594, 0.11231900407989143, 2.3768279552459717, 0.4776342264687021, 1.5414394438266754, 0.3685656573312978, 0.9917164646709958, 1.1235132782045791, 1.5816957354739618, 1.1484984060128531, 1.0287224416494032, 0.4712992900568578, 0.6235910874481003, 0.4447267017948131, 0.7802574810571968, 1.0281167899568875, 0.38458291863401733, 1.0021623529493808, 0.5720074472948908, 0.38745558289811016, 0.5983197033405304, 0.3999816177982009, 1.0360276459949092, 0.7763271378353238, 0.26083699066657573, 0.221033059577975, 1.3223588404556115, 0.5236080974340439, 0.6001803883661827, 0.20436466527171432, 0.5175263864609103, 1.1348319516206782, 0.6543930954403347, 0.7029785536643531, 0.7603860706090927, 0.5875845501820247, 0.6599108888250258, 0.7870065048336983, 0.42822516911352676, 0.6714511080334584, 0.48762109089228844, 0.521931291040447, 0.7259509224030707, 0.5149181528637807, 0.3964838397999605, 0.11622493840669366, 0.6723422316834331, 1.4235489718616008, 0.38009686035414536, 0.5381694361567497, 0.32538151191547515, 0.6565679140699406, 0.29363277510532904, 0.2560848863329738, 1.5310654484977324, 0.39016817514008534, 1.158468644755582, 1.1264318663584576, 0.47972925779306225, 0.5704577882049813, 0.49504434100041783, 0.23914588252082467, 0.14199919669578473, 1.9257756521304448, 1.145754082283626, 1.7716682404279709, 0.25755108763567275, 0.3988222043029964, 1.179359141155146, 0.7881059185084369, 2.3058810085058212, 0.45692832189767313, 0.581541032426887, 1.4197838024960623, 0.7665771946903657, 0.23381480655040254, 0.942698834091425, 0.3532218487001956, 0.28435828220099213, 0.4446171575846771, 0.48038116935640574, 0.5609164634719491, 0.20351271964609624, 0.5349424362260227, 1.6768346577882767, 1.1079227390776698, 1.5825426280498505, 0.9667269190152487, 1.5615652995184064, 0.8008556837836902, 1.452150533720851, 1.2869569242621461, 1.174047608495069, 0.7899862838288148, 0.36641391630594927, 1.4135438799858093]
2025-12-18 01:37:41 - ffalora - INFO - loss data:
2025-12-18 01:37:41 - ffalora - INFO - [0.5220799367874861, 0.8072546102106571, 0.5267797273894151, 0.4093537783871094, 0.6231815821180741, 1.1476619102060794, 0.43063630536198616, 0.4492614603601396, 0.43776439167559145, 0.6708273987091767, 1.3251417065504938, 0.1898843540499608, 0.19775007292628288, 1.1148024969967083, 2.7430772498250007, 0.7260123200714588, 0.7559958983212709, 0.5014946808107197, 0.5597904574126005, 0.6494766912112633, 0.8219624847173691, 0.42564866319298744, 0.7799663945334032, 0.764332165196538, 0.41896244026720525, 0.42678944051731377, 0.7194150686264038, 0.37415600484237077, 0.5539412915706634, 0.5007188625633716, 0.658675346771876, 0.8609214561680953, 0.6298730645949642, 0.8127720847725868, 0.5501376648433507, 0.19771315064281225, 0.9599742844700814, 0.653044393658638, 0.4048200889490545, 0.7977026924490929, 0.3116914587405821, 0.11475938385119662, 1.451447268947959, 0.5176687251776457, 0.4477255269885063, 0.27270429823547604, 0.505036038160324, 0.4157995818182826, 0.41315619923795266, 0.2735842253547162, 0.3293295949076613, 0.5068739451467991, 0.4984023712575436, 0.45801191559682286, 0.3551739926915616, 0.5167294789105654, 0.3493021138012409, 0.38880869559943676, 0.3857892069189499, 0.3030299340374768, 0.2020634877961129, 1.8971657678484917, 0.31277485825121404, 0.35508284959942105, 0.72423986941576, 0.41501574832946064, 0.341580951679498, 0.358761333709117, 0.5223814345896245, 0.3180656821466982, 0.4415770133957267, 0.5671493887901307, 0.4226424325723201, 0.3472009741390745, 0.3811774829402566, 0.4302645939402282, 0.18457569798920304, 0.5007174842758104, 0.4358756743216266, 0.4774494655430317, 0.3166062019765377, 0.18308049992192538, 0.4809969561950614, 0.862679400946945, 1.1971614845097065, 0.279191565560177, 0.21757292980328202, 0.899632732271372, 0.903531035152264, 0.5591795559506864, 0.5698750846087932, 0.2999292828142643, 0.28509281263686714, 0.1396459583581115, 0.26785539819393306, 0.6525559406727552, 0.47489954233169557, 0.27303073517978194, 0.2600896482666334, 0.9627165747185549, 0.43188702315092087, 0.45338965207338333, 0.43776463114966946, 0.5905599053949118, 0.499487574522694, 0.5947833839803934, 0.411369987949729, 0.40045120380818844, 0.4915867384523153, 0.9987422153353691, 0.3938216395676136, 0.12572278920561075, 0.8983228202909231, 0.3736529705114663, 0.4442747630178928, 0.6775356996804476, 0.3723953913897276, 0.590085356682539, 0.4216891810297966, 0.46312689110636707, 0.37584059066139164, 0.45719713121652605, 0.46229728609323506, 0.49910740926861763, 0.3344577616080642, 0.16226156938355416, 0.8974703595042228, 0.5727717235684395, 0.4933482076972723, 0.6088145345449447, 0.4377827638139327, 0.7459078447427601, 0.4484276000410318, 0.8955558285117149, 0.4569490281865001, 0.387087258324027, 0.3621188829652965, 0.9329053734739622, 0.5222623508423567, 0.4883862901479006, 0.4039665233964721, 0.5357308737933636, 0.47226021960377695, 0.38067728783935306, 0.49114728240917127, 0.43547489047050475, 0.6920842982828617, 0.49177033454179764, 0.6358392708003521, 0.38776668794453145, 0.24996794471517203, 0.6761515138670803, 0.3215957470238209, 0.3364584432293971, 0.5425849035382271, 0.5226564109325409, 0.6937161669135093, 0.39069148823618893, 0.4533730554394424, 0.43127555307000875, 0.35256207436323167, 0.4652274377644062, 0.4775298001865546, 0.5992401689291, 0.3120352137833834, 0.8117783464491367, 0.34486964978277684, 0.5662059504538774, 0.7069852620363235, 0.30104643354813254, 0.31044483184814453, 0.5774222735315562, 0.6673218347132206, 0.5348163031041622, 0.7415350832045078, 0.48512397073209285, 0.8046154916286468, 0.49342874623835087, 0.46246007755398755, 0.6703322653969128, 0.488409623876214, 0.4222098834812641, 0.5238696046173572, 0.3634058751165867, 0.6520707033574582, 0.558329364657402, 0.5523285612463951, 0.5073186974972487, 0.49761326288183527, 0.3972621578723192, 0.7236753568053246, 0.516157183671991, 0.6012785993516445, 0.5254463799297809, 0.6999005571007728, 0.4908574899037679, 0.5204324446618558, 0.4926000155508518, 0.5638792298734188, 0.6275272741913795]
2025-12-18 02:59:15 - ffalora - INFO - loss data:
2025-12-18 02:59:15 - ffalora - INFO - [0.4471509464085102, 0.5911334887146951, 0.46154085621237756, 0.31904050421435387, 0.36744357830223934, 0.2295418045250699, 0.35837269462645055, 0.22507370971254118, 0.5475650899112225, 0.5210078794509172, 0.5856919616460801, 0.49925968907773494, 0.4524279233068228, 0.41146057075820863, 0.4069410719509636, 0.14908880224684254, 0.8129474341869354, 0.26655350388027726, 0.6599645704030991, 0.4485282987356186, 0.3702712763100863, 0.105424149807853, 0.7473497822880745, 0.38598936398047956, 0.8752929856069386, 0.563567615672946, 0.43726826664060353, 0.0667788591585122, 0.5944370027631521, 0.3631564119209846, 0.265464635959102, 0.6073815021663904, 0.3877124048769474, 0.3644224905098478, 0.6580995872616768, 0.2829752129813035, 1.3431364446878433, 0.3705195240883363, 0.3744282200932503, 0.5255250580608845, 0.4148170845350251, 0.6071361750364304, 0.31265106583014135, 0.49151244908571246, 0.2606937925641735, 0.1339434161200188, 1.2623347137123346, 0.5065599747002125, 0.279481549291975, 0.3728356687352061, 0.08670303803648696, 0.022017132454978612, 0.7360823590840613, 0.49518147110939026, 0.39670882672071456, 0.1811649316356384, 0.8906583070755005, 0.627373269572854, 0.5387975797057152, 0.4041742063127458, 0.37677647119853647, 0.28579094130545857, 0.2124837829149328, 0.6130992628750391, 0.413108897634915, 0.1764515488098065, 0.17769024605347244, 0.16686389001260976, 0.7277237176895142, 0.5176939256489277, 0.3066114264022973, 0.17475837271971006, 0.41735586736883434, 0.2994616748765111, 0.3476974583097867, 0.2158697463804856, 0.029025495384121316, 0.7189724972180556, 0.6001202244311571, 0.2969733374658972, 0.30714743440704684, 0.16506860898308723, 0.1924591906498083, 0.21311733104909458, 0.45017093936912717, 0.5507978901267052, 0.27280507552334005, 0.6884504236280918, 0.34098194529069586, 0.4872105333540174, 0.335833019287222, 0.48850844316184516, 0.434916952252388, 0.40283762142062185, 0.26992354141548275, 0.34540994983981366, 0.33032663045451044, 0.16917431093752386, 0.36312757412023433, 0.3999844901263714, 0.24681278082231678, 0.5477604977786541, 0.2092640127753839, 0.39706106632947924, 0.3934559926390648, 0.20209244625376804, 0.5683632008731365, 0.4329112693667412, 0.13615575523322654, 0.6786131750792265, 0.299374545738101, 0.39154544025659566, 0.15091240261681377, 0.4706680480390787, 0.2571187654924062, 0.6762398097664117, 0.4140460661479405, 0.27824287498369815, 0.3545675224491528, 0.35855770893394945, 0.31137295719236135, 0.34951562248170376, 0.4581123970448971, 0.3283218819648027, 0.36821402311325074, 0.3332782848324213, 0.5152677871286869, 0.3659405877813697, 0.4999154642224312, 0.3479824530936423, 0.5074344668537378, 0.3872678805142641, 0.38781046043150125, 0.4876651283353567, 0.4129850881174207, 0.3953641463071108, 0.2498375593374173, 0.6637631144374609, 0.33910558571418126, 0.44788118313465797, 0.3312528420239687, 0.5941394448280335, 0.4339546632021666, 0.29366481080651285, 0.3346003235524727, 0.394162992015481, 0.4384230447001755, 0.24801983939749855, 0.33931411791127175, 0.7166993584483862, 0.3588608527556062, 0.45417076309344595, 0.3524295626208186, 0.2418349951505661, 0.36046484429389236, 0.41150620318949227, 0.401569389551878, 0.4774896759539843, 0.15657563754874798, 0.3709657734259963, 0.8373151365667582, 0.34984926991164683, 0.2644099347293377, 0.3201983287930489, 0.2451480648879494, 0.26135149076581, 0.8483086869120597, 0.34108149968087675, 0.2755290664732456, 0.6965736335143446, 0.16968573350459337, 0.2060951040022903, 0.48129187114536764, 0.5521606482565403, 0.47558373399078846, 0.2756638079881668, 0.43361676186323167, 0.18574939738545154, 0.11323076120267311, 0.8258733256823487, 0.406854260340333, 0.7187644673511386, 0.3904743641614914, 0.12014095615595578, 0.5636270102113485, 0.19218583467106023, 0.1602193031460047, 0.7033266067504882, 0.1188143192169567, 0.23651660364121196, 1.0506792329251766, 1.1360569030046463, 0.2702713880687952, 0.26155183389782904, 0.1971987762621471, 0.5360959216952323, 0.49026656020432713, 0.5582890182733535, 0.48125972189009186, 0.6104609183967113]
2025-12-18 04:14:37 - ffalora - INFO - loss data:
2025-12-18 04:14:37 - ffalora - INFO - [0.45987625839188695, 0.31454881057143214, 0.1857481454499066, 0.7027969060232863, 0.5514501052442938, 0.44688753709197043, 0.7724810597952455, 0.31341879097744824, 0.2943323453526116, 0.8868095088750123, 1.5509873181581497, 0.5259999226157863, 0.6276767294853925, 0.5498019367456436, 0.651357264816761, 0.4206275284290314, 1.505969899892807, 0.9449359178543091, 0.2661464028060436, 0.5188220233346026, 0.2571841154351002, 1.3888372024521232, 0.8492779879365117, 1.8679970502853394, 0.5410547854999701, 0.7929367691278457, 0.4498586241155863, 1.3801428998510044, 0.20958443875424562, 1.1334909901022912, 1.7713639438152313, 0.5077281039208174, 0.3991961946245283, 0.6529733806848526, 0.48234689282253385, 0.44160305966312685, 0.15148183279670774, 2.11472345640262, 0.4575145414099097, 0.3384188056819969, 0.8587500974535942, 1.0135434791445732, 0.39679617211222645, 0.7555746516212821, 1.8345230236649512, 0.4895233727991581, 0.6479106016457081, 0.6958645284641535, 0.3308086661932369, 0.7175955146551132, 0.17365612133871763, 1.0462380557321012, 1.141149119893089, 0.15748087684623896, 0.5270249639534288, 0.38079190999269485, 0.38204802696903545, 0.4900562527279059, 0.27151891561807134, 0.5783413605143627, 0.3724545744247735, 0.6653086499311031, 1.0692617148160934, 0.5239286065101624, 0.3544295597821474, 0.4569710301235318, 0.7689026717096568, 0.3571729073766619, 0.744657964236103, 1.7693765436609588, 0.43569643588529694, 0.6043623539308707, 1.012465920764953, 0.36834407624943805, 0.48906338481465356, 2.0302194125950335, 0.4117283754050732, 0.1947401499634402, 0.22491862927563488, 0.2189880793914199, 0.9162878631614149, 0.7665058314800263, 0.478729762788862, 0.6628922824709056, 0.9610985201201402, 1.5675416548736394, 0.43723872811016107, 0.7545751892030239, 0.35831697507140536, 1.0170938331219885, 0.266920548514463, 0.10474988617934286, 1.6849436858668922, 0.9049283057451248, 0.44783548451960087, 0.20820368999848143, 1.7019992917776108, 0.47626857669092715, 0.378394544380717, 0.4506108894944191, 0.32299021386230986, 0.8954284146428109, 0.3180250213481486, 0.2292685608845204, 0.19538328726775944, 0.09523779891896993, 2.2768536061048508, 0.3457191549241543, 1.2968556798994542, 0.3178418504539877, 1.062616711948067, 0.8928218735614791, 1.3738695514621213, 0.8232038803398609, 0.6757473529316484, 0.38542615075906117, 0.5159862100457151, 0.42477534096688035, 0.7621895961463452, 0.5483590420335531, 0.3788180585950613, 0.5187969476915896, 0.38390771448612215, 0.3133421417325735, 0.4856153199914843, 0.3356499612797052, 0.8169542056275532, 0.6720257469763359, 0.3026552008232102, 0.23173674669944577, 1.1684945424397786, 0.509593831282109, 0.3531534861773252, 0.1854349052766338, 0.4436956011534979, 0.9348517522215843, 0.5638457514345645, 0.5665161140263081, 0.6099922582507133, 0.4233067656556765, 0.6587305253164636, 0.7815313674509525, 0.41586857959628104, 0.5509037353098393, 0.45080375894904134, 0.4064675862383511, 0.700307297706604, 0.4182297096898158, 0.3984680067747831, 0.18864389713853597, 0.36192302163690326, 1.2938775807619094, 0.4533112978562712, 0.5391493942588568, 0.30071636456996204, 0.5868470525058607, 0.21114832364643613, 0.2046997364028357, 1.2894561357796193, 0.3073512728326023, 1.0411015862599016, 0.9404961337801069, 0.40626396872103215, 0.5111722702160477, 0.45964734318355716, 0.23253971710801125, 0.13686198466457428, 1.5518738466004531, 0.9240793719887734, 1.5252197235822678, 0.23582094729257128, 0.3560550704598427, 0.882908356655389, 0.6296154860407114, 1.885009229183197, 0.3338334043510258, 0.4527368510348929, 1.2247927017509936, 0.7759474948048591, 0.19796910267323256, 0.8261588955298066, 0.36274616327136755, 0.16912083207862452, 0.36213871613144877, 0.3366487085819244, 0.4214500173926353, 0.18735164990648626, 0.4358483973890543, 1.230136439204216, 0.8329777332643667, 1.1757181882858276, 0.7340287268161774, 1.1547761739542086, 0.6150536425411701, 1.0633317556232214, 0.9801320645958185, 0.8866904478520155, 0.5854550736645858, 0.322777122631669, 1.097925990819931]
2025-12-19 20:35:09 - ffalora - INFO - loss data:
2025-12-19 20:35:09 - ffalora - INFO - [0.5360012620687484, 0.7836416155099869, 0.5106788463890553, 0.40545197390019894, 0.5830252043281993, 1.234158702939749, 0.41656692046672106, 0.44174815276637674, 0.4382637497037649, 0.6959974706483384, 1.203056043945253, 0.24336404143832624, 0.23411123345916468, 1.1572239281842485, 2.4189372420310975, 0.7092058119674524, 0.7442857436835766, 0.519768944871612, 0.6055455166846514, 0.5997969049960374, 0.8608034312725067, 0.46291377022862434, 0.7450690313708037, 0.7568724978715182, 0.42991451782484846, 0.4340953699313104, 0.8164540618658066, 0.3919438281096518, 0.5696533098816872, 0.5142366722226143, 0.6743180548151334, 0.9016428863008816, 0.652365172530214, 0.8941936872899532, 0.5839712671935559, 0.2032155437278561, 1.0608028437942265, 0.7325859367847443, 0.4833498176187277, 0.7721162140369415, 0.3653133204827706, 0.12391947556752711, 1.5614123795181514, 0.6376069523394108, 0.48940055444836617, 0.30337339034304023, 0.563259291741997, 0.47610217742621896, 0.47408770124117533, 0.3630954638123512, 0.41243356388683117, 0.6296079747378827, 0.6025422111153602, 0.6799644852677982, 0.46728271152824163, 0.5760392159223556, 0.4370312509126961, 0.430725091509521, 0.5409329864196479, 0.356666663599511, 0.2628340956987813, 2.0558543540537357, 0.35979050854220984, 0.4255199249833822, 0.972845758497715, 0.5436964284628629, 0.5132759422063827, 0.5541013262234629, 0.7861113376915455, 0.43043065741658215, 0.5510038565844297, 0.9259352654218673, 0.47177654691040516, 0.4590137380485733, 0.49772058880577486, 0.5101586561650038, 0.26201638421043755, 0.6999321439769118, 0.8165548802353442, 0.7200458519160747, 0.5045027557760478, 0.20690875615303717, 0.5832721805199981, 1.1170069757383316, 1.48062648717314, 0.3281852099113166, 0.2891567211598158, 0.9135087072383612, 1.1026100985473022, 0.928552548121661, 1.0051466599106789, 0.4575201479718089, 0.3491404069587588, 0.17582722829344372, 0.3508537948131561, 1.0457094974815846, 0.6326084390282631, 0.3820828108116985, 0.42115235862632594, 0.969100934267044, 0.6758614778518677, 0.6017795771360397, 0.6368227620919545, 0.9040597192943096, 0.8898983784019947, 0.6040710281580687, 0.5259915135800839, 0.539835799485445, 0.6536896467208863, 0.971435194214185, 0.5519150123000145, 0.17297427747398614, 0.9606861745472998, 0.5486285664141178, 0.5774631179869175, 0.8761456785723567, 0.5280012737959623, 0.8288358643651008, 0.5905292816460133, 0.6074612192809582, 0.4760974396020174, 0.5609853260219098, 0.6307598531246186, 0.6822159081697464, 0.5068789341797432, 0.24151830114424228, 1.1374289110302924, 0.7625400856137277, 0.7008785292506218, 0.6494895160198212, 0.575255973264575, 0.8893836443312466, 0.7065844878554344, 1.314990778764089, 0.5260923604170481, 0.549236410856247, 0.4987579428901275, 1.1564606800675392, 0.7771069824695587, 0.5519722074270248, 0.5758762620389462, 0.6326374314725398, 0.6387524440884591, 0.47679300718009476, 0.5722893003374339, 0.5278006151318549, 0.8763757042586804, 0.6733473181724549, 0.6705767832696438, 0.5114961579442024, 0.35688248835504055, 0.8149329937994481, 0.5179243002086877, 0.4682737289617459, 0.8382082432508469, 0.6996736812094847, 1.027301400154829, 0.3503142140805722, 0.5954426570485035, 0.6038937354460359, 0.5000646172091365, 0.6223920665681362, 0.6825678298870722, 0.8664298951625824, 0.35501326334973177, 1.0441462039947509, 0.4117193203419447, 0.7380408818523089, 0.9621418997645379, 0.32659246598680813, 0.4111834138631821, 0.756174986064434, 0.9067333452403545, 0.657833456993103, 0.9505681529641151, 0.6507986307144165, 1.067879468202591, 0.6657725207507611, 0.6694819711148738, 0.9885806555549304, 0.6435764357447624, 0.48018026128411295, 0.6395028926432132, 0.3875341539581617, 0.9513392180204392, 0.7101901926100254, 0.7715884357690811, 0.6273603323847056, 0.6799650013446807, 0.5147048167884349, 0.9988205264012018, 0.6640176912148794, 0.8405509702861309, 0.7411932215094567, 0.9716657653450966, 0.8164479126532873, 0.725243480503559, 0.63881581351161, 0.8525004143516223, 0.8894211322069168]
2025-12-19 21:53:49 - ffalora - INFO - loss data:
2025-12-19 21:53:49 - ffalora - INFO - [0.4670803165063262, 0.607151298224926, 0.46204101070761683, 0.3291505116736516, 0.35504921775621673, 0.2281460254918784, 0.38133812391897665, 0.2486866068294538, 0.5443081857636571, 0.5247091881930828, 0.601110152900219, 0.517517800629139, 0.46941270492970943, 0.41872306142468, 0.4115778923034668, 0.15320674576796592, 0.917210803180933, 0.3261711651924998, 0.699016310274601, 0.4871472556143999, 0.39603392705321316, 0.11449030957753872, 0.8343944523483515, 0.39947081673890356, 0.9934777924790978, 0.645194797217846, 0.4912422221153974, 0.07850010958500206, 0.6480884429067373, 0.39635658835371335, 0.3136311937123537, 0.6659161686897277, 0.5145764943212271, 0.6311232826362053, 0.6328985303640365, 0.3799386746250093, 1.3157630115747452, 0.49374404847621917, 0.41337713450193403, 0.6447456613183021, 0.49508336414583026, 0.6987262889742851, 0.3927144818007946, 0.6008358918130398, 0.3431135384099824, 0.160943016782403, 1.5779646933078766, 0.5957635425031185, 0.3509845019628604, 0.4410595333514114, 0.10654248248320072, 0.031656562308004746, 0.8387442928339754, 0.6553189635276795, 0.5201277216630322, 0.25360187676602175, 1.2103710874915123, 0.6721364766359329, 0.6323846064507961, 0.5555040957406163, 0.45260216295719147, 0.4323928996920586, 0.38661777395755054, 0.4838700224645436, 0.44761707463434763, 0.25057212336816725, 0.2316049091750756, 0.2145101858652197, 0.8819108389317989, 0.6690655305981636, 0.42303045959108404, 0.21159534421232012, 0.5240341307861465, 0.39190679527819156, 0.4331938828740801, 0.2794863894581795, 0.039953740197233856, 0.8706563316722168, 0.9840350229293108, 0.5716825380921364, 0.3764534093971763, 0.2204115332702973, 0.23947955071408716, 0.2555280121664206, 0.6360132798552514, 0.661089514195919, 0.37219261150393224, 0.7492660202085972, 0.5147710444405675, 0.5154583539399836, 0.40295950304716827, 0.5921656496822834, 0.5597431540489197, 0.554381463676691, 0.3094419265165925, 0.4509069445775822, 0.42213548657018696, 0.2157197654712945, 0.43416308803069925, 0.5481780260801316, 0.2956592711309592, 0.6599843531847001, 0.3525416228920221, 0.5902621358633041, 0.4813819549977779, 0.2656305309030272, 0.7636952988803387, 0.5276292119175195, 0.1816535448241565, 0.8249739930033684, 0.48492153994739057, 0.5006714511662722, 0.20364588908851144, 0.5456360626965762, 0.3052925039703647, 0.9271388620138168, 0.47737150825560093, 0.3565602973103523, 0.4937536173633167, 0.44218354411423205, 0.39461431009694936, 0.47527998834848406, 0.6088576793670655, 0.41507202535867693, 0.4724604606628418, 0.46119812408255206, 0.6254024662077426, 0.46398882791399954, 0.6187362305819988, 0.4098571553116753, 0.6028788074851036, 0.5985108334571123, 0.4915901239030063, 0.6002836659550667, 0.5443701483309269, 0.535040957480669, 0.37958894670009613, 0.8395991489291191, 0.36390053158005076, 0.5375309161841869, 0.4134947959747579, 0.738886385038495, 0.5030608914792538, 0.38225625101476907, 0.40081503610644076, 0.5148740191012621, 0.5899812843650579, 0.34528518904532707, 0.4224684982043173, 0.9806775599718094, 0.44530286230146887, 0.6417658805314983, 0.4782894033938646, 0.2876942854374647, 0.47109754756093025, 0.4897026814520359, 0.4658290706574917, 0.5858581336215138, 0.19567982061869568, 0.4520161565393209, 1.0945239905267954, 0.3882288232445717, 0.3314100429415703, 0.38235816098749636, 0.33643455281853674, 0.34139769263565545, 1.1147083193063736, 0.44112634696066383, 0.311593599534697, 0.9355078399181366, 0.2204954681918025, 0.26034639802362236, 0.5997076567262412, 0.6815340787172317, 0.6249592341482639, 0.42933960046086994, 0.5257449850440026, 0.23047484354012543, 0.17205894868820906, 0.8926222922487391, 0.49007495753467084, 0.8961990512907505, 0.4471581432968378, 0.14610733445733787, 0.7219226703047752, 0.2665419140387149, 0.19017503391951324, 0.8343867152929305, 0.14926254165669284, 0.29216545913368464, 1.2681774616241455, 1.4224021971225738, 0.30089685749262574, 0.3269484620541334, 0.24890987016260624, 0.6215116526931523, 0.6158650323748589, 0.6853776127099991, 0.5551944736391305, 0.697148796916008]
2025-12-19 23:06:08 - ffalora - INFO - loss data:
2025-12-19 23:06:08 - ffalora - INFO - [0.4499277491122484, 0.32970872128175366, 0.1794727765955031, 0.7496165128890425, 0.625553519744426, 0.44889776371419426, 0.8045688085723668, 0.32419242691248656, 0.2749385133178698, 0.9448636902496219, 1.713011547923088, 0.5154994319503505, 0.6768093295395374, 0.5696043901145458, 0.6918537706136704, 0.5005156961269677, 1.5222654193639755, 1.055354282259941, 0.2571200215257704, 0.5166155835924049, 0.2859523900318891, 1.2335158535279334, 0.8827083326410502, 2.428521682818731, 0.595442126194636, 0.7736322417855263, 0.4832894464954734, 1.3996009627978008, 0.21881464757025243, 1.2211674940306694, 1.872575506567955, 0.5483533322811127, 0.43182749208062887, 0.6679697833955287, 0.7216301066335291, 0.5565259335252146, 0.167953937407583, 2.2992958297332127, 0.6292552200611681, 0.4226678451937106, 0.9389835178852082, 1.0302128493785858, 0.46584424618631604, 0.769235647469759, 2.2353224381804466, 0.6487962514162063, 0.5553896499797701, 0.7999026346951723, 0.42161018811166284, 1.0201619040686638, 0.21437110495753586, 1.4270426892675458, 1.4586547357961535, 0.19899048330262303, 0.6609588844494687, 0.48842175379395486, 0.6020169518887997, 0.7212288553516071, 0.33054367853328587, 0.6545631798605125, 0.48183113932609556, 0.7047647174447774, 1.6815198063850403, 0.9018325731158257, 0.4392115093767643, 0.564601132273674, 0.9909326352179051, 0.43718327740207313, 0.8296192232519388, 2.476550444960594, 0.5882173511717055, 0.8804307346542677, 0.8644848642870784, 0.5050160018727183, 0.622720068320632, 2.2781155616045, 0.5819194246083498, 0.24340189493054318, 0.301145741250366, 0.2939235517755151, 1.1302085146307945, 1.3756040990352632, 0.4602639447897673, 0.830054955277592, 1.0783753219991923, 1.706633092276752, 0.44257920338875717, 1.0106300935149193, 0.4779575934012731, 1.0611562045911949, 0.382798809496065, 0.14587390141095966, 1.8938728503882885, 1.1929664798080921, 0.6291220679879188, 0.2222179792355746, 1.8271133728325366, 0.7357252934016287, 0.47543586562387646, 0.5958852551877498, 0.4848029894133409, 1.088407276570797, 0.4386703799168269, 0.32051170873455703, 0.2679657528642565, 0.12031395412050189, 2.4692298829555512, 0.5295833012089133, 1.4144416466355323, 0.41604822998245555, 1.0491903046146036, 1.0762195204384626, 1.5236795763950794, 1.1685107673207917, 1.0350073179230095, 0.5276555214491155, 0.7487337850034237, 0.515668661147356, 1.092379443347454, 0.666037065287431, 0.5392648637294769, 0.6424840275198221, 0.5148667901754379, 0.4459717497229576, 0.661457681376487, 0.4401011100970209, 0.9034728589467704, 0.6247266493737698, 0.275357021484524, 0.2334460012614727, 1.3196961109836898, 0.8791759792715311, 0.38726128041744234, 0.2394501636736095, 0.5500063328072429, 1.1858574092388152, 0.7742331415414809, 0.7009917668998241, 0.7819040358066559, 0.6188170288999875, 0.6799226119700406, 0.8032225370407104, 0.5343570426106453, 0.7138618588447571, 0.613284058123827, 0.5408903078900442, 0.8162774175405503, 0.5678037038693826, 0.5009839788079262, 0.2645926088094711, 0.5098631531000137, 1.622419047355652, 0.6527373924851417, 0.7805039282888174, 0.3404535539448261, 0.7526005659873286, 0.3026551145335866, 0.2699535102583468, 1.4209613859653474, 0.42272470481693747, 1.1354654686525465, 1.1339218753390015, 0.5041954706940386, 0.6724511133506894, 0.5597132231212325, 0.3065987635403872, 0.17360282987356185, 1.624052967876196, 1.1437092177569865, 1.7133731544017792, 0.2780407313257456, 0.44948321040719746, 1.0031305199488998, 0.7522207438945769, 2.118290603160858, 0.4760640414431691, 0.5779547637535466, 1.4876275971531867, 0.9802372857928275, 0.24877258148044346, 0.9696767140179873, 0.3626067046076059, 0.2877760209143162, 0.46281279195100067, 0.47411529198288915, 0.5630295105899374, 0.23619489185512066, 0.5199175674468278, 1.424147590994835, 0.9815215149428695, 1.431868553161621, 0.9510547459125519, 1.3721834616735578, 0.743966990771393, 1.2728702060878276, 1.1163301073014735, 1.1173572258092463, 0.7481501127282779, 0.40989683885127304, 1.3482591658830643]
2025-12-22 06:35:35 - ffalora - INFO - loss data:
2025-12-22 06:35:35 - ffalora - INFO - [0.5220799367874861, 0.8072546102106571, 0.5267797273894151, 0.4093537783871094, 0.6231815821180741, 1.1476619102060794, 0.43063630536198616, 0.4492614603601396, 0.43776439167559145, 0.6708273987091767, 1.3251417065504938, 0.1898843540499608, 0.19775007292628288, 1.1148024969967083, 2.7430772498250007, 0.7260123200714588, 0.7559958983212709, 0.5014946808107197, 0.5597904574126005, 0.6494766912112633, 0.8219624847173691, 0.42564866319298744, 0.7799663945334032, 0.764332165196538, 0.41896244026720525, 0.42678944051731377, 0.7194150686264038, 0.37415600484237077, 0.5539412915706634, 0.5007188625633716, 0.658675346771876, 0.8609214561680953, 0.6298730645949642, 0.8127720847725868, 0.5501376648433507, 0.19771315064281225, 0.9599742844700814, 0.653044393658638, 0.4048200889490545, 0.7977026924490929, 0.3116914587405821, 0.11475938385119662, 1.451447268947959, 0.5176687251776457, 0.4477255269885063, 0.27270429823547604, 0.505036038160324, 0.4157995818182826, 0.41315619923795266, 0.2735842253547162, 0.3293295949076613, 0.5068739451467991, 0.4984023712575436, 0.45801191559682286, 0.3551739926915616, 0.5167294789105654, 0.3493021138012409, 0.38880869559943676, 0.3857892069189499, 0.3030299340374768, 0.2020634877961129, 1.8971657678484917, 0.31277485825121404, 0.35508284959942105, 0.72423986941576, 0.41501574832946064, 0.341580951679498, 0.358761333709117, 0.5223814345896245, 0.3180656821466982, 0.4415770133957267, 0.5671493887901307, 0.4226424325723201, 0.3472009741390745, 0.3811774829402566, 0.4302645939402282, 0.18457569798920304, 0.5007174842758104, 0.4358756743216266, 0.4774494655430317, 0.3166062019765377, 0.18308049992192538, 0.4809969561950614, 0.862679400946945, 1.1971614845097065, 0.279191565560177, 0.21757292980328202, 0.899632732271372, 0.903531035152264, 0.5591795559506864, 0.5698750846087932, 0.2999292828142643, 0.28509281263686714, 0.1396459583581115, 0.26785539819393306, 0.6525559406727552, 0.47489954233169557, 0.27303073517978194, 0.2600896482666334, 0.9627165747185549, 0.43188702315092087, 0.45338965207338333, 0.43776463114966946, 0.5905599053949118, 0.499487574522694, 0.5947833839803934, 0.411369987949729, 0.40045120380818844, 0.4915867384523153, 0.9987422153353691, 0.3938216395676136, 0.12572278920561075, 0.8983228202909231, 0.3736529705114663, 0.4442747630178928, 0.6775356996804476, 0.3723953913897276, 0.590085356682539, 0.4216891810297966, 0.46312689110636707, 0.37584059066139164, 0.45719713121652605, 0.46229728609323506, 0.49910740926861763, 0.3344577616080642, 0.16226156938355416, 0.8974703595042228, 0.5727717235684395, 0.4933482076972723, 0.6088145345449447, 0.4377827638139327, 0.7459078447427601, 0.4484276000410318, 0.8955558285117149, 0.4569490281865001, 0.387087258324027, 0.3621188829652965, 0.9329053734739622, 0.5222623508423567, 0.4883862901479006, 0.4039665233964721, 0.5357308737933636, 0.47226021960377695, 0.38067728783935306, 0.49114728240917127, 0.43547489047050475, 0.6920842982828617, 0.49177033454179764, 0.6358392708003521, 0.38776668794453145, 0.24996794471517203, 0.6761515138670803, 0.3215957470238209, 0.3364584432293971, 0.5425849035382271, 0.5226564109325409, 0.6937161669135093, 0.39069148823618893, 0.4533730554394424, 0.43127555307000875, 0.35256207436323167, 0.4652274377644062, 0.4775298001865546, 0.5992401689291, 0.3120352137833834, 0.8117783464491367, 0.34486964978277684, 0.5662059504538774, 0.7069852620363235, 0.30104643354813254, 0.31044483184814453, 0.5774222735315562, 0.6673218347132206, 0.5348163031041622, 0.7415350832045078, 0.48512397073209285, 0.8046154916286468, 0.49342874623835087, 0.46246007755398755, 0.6703322653969128, 0.488409623876214, 0.4222098834812641, 0.5238696046173572, 0.3634058751165867, 0.6520707033574582, 0.558329364657402, 0.5523285612463951, 0.5073186974972487, 0.49761326288183527, 0.3972621578723192, 0.7236753568053246, 0.516157183671991, 0.6012785993516445, 0.5254463799297809, 0.6999005571007728, 0.4908574899037679, 0.5204324446618558, 0.4926000155508518, 0.5638792298734188, 0.6275272741913795]
2025-12-22 07:26:04 - ffalora - INFO - loss data:
2025-12-22 07:26:04 - ffalora - INFO - [0.4471509464085102, 0.5911334887146951, 0.46154085621237756, 0.31904050421435387, 0.36744357830223934, 0.2295418045250699, 0.35837269462645055, 0.22507370971254118, 0.5475650899112225, 0.5210078794509172, 0.5856919616460801, 0.49925968907773494, 0.4524279233068228, 0.41146057075820863, 0.4069410719509636, 0.14908880224684254, 0.8129474341869354, 0.26655350388027726, 0.6599645704030991, 0.4485282987356186, 0.3702712763100863, 0.105424149807853, 0.7473497822880745, 0.38598936398047956, 0.8752929856069386, 0.563567615672946, 0.43726826664060353, 0.0667788591585122, 0.5944370027631521, 0.3631564119209846, 0.265464635959102, 0.6073815021663904, 0.3877124048769474, 0.3644224905098478, 0.6580995872616768, 0.2829752129813035, 1.3431364446878433, 0.3705195240883363, 0.3744282200932503, 0.5255250580608845, 0.4148170845350251, 0.6071361750364304, 0.31265106583014135, 0.49151244908571246, 0.2606937925641735, 0.1339434161200188, 1.2623347137123346, 0.5065599747002125, 0.279481549291975, 0.3728356687352061, 0.08670303803648696, 0.022017132454978612, 0.7360823590840613, 0.49518147110939026, 0.39670882672071456, 0.1811649316356384, 0.8906583070755005, 0.627373269572854, 0.5387975797057152, 0.4041742063127458, 0.37677647119853647, 0.28579094130545857, 0.2124837829149328, 0.6130992628750391, 0.413108897634915, 0.1764515488098065, 0.17769024605347244, 0.16686389001260976, 0.7277237176895142, 0.5176939256489277, 0.3066114264022973, 0.17475837271971006, 0.41735586736883434, 0.2994616748765111, 0.3476974583097867, 0.2158697463804856, 0.029025495384121316, 0.7189724972180556, 0.6001202244311571, 0.2969733374658972, 0.30714743440704684, 0.16506860898308723, 0.1924591906498083, 0.21311733104909458, 0.45017093936912717, 0.5507978901267052, 0.27280507552334005, 0.6884504236280918, 0.34098194529069586, 0.4872105333540174, 0.335833019287222, 0.48850844316184516, 0.434916952252388, 0.40283762142062185, 0.26992354141548275, 0.34540994983981366, 0.33032663045451044, 0.16917431093752386, 0.36312757412023433, 0.3999844901263714, 0.24681278082231678, 0.5477604977786541, 0.2092640127753839, 0.39706106632947924, 0.3934559926390648, 0.20209244625376804, 0.5683632008731365, 0.4329112693667412, 0.13615575523322654, 0.6786131750792265, 0.299374545738101, 0.39154544025659566, 0.15091240261681377, 0.4706680480390787, 0.2571187654924062, 0.6762398097664117, 0.4140460661479405, 0.27824287498369815, 0.3545675224491528, 0.35855770893394945, 0.31137295719236135, 0.34951562248170376, 0.4581123970448971, 0.3283218819648027, 0.36821402311325074, 0.3332782848324213, 0.5152677871286869, 0.3659405877813697, 0.4999154642224312, 0.3479824530936423, 0.5074344668537378, 0.3872678805142641, 0.38781046043150125, 0.4876651283353567, 0.4129850881174207, 0.3953641463071108, 0.2498375593374173, 0.6637631144374609, 0.33910558571418126, 0.44788118313465797, 0.3312528420239687, 0.5941394448280335, 0.4339546632021666, 0.29366481080651285, 0.3346003235524727, 0.394162992015481, 0.4384230447001755, 0.24801983939749855, 0.33931411791127175, 0.7166993584483862, 0.3588608527556062, 0.45417076309344595, 0.3524295626208186, 0.2418349951505661, 0.36046484429389236, 0.41150620318949227, 0.401569389551878, 0.4774896759539843, 0.15657563754874798, 0.3709657734259963, 0.8373151365667582, 0.34984926991164683, 0.2644099347293377, 0.3201983287930489, 0.2451480648879494, 0.26135149076581, 0.8483086869120597, 0.34108149968087675, 0.2755290664732456, 0.6965736335143446, 0.16968573350459337, 0.2060951040022903, 0.48129187114536764, 0.5521606482565403, 0.47558373399078846, 0.2756638079881668, 0.43361676186323167, 0.18574939738545154, 0.11323076120267311, 0.8258733256823487, 0.406854260340333, 0.7187644673511386, 0.3904743641614914, 0.12014095615595578, 0.5636270102113485, 0.19218583467106023, 0.1602193031460047, 0.7033266067504882, 0.1188143192169567, 0.23651660364121196, 1.0506792329251766, 1.1360569030046463, 0.2702713880687952, 0.26155183389782904, 0.1971987762621471, 0.5360959216952323, 0.49026656020432713, 0.5582890182733535, 0.48125972189009186, 0.6104609183967113]
2025-12-22 07:52:37 - ffalora - INFO - loss data:
2025-12-22 07:52:37 - ffalora - INFO - [0.45987625839188695, 0.31454881057143214, 0.1857481454499066, 0.7027969060232863, 0.5514501052442938, 0.44688753709197043, 0.7724810597952455, 0.31341879097744824, 0.2943323453526116, 0.8868095088750123, 1.5509873181581497, 0.5259999226157863, 0.6276767294853925, 0.5498019367456436, 0.651357264816761, 0.4206275284290314, 1.505969899892807, 0.9449359178543091, 0.2661464028060436, 0.5188220233346026, 0.2571841154351002, 1.3888372024521232, 0.8492779879365117, 1.8679970502853394, 0.5410547854999701, 0.7929367691278457, 0.4498586241155863, 1.3801428998510044, 0.20958443875424562, 1.1334909901022912, 1.7713639438152313, 0.5077281039208174, 0.3991961946245283, 0.6529733806848526, 0.48234689282253385, 0.44160305966312685, 0.15148183279670774, 2.11472345640262, 0.4575145414099097, 0.3384188056819969, 0.8587500974535942, 1.0135434791445732, 0.39679617211222645, 0.7555746516212821, 1.8345230236649512, 0.4895233727991581, 0.6479106016457081, 0.6958645284641535, 0.3308086661932369, 0.7175955146551132, 0.17365612133871763, 1.0462380557321012, 1.141149119893089, 0.15748087684623896, 0.5270249639534288, 0.38079190999269485, 0.38204802696903545, 0.4900562527279059, 0.27151891561807134, 0.5783413605143627, 0.3724545744247735, 0.6653086499311031, 1.0692617148160934, 0.5239286065101624, 0.3544295597821474, 0.4569710301235318, 0.7689026717096568, 0.3571729073766619, 0.744657964236103, 1.7693765436609588, 0.43569643588529694, 0.6043623539308707, 1.012465920764953, 0.36834407624943805, 0.48906338481465356, 2.0302194125950335, 0.4117283754050732, 0.1947401499634402, 0.22491862927563488, 0.2189880793914199, 0.9162878631614149, 0.7665058314800263, 0.478729762788862, 0.6628922824709056, 0.9610985201201402, 1.5675416548736394, 0.43723872811016107, 0.7545751892030239, 0.35831697507140536, 1.0170938331219885, 0.266920548514463, 0.10474988617934286, 1.6849436858668922, 0.9049283057451248, 0.44783548451960087, 0.20820368999848143, 1.7019992917776108, 0.47626857669092715, 0.378394544380717, 0.4506108894944191, 0.32299021386230986, 0.8954284146428109, 0.3180250213481486, 0.2292685608845204, 0.19538328726775944, 0.09523779891896993, 2.2768536061048508, 0.3457191549241543, 1.2968556798994542, 0.3178418504539877, 1.062616711948067, 0.8928218735614791, 1.3738695514621213, 0.8232038803398609, 0.6757473529316484, 0.38542615075906117, 0.5159862100457151, 0.42477534096688035, 0.7621895961463452, 0.5483590420335531, 0.3788180585950613, 0.5187969476915896, 0.38390771448612215, 0.3133421417325735, 0.4856153199914843, 0.3356499612797052, 0.8169542056275532, 0.6720257469763359, 0.3026552008232102, 0.23173674669944577, 1.1684945424397786, 0.509593831282109, 0.3531534861773252, 0.1854349052766338, 0.4436956011534979, 0.9348517522215843, 0.5638457514345645, 0.5665161140263081, 0.6099922582507133, 0.4233067656556765, 0.6587305253164636, 0.7815313674509525, 0.41586857959628104, 0.5509037353098393, 0.45080375894904134, 0.4064675862383511, 0.700307297706604, 0.4182297096898158, 0.3984680067747831, 0.18864389713853597, 0.36192302163690326, 1.2938775807619094, 0.4533112978562712, 0.5391493942588568, 0.30071636456996204, 0.5868470525058607, 0.21114832364643613, 0.2046997364028357, 1.2894561357796193, 0.3073512728326023, 1.0411015862599016, 0.9404961337801069, 0.40626396872103215, 0.5111722702160477, 0.45964734318355716, 0.23253971710801125, 0.13686198466457428, 1.5518738466004531, 0.9240793719887734, 1.5252197235822678, 0.23582094729257128, 0.3560550704598427, 0.882908356655389, 0.6296154860407114, 1.885009229183197, 0.3338334043510258, 0.4527368510348929, 1.2247927017509936, 0.7759474948048591, 0.19796910267323256, 0.8261588955298066, 0.36274616327136755, 0.16912083207862452, 0.36213871613144877, 0.3366487085819244, 0.4214500173926353, 0.18735164990648626, 0.4358483973890543, 1.230136439204216, 0.8329777332643667, 1.1757181882858276, 0.7340287268161774, 1.1547761739542086, 0.6150536425411701, 1.0633317556232214, 0.9801320645958185, 0.8866904478520155, 0.5854550736645858, 0.322777122631669, 1.097925990819931]
