2025-11-05 14:08:01 - ffalora - INFO - loss data:
2025-11-05 14:08:01 - ffalora - INFO - [12.47176375389099, 6.355908232927322, 0.4195686116814613, 0.2352907421067357, 0.203922862932086, 0.18037025518715383, 0.17722102738916873, 0.17725848965346813, 0.1709192506968975, 0.166542587056756, 0.1599628893658519, 0.1764600772410631, 0.15930212270468475, 0.16334592495113612, 0.16054833307862282, 0.14919529035687445, 0.14641587901860476, 0.1484175458550453, 0.1451632351614535, 0.14715408701449634, 0.14016465283930302, 0.13434820231050254, 0.15108533427119253, 0.1486127834767103, 0.1490706900134683, 0.15047821570187808, 0.13927348610013723, 0.14171005841344594, 0.1390531539916992, 0.13405320122838021, 0.13999413670971989, 0.13349418342113495, 0.13955338913947343, 0.13417678363621235, 0.13202687837183474, 0.1352632250636816, 0.14974686540663243, 0.13668114542961118, 0.1301666943356395, 0.13737386409193278, 0.15056281331926585, 0.13415789362043143, 0.13855243269354106, 0.12997006680816411, 0.13754305057227612, 0.1389033641666174, 0.1262693664059043, 0.13631633222103118, 0.13384108636528252, 0.13144718632102015, 0.13112972043454646, 0.1337264871224761, 0.12953559756278993, 0.1182507447898388, 0.12460310449823737, 0.12106944154947996, 0.1357111198827624, 0.11986621664837002, 0.1282436229288578, 0.1305647138506174, 0.132397685572505, 0.1344099694862962, 0.12559934481978416, 0.1264761982485652, 0.13340121936053037, 0.12098883921280502, 0.12563009969890118, 0.12324783504009246, 0.12876551710069178, 0.12308649457991122, 0.12622805088758468, 0.12887575663626194, 0.12203486803919077, 0.13336344016715884, 0.12200255002826452, 0.11837389133870602, 0.11470581898465754, 0.12608662527054548, 0.12685971083119513, 0.12028916133567691, 0.12325097322463989, 0.12054499816149472, 0.11827740650624037, 0.11791674196720123, 0.1242098799906671, 0.11962825190275907, 0.13299055378884078, 0.13085809610784055, 0.11856310702860356, 0.12076065242290497, 0.1263784511014819, 0.11984851574525238, 0.12382228197529913, 0.10261180764064193, 0.12157371416687965, 0.12014092868193985, 0.11272616684436798, 0.11119679566472768, 0.1171396222896874, 0.11126737911254167, 0.12188638802617788, 0.11368724144995213, 0.11160402968525887, 0.11674955543130636, 0.12221985338255763, 0.10826465394347906, 0.10487380605190992, 0.11575589403510093, 0.11187200322747232, 0.11686667576432229, 0.12227307911962271, 0.12267228625714778, 0.11506416443735362, 0.11677034655585886, 0.11230969596654178, 0.11760433744639158, 0.11245724903419613, 0.11862630154937506, 0.12010903498157859, 0.11318755168467759, 0.11744361277669668, 0.1185606276616454, 0.12510010944679378, 0.10724611897021533, 0.11653295094147324, 0.11032476779073477, 0.10510356668382884, 0.10833006957545877, 0.110684906039387, 0.10860408144071698, 0.10637482609599828, 0.11425670348107814, 0.10672300625592471, 0.11508552292361855, 0.10913997814059258, 0.11680770423263312, 0.10998491030186414, 0.1139257637783885, 0.10991306826472283, 0.10258400561288, 0.10501376688480377, 0.11448741368949414, 0.10913527188822628, 0.12399907596409321, 0.11053765285760164, 0.12030002102255821, 0.11724796714261174, 0.1057588303461671, 0.12495278045535088, 0.10333330053836107, 0.11322126854211093, 0.10277906311675906, 0.10838840510696172, 0.10907884249463679, 0.10271733477711678, 0.10659233145415783, 0.11570777799934148, 0.10720367347821594, 0.11026195473968983, 0.1097122434526682, 0.10070768464356661, 0.11354847652837635, 0.11442621909081936, 0.10889918990433216, 0.1137218963354826, 0.11409178059548139, 0.11141240503638983, 0.09938800996169447, 0.1121092184446752, 0.11612641280516983, 0.12374851554632187, 0.10621865522116422, 0.10765085499733687, 0.10266046887263655, 0.10532589992508293, 0.10705397929996252, 0.11209917794913055, 0.11854121321812272, 0.10711624966934324, 0.11039898879826068, 0.11138996537774801, 0.11357559459283947, 0.10757044516503811, 0.10236716633662582, 0.11138526750728488, 0.11410935278981924, 0.10580890495330095, 0.11348180407658219, 0.11581690972670913, 0.1097700278274715, 0.1068646970205009, 0.11856472827494145, 0.11323093017563224, 0.12054757634177804, 0.11273004664108158, 0.11062552975490689, 0.1106708575040102, 0.10956565933302045, 0.11911370549350977, 0.11937288586050272]
2025-11-07 19:40:01 - ffalora - INFO - loss data:
2025-11-07 19:40:01 - ffalora - INFO - [12.47176375389099, 6.356736129522323, 0.4194393001496792, 0.23458123300224543, 0.20391751360148191, 0.17989681735634805, 0.17697567101567985, 0.17707500588148833, 0.17078811265528202, 0.1664837568998337, 0.15989222023636102, 0.17640107404440641, 0.15927972160279752, 0.16324507240206004, 0.16056142542511226, 0.1493898557499051, 0.14740009028464557, 0.14861412569880486, 0.14513863809406757, 0.14707812201231718, 0.14017861634492873, 0.1342773063108325, 0.15119974706321954, 0.14862664286047222, 0.14908250905573367, 0.1505087770521641, 0.13927372191101312, 0.14168067313730717, 0.13901326786726714, 0.13417488019913434, 0.13991445265710356, 0.13347371201962233, 0.13956817518919706, 0.1340122429654002, 0.1318396132439375, 0.1351652055978775, 0.14977260325103997, 0.13647516239434482, 0.13001105468720198, 0.13738154992461205, 0.1503772433847189, 0.1340112606063485, 0.13834731429815292, 0.1298667887225747, 0.13738232282921672, 0.13885153997689487, 0.1260734513401985, 0.136230041179806, 0.13384391255676747, 0.13115589115768672, 0.13103426061570644, 0.13359430618584156, 0.1291367322206497, 0.11798390857875347, 0.12430019667372108, 0.12102832626551391, 0.13531127143651248, 0.11971491770818829, 0.1279268017038703, 0.13036680761724712, 0.13205351643264293, 0.13415389638394115, 0.125445887632668, 0.12628392297774554, 0.13294707871973516, 0.12075141789391637, 0.12533328020945192, 0.12294575907289983, 0.1284192005172372, 0.12276556212455034, 0.12574416333809496, 0.12864784672856333, 0.12167640943080187, 0.13310261052101852, 0.12169261928647757, 0.11791035328060388, 0.11417044941335916, 0.12569164093583823, 0.12629492357373237, 0.11927850181236863, 0.12256830111145973, 0.12041365830227732, 0.11797649962827564, 0.11715573407709598, 0.12379053505137562, 0.11839524917304516, 0.13243324141949414, 0.13049879148602486, 0.11748748160898687, 0.120493395999074, 0.12566685136407613, 0.11919031664729118, 0.12309802323579788, 0.10135962860658765, 0.11987980548292398, 0.11935963351279498, 0.11174484668299556, 0.11066824747249485, 0.11549713546410204, 0.11069751661270857, 0.12092760596424341, 0.11247563939541577, 0.11049142498522996, 0.11633457373827696, 0.12127562910318374, 0.10694767814129591, 0.10416942555457354, 0.11511601824313403, 0.1111358392983675, 0.11579418946057557, 0.12086928579956294, 0.12154186610132456, 0.11359742600470782, 0.11572582535445691, 0.1113007752224803, 0.1160181381739676, 0.11181139191612602, 0.1172956875525415, 0.11935819638893008, 0.11225972548127175, 0.11637016702443362, 0.11662615165114404, 0.12339920084923506, 0.10594639917835594, 0.1148474344983697, 0.10869221147149802, 0.10328400870785118, 0.10717060025781393, 0.10826683798804879, 0.10681449119001626, 0.10431577330455184, 0.11273726793006063, 0.10476378928869962, 0.1133662915788591, 0.10697282170876861, 0.11520054982975125, 0.10745007107034325, 0.11116336304694414, 0.10788076091557741, 0.0997455014847219, 0.10263703837990762, 0.11251210812479258, 0.10643480783328413, 0.1205308998003602, 0.10864021833986043, 0.1175543618388474, 0.11511793788522481, 0.10245706057175993, 0.12131578773260117, 0.1000825671479106, 0.1102364064194262, 0.10045480309054255, 0.10534305907785893, 0.10508292056620121, 0.09842612482607366, 0.10372000727802515, 0.11192380078136921, 0.10372111862525343, 0.10633867178112269, 0.10634870138019323, 0.09602933162823318, 0.10910892961546778, 0.1103355847299099, 0.10537963723763824, 0.11016791872680187, 0.11111926957964897, 0.106510628759861, 0.09447435205802321, 0.10773495342582465, 0.11156236119568348, 0.11856322614476085, 0.10086380671709776, 0.10339131085202098, 0.09807344526052475, 0.10077772010117769, 0.10251160683110355, 0.10761144924908876, 0.1148053708486259, 0.10266542294993997, 0.10540083004161716, 0.10571828791871668, 0.10659359833225608, 0.10170241873711347, 0.09745482848957182, 0.10530059393495322, 0.10803179442882538, 0.09893839498981834, 0.10651980713009834, 0.1101026319898665, 0.10233673723414541, 0.10066546788439154, 0.11303689554333687, 0.10574332326650619, 0.11325081186369061, 0.10322124287486076, 0.10182819701731205, 0.10211820965632797, 0.10328683098778128, 0.11360880974680185, 0.1119702087715268, 0.10677039669826627, 0.10635466584935785, 0.10741461385041476, 0.09446137072518468, 0.10468095140531658, 0.09537883708253503, 0.09766887687146664, 0.10224689673632384, 0.10325919333845376, 0.10106355547904969, 0.10705194920301436, 0.10378018887713553, 0.11526307556778193, 0.09913707068189978, 0.10653838133439422, 0.10393736669793724, 0.0979148388840258, 0.10389364389702678, 0.09119589636102318, 0.10440757144242525, 0.10822784556075932, 0.10206630825996399, 0.10456330524757504, 0.10543477553874255, 0.11264065289869904, 0.09941190369427205, 0.09380529057234527, 0.0928620295599103, 0.1093993422575295, 0.09933978402987123, 0.09684513956308365, 0.1019383266568184, 0.10881807263940574, 0.09285293491557241, 0.09373161364346742, 0.10071787172928452, 0.09193581650033594, 0.09433540143072605, 0.09649261515587568, 0.09560230672359465, 0.10285877455025912, 0.09670532308518887, 0.10385327031835914, 0.10225187633186579, 0.09509796844795346, 0.09691069489344954, 0.1040556718595326, 0.09927705964073538, 0.10255905948579311, 0.10974391996860505, 0.09585047364234925, 0.09797382289543748, 0.10451676780357957, 0.0930127240717411, 0.09219666211865843, 0.10767140733078122, 0.09274074053391815, 0.09504287950694561, 0.0933885640464723, 0.09325958881527185, 0.10845421552658081, 0.08760742107406258, 0.10279790749773382, 0.10311709148809314, 0.09788893666118384, 0.10804092371836305, 0.0986966303549707, 0.09893532199785113, 0.10504521550610661, 0.10282772704958915, 0.1066529999487102, 0.10014072312042116, 0.10101796286180616, 0.09904423952102662, 0.08734060432761907, 0.09231261797249317, 0.09388443985953926, 0.09062616350129246, 0.0952181899920106, 0.09821096640080214, 0.0990792798809707, 0.09525284515693784, 0.10411422774195671, 0.09234208464622498, 0.10485072154551744, 0.10238665249198675, 0.0969829929061234, 0.09335815962404012, 0.10509239491075277, 0.10059715658426285, 0.10525505244731903, 0.0999197925440967, 0.09826128082349897, 0.09994972357526422, 0.09707478173077107, 0.09285402921959757, 0.09268881818279623, 0.0918599189259112, 0.09975455841049552, 0.09859506236389279]
2025-11-08 08:03:41 - ffalora - INFO - loss data:
2025-11-08 08:03:41 - ffalora - INFO - [12.47176375389099, 6.355908232927322, 0.4195686116814613, 0.2352907421067357, 0.203922862932086, 0.18037025518715383, 0.17722102738916873, 0.17725848965346813, 0.1709192506968975, 0.166542587056756, 0.1599628893658519, 0.1764600772410631, 0.15930212270468475, 0.16334592495113612, 0.16054833307862282, 0.14919529035687445, 0.14641587901860476, 0.1484175458550453, 0.1451632351614535, 0.14715408701449634, 0.14016465283930302, 0.13434820231050254, 0.15108533427119253, 0.1486127834767103, 0.1490706900134683, 0.15047821570187808, 0.13927348610013723, 0.14171005841344594, 0.1390531539916992, 0.13405320122838021, 0.13999413670971989, 0.13349418342113495, 0.13955338913947343, 0.13417678363621235, 0.13202687837183474, 0.1352632250636816, 0.14974686540663243, 0.13668114542961118, 0.1301666943356395, 0.13737386409193278, 0.15056281331926585, 0.13415789362043143, 0.13855243269354106, 0.12997006680816411, 0.13754305057227612, 0.1389033641666174, 0.1262693664059043, 0.13631633222103118, 0.13384108636528252, 0.13144718632102015, 0.13112972043454646, 0.1337264871224761, 0.12953559756278993, 0.1182507447898388, 0.12460310449823737, 0.12106944154947996, 0.1357111198827624, 0.11986621664837002, 0.1282436229288578, 0.1305647138506174, 0.132397685572505, 0.1344099694862962, 0.12559934481978416, 0.1264761982485652, 0.13340121936053037, 0.12098883921280502, 0.12563009969890118, 0.12324783504009246, 0.12876551710069178, 0.12308649457991122, 0.12622805088758468, 0.12887575663626194, 0.12203486803919077, 0.13336344016715884, 0.12200255002826452, 0.11837389133870602, 0.11470581898465754, 0.12608662527054548, 0.12685971083119513, 0.12028916133567691, 0.12325097322463989, 0.12054499816149472, 0.11827740650624037, 0.11791674196720123, 0.1242098799906671, 0.11962825190275907, 0.13299055378884078, 0.13085809610784055, 0.11856310702860356, 0.12076065242290497, 0.1263784511014819, 0.11984851574525238, 0.12382228197529913, 0.10261180764064193, 0.12157371416687965, 0.12014092868193985, 0.11272616684436798, 0.11119679566472768, 0.1171396222896874, 0.11126737911254167, 0.12188638802617788, 0.11368724144995213, 0.11160402968525887, 0.11674955543130636, 0.12221985338255763, 0.10826465394347906, 0.10487380605190992, 0.11575589403510093, 0.11187200322747232, 0.11686667576432229, 0.12227307911962271, 0.12267228625714778, 0.11506416443735362, 0.11677034655585886, 0.11230969596654178, 0.11760433744639158, 0.11245724903419613, 0.11862630154937506, 0.12010903498157859, 0.11318755168467759, 0.11744361277669668, 0.1185606276616454, 0.12510010944679378, 0.10724611897021533, 0.11653295094147324, 0.11032476779073477, 0.10510356668382884, 0.10833006957545877, 0.110684906039387, 0.10860408144071698, 0.10637482609599828, 0.11425670348107814, 0.10672300625592471, 0.11508552292361855, 0.10913997814059258, 0.11680770423263312, 0.10998491030186414, 0.1139257637783885, 0.10991306826472283, 0.10258400561288, 0.10501376688480377, 0.11448741368949414, 0.10913527188822628, 0.12399907596409321, 0.11053765285760164, 0.12030002102255821, 0.11724796714261174, 0.1057588303461671, 0.12495278045535088, 0.10333330053836107, 0.11322126854211093, 0.10277906311675906, 0.10838840510696172, 0.10907884249463679, 0.10271733477711678, 0.10659233145415783, 0.11570777799934148, 0.10720367347821594, 0.11026195473968983, 0.1097122434526682, 0.10070768464356661, 0.11354847652837635, 0.11442621909081936, 0.10889918990433216, 0.1137218963354826, 0.11409178059548139, 0.11141240503638983, 0.09938800996169447, 0.1121092184446752, 0.11612641280516983, 0.12374851554632187, 0.10621865522116422, 0.10765085499733687, 0.10266046887263655, 0.10532589992508293, 0.10705397929996252, 0.11209917794913055, 0.11854121321812272, 0.10711624966934324, 0.11039898879826068, 0.11138996537774801, 0.11357559459283947, 0.10757044516503811, 0.10236716633662582, 0.11138526750728488, 0.11410935278981924, 0.10580890495330095, 0.11348180407658219, 0.11581690972670913, 0.1097700278274715, 0.1068646970205009, 0.11856472827494145, 0.11323093017563224, 0.12054757634177804, 0.11273004664108158, 0.11062552975490689, 0.1106708575040102, 0.10956565933302045, 0.11911370549350977, 0.11937288586050272]
2025-11-11 11:04:33 - ffalora - INFO - loss data:
2025-11-11 11:04:33 - ffalora - INFO - [12.01658022403717, 6.405697755515575, 0.4289728831499815, 0.2371062099933624, 0.20682890824973582, 0.1861570756882429, 0.1814093505963683, 0.17804070990532636, 0.1808414150029421, 0.1716511145234108, 0.15976043771952392, 0.14750688560307026, 0.16874500680714846, 0.15657598040997983, 0.15339201390743257, 0.1441345175728202, 0.14542567059397699, 0.15540530160069466, 0.14781159702688457, 0.1496974052861333, 0.13800288308411837, 0.14649513214826584, 0.1396725321188569, 0.14223812464624644, 0.14325171187520028, 0.1483184365555644, 0.13980296403169631, 0.15281476266682148, 0.13862157948315143, 0.14288499355316164, 0.13707482852041722, 0.1366805648431182, 0.1393930919468403, 0.14416008070111275, 0.1336714170873165, 0.1309322638437152, 0.13888347763568165, 0.12817183639854193, 0.1365361712872982, 0.1302823039703071, 0.1314429296180606, 0.1315487887710333, 0.14236455168575046, 0.13418433405458927, 0.12858457993716002, 0.12848349381238222, 0.1267052751034498, 0.13405102901160718, 0.12422310411930085, 0.1266293128952384, 0.1271472355350852, 0.12536177439615132, 0.1287692110054195, 0.1335422223433852, 0.1273618504405022, 0.12660766430199147, 0.1227159371599555, 0.12382738143205643, 0.11892403457313777, 0.12034826893359422, 0.12022857693955302, 0.12350681554526091, 0.11479184161871672, 0.12643460612744092, 0.13059303741902112, 0.127153629809618, 0.1305206034332514, 0.11583987521007658, 0.11501630637794732, 0.12664768565446138, 0.11860564099624753, 0.11890382301062345, 0.11490514455363154, 0.12181832883507013, 0.1220226082019508, 0.11573630347847938, 0.11771373003721237, 0.11415415033698081, 0.11828135251998902, 0.11092189904302359, 0.11593788731843233, 0.11231225673109294, 0.11313183484598995, 0.11836650911718608, 0.11914126640185714, 0.11336058070883154, 0.11687100436538458, 0.11521881371736525, 0.1139447282999754, 0.11245065629482269, 0.11395924352109432, 0.10579963643103837, 0.11115958346053958, 0.10875679794698953, 0.11240662056952715, 0.11459969654679297, 0.10630339849740267, 0.11050016563385726, 0.10464825984090567, 0.10732059897854923, 0.10760058360174299, 0.11086366213858127, 0.10871625188738107, 0.10466874474659563, 0.11284020012244582, 0.11594701204448939, 0.10470903366804123, 0.10029075918719173, 0.1089747404679656, 0.1026778792962432, 0.10489047598093748, 0.11446075681596994, 0.1049413038417697, 0.10509347170591354, 0.106983545050025, 0.11594202667474747, 0.11906602671369909, 0.1028717235662043, 0.10197841292247176, 0.10687161469832063, 0.10678855683654546, 0.09857773259282113, 0.10018633045256138, 0.10719812018796801, 0.09826384000480175, 0.10792333204299212, 0.10822055395692587, 0.10104438122361897, 0.10489495964720845, 0.11041520861908793, 0.09920080853626131, 0.10687168715521694, 0.10151111418381334, 0.09563369043171406, 0.09893444739282131, 0.10796090550720691, 0.1072730103507638, 0.09340162277221681, 0.09922588914632798, 0.10474613625556231, 0.09625688521191478, 0.10220251930877566, 0.09982755156233906, 0.10462198024615646, 0.10755206234753131, 0.09704272234812378, 0.10059462245553732, 0.09838499464094638, 0.09521809974685311, 0.0957020920701325, 0.09340280881151557, 0.10764821553602816, 0.09929456869140267, 0.10071586100384594, 0.09173773387447, 0.08881244547665118, 0.09669744223356247, 0.10258202766999602, 0.09373492682352663, 0.10071179363876581, 0.10064251003786923, 0.09921120880171658, 0.09693028526380659, 0.09749925024807454, 0.1008976954035461, 0.10039057554677129, 0.09514574902132153, 0.09640134498476982, 0.09868407649919392, 0.09844121569767594, 0.09755911771208048, 0.0946043161675334, 0.10164693696424365, 0.09134621433913709, 0.09223376978188753, 0.0973405260592699, 0.09442966720089316, 0.09402425875887274, 0.10061136772856116, 0.0887499574571848, 0.10593192838132381, 0.10335389990359545, 0.0873692742548883, 0.1008130770176649, 0.09731319639831781, 0.10505134919658303, 0.09503211006522178, 0.10237569930031895, 0.09955804795026779, 0.08791397977620363, 0.09464132525026797, 0.09680406032130123, 0.09740220736712218, 0.09329536966979504, 0.0962470349855721, 0.0934516535140574, 0.09508887948468328, 0.09238874232396484, 0.10051934542134405, 0.09613318592309952]
2025-11-11 19:30:35 - ffalora - INFO - loss data:
2025-11-11 19:30:35 - ffalora - INFO - [11.306272506713867, 6.4852286040782925, 0.44613233394920826, 0.21962265633046626, 0.21195814050734044, 0.1909856440499425, 0.1864082282409072, 0.17748163156211377, 0.16823556311428547, 0.17840274088084698, 0.16644686926156282, 0.16103660594671965, 0.16194250602275134, 0.16678643319755793, 0.15872569903731346, 0.1604298111051321, 0.14888884369283917, 0.14722286388278005, 0.14836929626762868, 0.1534041676670313, 0.13666558358818293, 0.14081240203231574, 0.13740406781435013, 0.14978910852223637, 0.1460663603618741, 0.14225645372644066, 0.14401112627238033, 0.13415571302175522, 0.1413935448974371, 0.14468671064823868, 0.1335766460746527, 0.14003543592989443, 0.14795418716967107, 0.13600587435066702, 0.12240605615079403, 0.14002442853525282, 0.1484357064589858, 0.136212751083076, 0.12349529545754195, 0.13200885746628044, 0.12854784838855265, 0.13799971491098406, 0.13082058960571885, 0.12630748879164458, 0.137087797280401, 0.12584482599049807, 0.1261403953656554, 0.13483289852738378, 0.1254259661771357, 0.12536258567124606, 0.1220013590529561, 0.13091708328574897, 0.13464211374521257, 0.13738431315869093, 0.13002293482422828, 0.11836910285055638, 0.12769503621384504, 0.12376222340390086, 0.12205430893227458, 0.12810818841680882, 0.12447924856096507, 0.1237706732004881, 0.12060225373134018, 0.12563670938834548, 0.12142378482967614, 0.12291153399273753, 0.12137652318924666, 0.12286321157589555, 0.10958090908825396, 0.11708699576556683, 0.12150448877364398, 0.12240464314818382, 0.11827966431155801, 0.12503393683582545, 0.11225644452497363, 0.11636430565267802, 0.1168419860303402, 0.11412536408752202, 0.12157705463469029, 0.11400893647223712, 0.11009725369513035, 0.12364133913069963, 0.10576045876368881, 0.10938867786899209, 0.1166097984649241, 0.12073189243674279, 0.11379551207646728, 0.11414498388767243, 0.11096580056473612, 0.11477984068915248, 0.1191953438334167, 0.10625174511224031, 0.11684455731883645, 0.10503287715837359, 0.10774098606780172, 0.11373512092977762, 0.11124174473807216, 0.10933583918958903, 0.11120129898190498, 0.10450471052899957, 0.10160717293620108, 0.10366285499185324, 0.10196103723719716, 0.1106734562665224, 0.09597330121323466, 0.10704817622900009, 0.11114495284855366, 0.10097853131592274, 0.10531943738460542, 0.10016760434955357, 0.09893522029742599, 0.10787102598696946, 0.10459152627736329, 0.10767986048012972, 0.11533458167687058, 0.10621823379769921, 0.09525768728926778, 0.11017097486183047, 0.10025098836049437, 0.1064258768223226, 0.10623677102848887, 0.10707212388515472, 0.10005476102232932, 0.10548886926844717, 0.10623943516984583, 0.09144413340836763, 0.10689522884786129, 0.10870002983137965, 0.10927795032039285, 0.11021722927689553, 0.11673733964562416, 0.1037981141358614, 0.09741735337302089, 0.10944964196532964, 0.10742333745583892, 0.10053217224776745, 0.10647676251828671, 0.0980597587302327, 0.0940270522609353, 0.100765086337924, 0.10228245463222266, 0.10515209697186947, 0.10264801913872361, 0.10598748214542866, 0.10421426109969616, 0.1082357356324792, 0.10051342733204366, 0.11015193816274405, 0.10112843792885542, 0.09979943064972759, 0.10983808944001794, 0.09476585239171982, 0.09277572287246585, 0.09829889228567482, 0.11039419220760466, 0.09565160749480128, 0.09565018210560083, 0.10234142197296023, 0.10312935225665569, 0.09480824396014213, 0.0942041317000985, 0.09972454393282533, 0.09697365947067738, 0.0953772597014904, 0.10269062807783484, 0.10152944987639785, 0.10211052456870676, 0.10293799554929137, 0.10690634753555059, 0.09106082022190094, 0.1000429649837315, 0.10272168517112731, 0.10482739629223942, 0.09818358756601811, 0.09005759917199613, 0.09755799360573292, 0.09548876918852328, 0.1030738316476345, 0.08636728608980776, 0.09606672888621688, 0.08819568557664753, 0.0968668058514595, 0.10003263922408223, 0.0965002085082233, 0.10142453014850616, 0.09211996626108884, 0.09480807418003678, 0.10424136146903037, 0.09532695738598704, 0.09706932092085481, 0.10031245276331902, 0.09701452106237411, 0.09832427920773626, 0.09484852980822325, 0.09309258367866277, 0.10582131333649158, 0.0972335304133594, 0.09452987974509597, 0.09742598365992308, 0.09956738287582993]
2025-11-12 07:46:55 - ffalora - INFO - loss data:
2025-11-12 07:46:55 - ffalora - INFO - [12.470503830909728, 6.3898699343204495, 0.40447244234383106, 0.22761911563575268, 0.1972824912518263, 0.18493673987686635, 0.18779010977596045, 0.17244460489600896, 0.1642222922295332, 0.16470567956566812, 0.15706966668367386, 0.1473510622046888, 0.15894897915422918, 0.15198718234896658, 0.16325516514480115, 0.14994935803115367, 0.15192376878112554, 0.1639330992475152, 0.15171356555074453, 0.16406482569873332, 0.14433407057076691, 0.1461000295355916, 0.14493675865232944, 0.14560142233967782, 0.14138734322041274, 0.147839798592031, 0.14399203648790718, 0.1465372212231159, 0.13893021326512098, 0.13271794393658637, 0.14339073710143568, 0.146568894200027, 0.13927361369132996, 0.1436104651540518, 0.12908537033945322, 0.13399079237133266, 0.1399863764643669, 0.1331727659329772, 0.12821725476533175, 0.14465857818722727, 0.1318722978234291, 0.13272158540785312, 0.1319123851135373, 0.13563722800463437, 0.12928470186889174, 0.1332955349236727, 0.13099177423864602, 0.12438794746994972, 0.1281979322433472, 0.1342963632196188, 0.13301687519997357, 0.1312542028725147, 0.13497719690203666, 0.12095132321119309, 0.12786394506692886, 0.12537951208651066, 0.12872230373322963, 0.13088793363422158, 0.12532675005495547, 0.12196791665628554, 0.11525144744664431, 0.1335081771016121, 0.11672407034784554, 0.12036273833364249, 0.11624257657676934, 0.12144633550196887, 0.12680788654834033, 0.13318691942840816, 0.11480512209236621, 0.1218220755457878, 0.11750170411542057, 0.11278652772307396, 0.11414379868656396, 0.12812205497175455, 0.1096112048253417, 0.11709108576178551, 0.10265358891338111, 0.11314434204250573, 0.1185965834185481, 0.11466571148484946, 0.11242282949388027, 0.11670698011294008, 0.11867028791457415, 0.10660748258233071, 0.11250367248430848, 0.11819787211716176, 0.11376166073605418, 0.11453608367592097, 0.11456074062734842, 0.11323033710941673, 0.11474177530035376, 0.10537448208779096, 0.11165448967367411, 0.10253344820812343, 0.11104263067245483, 0.11069961516186594, 0.11759286588057875, 0.1091652630828321, 0.11726474268361925, 0.10888896724209189, 0.10646634064614773, 0.1123274709098041, 0.10102010592818261, 0.10779512450098991, 0.11655190596356987, 0.10225419495254755, 0.10966059416532517, 0.11371499411761761, 0.10973770767450333, 0.11772307436913251, 0.10860707256942988, 0.10719278370961546, 0.10234330808743836, 0.10536712165921927, 0.10927533591166139, 0.11786086298525333, 0.09869257202371956, 0.10087069272994995, 0.1048893665894866, 0.11232200767844916, 0.10414801379665733, 0.09889471950009465, 0.1056026709266007, 0.10633000079542398, 0.10856562824919819, 0.1125356093980372, 0.10193055840209125, 0.11259479690343141, 0.09610515097156166, 0.1077682682313025, 0.0999612079001963, 0.09597681704908609, 0.1084979717619717, 0.10311492392793298, 0.1092382486909628, 0.10532542821019888, 0.1088657329790294, 0.10464367726817728, 0.10587994139641524, 0.10576144512742758, 0.11006533978506922, 0.10689449142664671, 0.10587014872580766, 0.10419190237298609, 0.10081907492130995, 0.09821576364338398, 0.09802782498300075, 0.10122478790581227, 0.10039090402424336, 0.10415099132806063, 0.10284280870109797, 0.10070041595026852, 0.10722505589947104, 0.10300777414813637, 0.09130349569022655, 0.11080078575760126, 0.10657541109248996, 0.11133660124614836, 0.09930716445669532, 0.10089668715372682, 0.10100287040695549, 0.10261140195652843, 0.10216662148013711, 0.10140213193371891, 0.09549611089751124, 0.09684463534504176, 0.10074164550751447, 0.1082268925383687, 0.10126923751085998, 0.09985293354839087, 0.09462395831942558, 0.09804880442097783, 0.09514037603512407, 0.10198957240208983, 0.09133282955735922, 0.09941224493086338, 0.10289287455379963, 0.10527377985417843, 0.09443580685183406, 0.09398277327418328, 0.10121707525104284, 0.091453065443784, 0.09896190296858548, 0.09970954190939665, 0.10113511867821216, 0.10246448954567314, 0.0973503046669066, 0.09844582499936223, 0.10072415079921485, 0.08871291251853108, 0.08902717996388673, 0.10467274822294712, 0.09384713741019368, 0.1039908118546009, 0.10379257649183274, 0.09944356456398964, 0.0954864827916026, 0.10243547959253192, 0.0971911447122693, 0.10008168295025827]
2025-11-24 23:17:50 - ffalora - INFO - loss data:
2025-11-24 23:17:50 - ffalora - INFO - [12.272420251369477, 6.5017927378416065, 0.42515534684062006, 0.23280287422239782, 0.19969099685549735, 0.17906530387699604, 0.18849673923105, 0.17705985587090253, 0.1737417381256819, 0.17319567278027534, 0.16734929848462343, 0.1487285479903221, 0.16364485900849104, 0.15521340407431125, 0.14446966350078583, 0.15463227033615112, 0.15807371940463782, 0.15459149666130542, 0.15472715981304647, 0.15464879460632802, 0.15380389932543037, 0.14580504242330788, 0.14930537790060044, 0.151772272400558, 0.15853135455399753, 0.14294653870165347, 0.14688122253865005, 0.14072134979069234, 0.13763322681188583, 0.13861144557595254, 0.1446939779445529, 0.1501353170722723, 0.14520670790225265, 0.1399033445864916, 0.14337986297905445, 0.13561342265456916, 0.13823087140917778, 0.1498240005224943, 0.1353539077565074, 0.13446621056646108, 0.14008484818041322, 0.1537823610007763, 0.13787134997546674, 0.13882039692252873, 0.13937555048614741, 0.12722188923507927, 0.1374782122671604, 0.13113673981279134, 0.1428423998877406, 0.13533418681472542, 0.12982048746198416, 0.12963191382586955, 0.12858312260359525, 0.12375271078199149, 0.12418497577309609, 0.13759974986314774, 0.11940006604418157, 0.12585695516318085, 0.13162800334393976, 0.13070295415818692, 0.13023185785859823, 0.12403998076915741, 0.11978141814470292, 0.12023234898224473, 0.12952318554744124, 0.1263295564800501, 0.12416549902409316, 0.12570460345596074, 0.1153991810977459, 0.12743810899555683, 0.12568586515262722, 0.11536400588229298, 0.12157720606774092, 0.12614708114415407, 0.12196435751393438, 0.12320331893861294, 0.12595068905502557, 0.12464223969727754, 0.12599119320511817, 0.12839875929057598, 0.12460274072363972, 0.12203257400542497, 0.12754055745899678, 0.11519530778750778, 0.12401863858103751, 0.12399122174829244, 0.12327318172901869, 0.1286249655298889, 0.11347115300595761, 0.1168038621544838, 0.12823914317414165, 0.12787268422544001, 0.12152512529864908, 0.11010235529392957, 0.12123737474903465, 0.12401288105174899, 0.12634170334786177, 0.11603706469759345, 0.11401054244488479, 0.11164575740695, 0.12345832837745548, 0.1197607078589499, 0.10985576501116157, 0.1203814096748829, 0.11825085021555423, 0.12025902895256876, 0.10905697699636221, 0.10876084193587303, 0.1191910802386701, 0.10615451335906984, 0.1122473214752972, 0.11695442320778966, 0.10490382136777043, 0.12321253325790166, 0.11361392196267843, 0.1264349054545164, 0.1172671115025878, 0.1231141347438097, 0.11385174207389355, 0.12088488647714257, 0.11311708260327577, 0.11341149099171162, 0.11566827157512308, 0.11097903763875366, 0.1126138505525887, 0.10874060587957501, 0.11083473432809116, 0.11788583230227231, 0.10673835594207048, 0.10936370408162474, 0.1157530851662159, 0.11341875307261944, 0.11541599482297897, 0.10974912904202938, 0.10566222369670868, 0.10994535274803638, 0.11856058146804571, 0.110729393735528, 0.10442250566557049, 0.11064671277999878, 0.10721315005794169, 0.11251183617860079, 0.11512739025056362, 0.10901114493608474, 0.1186287478543818, 0.10911368941888214, 0.12418477032333612, 0.10445226542651653, 0.11760851284489035, 0.11390400351956487, 0.1125322594307363, 0.10873479619622231, 0.1141544277779758, 0.10710489423945546, 0.11416001059114933, 0.11369217690080405, 0.10914459312334657, 0.1071579609066248, 0.10832329839468002, 0.11648733615875244, 0.111392324231565, 0.10005634911358356, 0.11117012659087777, 0.11191881131380796, 0.10840152390301228, 0.11734593342989683, 0.10803646743297576, 0.10270450776442885, 0.10966994911432267, 0.11428303588181735, 0.10989105058833956, 0.11748710498213769, 0.10664466144517065, 0.10946206152439117, 0.10928961904719472, 0.1073609714396298, 0.10936573911458254, 0.12125089354813098, 0.10793838538229465, 0.10603650342673063, 0.10262280376628041, 0.10806079916656017, 0.11627513943240046, 0.10010293899103999, 0.10026797400787472, 0.1196287401020527, 0.1015856116078794, 0.10681336745619774, 0.11445285566151142, 0.11664597243070603, 0.10722978999838234, 0.11240932010114194, 0.10847310880199075, 0.11438050884753465, 0.10803564628586174, 0.11554516041651368, 0.10473697828128933, 0.11228499291464686, 0.1058354160748422, 0.10421699248254299]
2025-11-25 01:56:39 - ffalora - INFO - loss data:
2025-11-25 01:56:39 - ffalora - INFO - [12.081242036819457, 6.332621890306473, 0.4402184296399355, 0.22753537688404324, 0.1960477078333497, 0.18145352937281134, 0.18111557569354772, 0.16538644973188638, 0.16157251615077256, 0.16665047239512204, 0.15928330477327107, 0.16410895790904761, 0.15580333806574345, 0.1482087679207325, 0.16043059714138508, 0.14954148661345243, 0.15501412190496922, 0.14354531187564135, 0.14460623022168873, 0.15436806101351974, 0.14667013082653285, 0.13982584923505784, 0.14119610674679278, 0.1527371384203434, 0.14021577443927524, 0.14128752052783966, 0.15035921204835176, 0.13598969858139753, 0.1465334540233016, 0.14022928550839425, 0.1411881918087602, 0.14086602479219434, 0.14055340047925713, 0.13921799492090942, 0.13045653924345968, 0.1381042143329978, 0.13664312306791543, 0.1454535972326994, 0.14045970663428306, 0.14221350084990264, 0.13719174852594734, 0.13102859817445278, 0.13965612445026637, 0.14098772667348386, 0.1353849047794938, 0.12727127186954024, 0.12654857989400625, 0.13619580529630185, 0.1355355866253376, 0.13339885948225855, 0.11896671522408724, 0.12938321381807327, 0.12748249620199203, 0.13346353638917208, 0.12840750897303224, 0.13593652807176115, 0.12956288531422616, 0.1370400408282876, 0.12256705984473229, 0.1239471698179841, 0.14788173567503693, 0.12208547890186311, 0.11715675704181194, 0.13225251995027065, 0.13188935052603484, 0.1306407941505313, 0.13195456564426422, 0.126259561534971, 0.13183291014283896, 0.1298829350620508, 0.13373592076823115, 0.12136046718806029, 0.11964394450187683, 0.11693364949896932, 0.11730443825945258, 0.13299477826803924, 0.11954930173233153, 0.13290726672858, 0.12256671581417322, 0.12406994998455048, 0.12198666632175445, 0.11765301879495382, 0.11344906426966189, 0.11616853335872293, 0.12142845708876848, 0.11358283441513777, 0.12347497083246708, 0.11097078016027809, 0.11551878154277802, 0.12401370387524366, 0.11406275238841772, 0.1204203676432371, 0.12274497970938683, 0.12982124127447606, 0.12664326876401902, 0.11770884655416011, 0.12320274431258439, 0.11598772527649999, 0.130067834071815, 0.11937277782708407, 0.11742835259065032, 0.1178461905568838, 0.14167307317256927, 0.11340590659528971, 0.11850221045315265, 0.11704297056421636, 0.10173872346058488, 0.11239207340404392, 0.11509239375591278, 0.11622089678421617, 0.11166989021003246, 0.11626789439469576, 0.1143355244770646, 0.11589948544278741, 0.11422232743352652, 0.11517214747145771, 0.11487478772178292, 0.12177701508626343, 0.10984139125794172, 0.11962290797382594, 0.11705616973340512, 0.11457417840138079, 0.1288356876000762, 0.11174715235829354, 0.10932039804756641, 0.11515238480642438, 0.11447646161541342, 0.10688710706308484, 0.10962121924385429, 0.11630408000200987, 0.10927783539518714, 0.1137260745279491, 0.11014672443270683, 0.12180662900209427, 0.11357831954956055, 0.11805271189659834, 0.10374022088944912, 0.11214226391166449, 0.11435300456359983, 0.10896136285737157, 0.11813132306560874, 0.10469603035598993, 0.1132762067951262, 0.11090994272381066, 0.106889914162457, 0.12397101018577814, 0.10968840206041933, 0.12470677569508552, 0.11869451859965921, 0.11355702765285969, 0.1160034228116274, 0.10839697048068048, 0.11622720453888177, 0.12087262868881227, 0.11334942877292634, 0.1220339210703969, 0.10545126562938094, 0.1049697631970048, 0.1130996324121952, 0.11284599341452121, 0.09994478663429618, 0.10644228952005505, 0.10734622217714787, 0.11721211690455675, 0.10628039026632904, 0.10336551750078798, 0.11732945907860995, 0.10772610520943998, 0.1104356113821268, 0.11857663383707405, 0.11412243079394102, 0.10589911192655563, 0.10988942580297589, 0.10524463215842844, 0.10792635940015316, 0.1182903254404664, 0.11552090607583523, 0.10079314364120365, 0.11472786776721478, 0.10091406442224979, 0.11025939779356123, 0.11552820121869445, 0.10236944388598204, 0.11856657145544887, 0.1154324010014534, 0.1107646318152547, 0.11702876714989544, 0.11061621503904462, 0.10215344652533531, 0.1102419131435454, 0.10645391587167978, 0.11326762177050115, 0.11266393652185798, 0.10385871594771742, 0.11845858599990607, 0.11113545168191194, 0.1083873358555138, 0.10850259196013212, 0.10940037881955504, 0.10941783171147107]
2025-11-25 04:41:08 - ffalora - INFO - loss data:
2025-11-25 04:41:08 - ffalora - INFO - [12.646697783470154, 6.525882670283318, 0.4047326445579529, 0.23937636204063892, 0.19093367606401443, 0.17153781894594433, 0.18199093677103517, 0.16263993568718432, 0.16468464229255914, 0.1649920128285885, 0.1719520464539528, 0.16682796999812127, 0.14606970474123954, 0.17208510283380746, 0.14623415060341358, 0.16240622028708457, 0.14422542843967676, 0.16786844432353973, 0.150829541683197, 0.16236218810081482, 0.1624714728444815, 0.1495091926306486, 0.1623578665778041, 0.1478066774085164, 0.13411649409681559, 0.1446766434237361, 0.13322349227964878, 0.14186515267938377, 0.14315288942307236, 0.13640482500195503, 0.14342202804982662, 0.14147290047258138, 0.13196162637323142, 0.14322846662253141, 0.1343926662579179, 0.13123029898852112, 0.13978429194539785, 0.13433084711432458, 0.13904245886951686, 0.1353422841988504, 0.13019295055419206, 0.12927548941224815, 0.1260035704821348, 0.1351413246244192, 0.13024153970181943, 0.1399586122483015, 0.1371521381661296, 0.137009044457227, 0.1262866656295955, 0.12373781129717827, 0.12902571875602006, 0.14542291983962058, 0.1195161234587431, 0.1273114575073123, 0.11853856556117534, 0.12812907993793488, 0.12514543551951646, 0.11622704938054085, 0.12643728768453003, 0.13787862863391637, 0.1349041685461998, 0.13282376974821092, 0.13375542927533388, 0.13652408327907323, 0.13167264526709915, 0.12688054963946344, 0.1159897924400866, 0.12096898555755616, 0.1235921835526824, 0.1350786056369543, 0.11923006791621446, 0.1351216908544302, 0.1281629498116672, 0.12530192602425813, 0.11757274065166712, 0.12680021282285453, 0.12297993460670113, 0.12669894918799401, 0.12741959225386382, 0.12722685951739549, 0.12145499661564826, 0.1286879237741232, 0.1256444941274822, 0.11471437318250537, 0.12237608255818486, 0.12496274914592503, 0.12220767149701714, 0.11493908958509565, 0.11214327160269022, 0.12622406892478466, 0.1158601924777031, 0.10658000800758599, 0.11785572543740272, 0.12186888195574283, 0.12222828147932888, 0.11967313569039106, 0.12129161627963186, 0.11736207790672779, 0.12187169659882784, 0.1217338815331459, 0.11980289192870258, 0.11645597731694579, 0.11895350180566311, 0.1188830653205514, 0.11949443556368351, 0.12507627382874487, 0.12019530422985553, 0.11902236239984632, 0.11357928216457366, 0.11101343920454383, 0.12294215019792318, 0.10991443768143654, 0.11510553155094386, 0.11220456473529339, 0.12513692276552318, 0.12179580572992563, 0.12243327293545009, 0.10712586333975196, 0.10786062348634004, 0.11159941516816616, 0.11184517601504922, 0.10718283401802182, 0.11447843462228775, 0.11876814998686314, 0.1244134652428329, 0.10100979395210744, 0.11273078937083483, 0.11775806434452535, 0.11195464534685015, 0.11506309863179923, 0.11379699232056736, 0.11432737270370126, 0.10414991984143854, 0.1140991353429854, 0.1122714351862669, 0.11075303922407329, 0.11184513736516238, 0.11971644777804613, 0.11360545689240098, 0.10213261917233467, 0.11621807906776667, 0.11356301372870803, 0.10737362252548337, 0.10404640920460224, 0.11303584817796945, 0.10731275966390968, 0.11211353670805693, 0.11183046419173479, 0.10987793300300835, 0.12281827088445425, 0.1148689859546721, 0.10040689259767532, 0.11267788354307412, 0.1083727553486824, 0.11203762739896775, 0.11133027132600545, 0.11494734082370997, 0.11370534738525748, 0.12071425411850215, 0.09918054658919573, 0.11753436569124459, 0.11206246986985208, 0.10653060311451554, 0.10182055020704867, 0.10716192666441202, 0.10894823912531137, 0.1113897392526269, 0.1024635755456984, 0.1142347508110106, 0.09921660255640746, 0.10791306244209409, 0.10506513770669698, 0.11172577636316419, 0.12411882542073727, 0.12111338637769223, 0.10936420429497958, 0.10995814083144069, 0.11045953594148158, 0.11200368441641331, 0.11787877660244703, 0.10939833587035537, 0.11337324548512698, 0.1202852314338088, 0.11230348590761424, 0.1075392946600914, 0.10640102848410607, 0.1111971045844257, 0.11423164829611779, 0.10923606511205435, 0.10054172948002815, 0.10392660200595856, 0.10424944814294576, 0.11102425605058669, 0.11229166723787784, 0.11270066741853953, 0.11380302011966706, 0.11136505799368024, 0.11467552036046982, 0.11910974588245153, 0.12291738484054804]
