2025-11-06 09:33:01 - ffalora - INFO - loss data:
2025-11-06 09:33:01 - ffalora - INFO - [0.6935293189691085, 0.5918750880415449, 0.8612205013632774, 1.4261742593610989, 0.5035099334442955, 1.5426757484674454, 0.8759511156301749, 0.7736614140533451, 0.7902056715554662, 1.0752428066928674, 0.822772383193175, 1.1216204003948305, 0.6864613878230255, 0.5793661282054687, 0.9870875302702189, 0.5475475578206694, 0.7526154740092655, 0.6404354273314204, 0.5146374083641503, 0.6769057900334398, 1.0158966472372413, 0.5284340490141641, 1.0105491615831852, 0.6793961754068732, 0.7067542504793143, 0.6298474838190219, 0.5493475774704826, 0.659079131980737, 0.6034843465313315, 0.3008610821059464, 0.2796982082667657, 1.1791850182538233, 0.4414702842110082, 0.4706488322793392, 0.3306396371448904, 0.593903808388859, 0.7289663783856668, 1.1444783251732589, 0.5564188454300165, 0.5345842788616817, 0.5066790789779689, 0.7283802902031886, 0.5060599055262952, 0.5608327864554891, 0.4174430083418102, 0.5384690007166043, 0.6763613726943731, 0.35917729970518186, 0.6214033334205549, 0.29138272998130155, 0.7595599287499984, 0.3968347194294135, 0.38414761438673617, 0.37876814097705247, 0.7688081103066603, 0.6230100281536579, 0.4696304276585579, 0.45239694188866353, 0.46557545103132725, 0.43145588462186213, 0.35474390699984687, 0.5802208236936066, 0.5573642980855178, 0.5987365124747157, 0.4127896210934171, 0.43856879727294046, 0.40525606656447055, 0.759088190831244, 0.868868862123539, 0.6706756743438104, 0.3617817523027362, 0.5720177100331237, 0.3421149284889301, 0.2369416841279922, 0.722351023927331, 0.3285583859775215, 0.3467534722417201, 0.31892061013948275, 0.3260873909360574, 1.2763886864607532, 1.1383637056192932, 0.2586762965656817, 0.7075530652267238, 0.3331510543703896, 0.7218987380987719, 0.8085837355504433, 0.23966047348868516, 0.5792548898607492, 0.47322505544505866, 0.32372485005639884, 0.7300838525133098, 0.46356822369206285, 0.493086737142328, 0.29445333300942655, 0.22373526839914526, 0.41743476100658117, 0.20338285367890624, 0.5129183122060366, 0.5228369347751141, 0.3940013527870178, 0.6837619103491306, 0.5280561071510116, 0.7245246419010477, 0.25227542199289477, 0.37316546661572325, 0.42297288278738654, 0.47017633692737215, 0.5047014431407054, 0.4502662058505747, 0.20306150936276507, 0.2713070578753508, 0.45829101162962615, 0.5045980138461227, 0.46264448516691725, 0.2960802909607688, 0.2870097366310116, 0.9760497648579379, 0.4696162502190062, 0.28932534623891115, 0.516227317908231, 0.5066585977123502, 0.38234615288674834, 0.4082883982716695, 0.1883157411098687, 1.6002926975488663, 0.23282101913968004, 0.9587093183661208, 0.30016467709809647, 0.38936173343099656, 0.5012763926448921, 0.3482229587311546, 0.7512148510664701, 0.5996317333158325, 0.5612373702444029, 0.3913339587549368, 1.0913262069225311, 0.2828821390867233, 0.3843988514626804, 0.43967026233782663, 0.5499949525110424, 0.45795799636592466, 0.4535948700892428, 0.5413187880069017, 0.5718296057234208, 0.4494163434952497, 0.5252646586209859, 0.7024343926459551, 0.3726596934720874, 0.5306630420918558, 0.47501535614331564, 0.4114230169604222, 0.5409375909715891, 0.46617098913945176, 0.6652460160354774, 0.3071387764828944, 0.405048119147716, 0.4777103491127491, 0.4688154414917032, 0.47646818136175473, 0.45212718710576094, 0.6726124137639999, 0.7301369160413742, 0.43584538087387203, 0.3278549531049896, 0.2829761394661748, 0.623039352266412, 0.38751509846188126, 0.5843476620667121, 0.4960422203876078, 0.5839936874414745, 0.41602511879938997, 0.5232068337500095, 0.5480165034532547, 0.5747385531663894, 0.5241345878690481, 0.6428220272064209, 0.5270564871675828, 0.5961021275623986, 0.5122360662660665, 0.4957776123036941, 0.5144785929093326, 0.46806339518455287, 0.34659771248698235, 0.46732537618473824, 0.5792563334107399, 0.47363435098722617, 0.3784349885187378, 0.61295983530581, 0.6195822584132353, 0.5127247873889773, 0.46298850793391466, 0.3994773783257618, 0.5697673190385103, 0.6612067485556883, 0.4795093869747561, 0.5880081745631555, 0.6377868014077346, 0.5486508237818877, 0.4712073367412971, 0.6604108608638246]
2025-11-10 09:14:54 - ffalora - INFO - loss data:
2025-11-10 09:14:54 - ffalora - INFO - [0.7099161759680628, 0.5800024516725292, 0.8245342518938215, 1.3912477616001577, 0.49638692516130967, 1.453596350736916, 0.7862176220667989, 0.5456671502738111, 0.689053756640836, 0.8672396483285654, 0.6729629212369521, 0.7023013378493488, 0.7140022854010264, 0.4485350996746044, 1.0597190102562308, 0.4543352677590317, 0.7509467335185036, 0.4722167551243568, 0.3910717667701344, 0.41907650880360353, 0.719454831443727, 0.4270606804549118, 0.6708313757553697, 0.5734485312054555, 0.6586887060445459, 0.5603963285684586, 0.5739642533966723, 0.5703050792217255, 0.437072079628706, 0.3528578375466168, 0.3308513350733039, 1.108742093667388, 0.39916534702244555, 0.4606798951824506, 0.24863807081662043, 0.639880558475852, 0.5312240723520517, 1.0630762110153833, 0.4792055795590083, 0.4360826770464579, 0.4256935314171844, 0.7286781369169292, 0.5236162980835812, 0.5389473975489014, 0.4294277986413554, 0.6055637368061594, 0.6582619887776673, 0.3509715162471562, 0.6327791757260759, 0.27445302469034993, 0.771300399551789, 0.3916806237565147, 0.41927326363480943, 0.3614477564298891, 0.7037510937243178, 0.559748417387406, 0.3697739016109457, 0.4856221037216826, 0.4116120273247361, 0.4120599187034018, 0.3522913070468634, 0.5337134554154344, 0.5152893458657405, 0.5913430421302716, 0.4232572332116841, 0.3542772879203161, 0.42905179304070773, 0.8533211644273251, 0.8192977195916076, 0.6292987248915083, 0.4055868436014607, 0.5939483752260821, 0.3573886001384572, 0.24620179653914723, 0.7333740410394967, 0.2974801137732963, 0.39639307384526257, 0.32351581024057746, 0.3321092902786202, 1.2834111037664115, 0.9885333064286148, 0.2543282383638951, 0.6532830749638379, 0.34390645296881894, 0.6858566030859947, 0.7143283375849326, 0.2589923971099779, 0.41437636222690344, 0.49629705421188297, 0.31555461704632953, 0.7765643798253116, 0.49776173170862925, 0.5199465169297421, 0.3040421415414465, 0.20197422313827296, 0.3925764336201706, 0.21019152852416786, 0.2940128222883989, 0.5417510171731312, 0.34773908741772175, 0.6643779147416353, 0.6184078700348942, 0.5599641011698017, 0.2619956149685912, 0.36277937992579407, 0.4274629248927037, 0.44839305352223546, 0.5087272706131141, 0.5045639504885508, 0.20461738183931039, 0.28758117811133466, 0.36844638688489795, 0.5101175366212493, 0.4425871077614526, 0.2327053587262829, 0.37589661069754243, 0.9243093722810347, 0.4498640551140496, 0.25251242270072305, 0.5165841502374878, 0.5157171508352107, 0.4159267981536686, 0.40614444689582224, 0.20499872415611106, 1.6081667840480804, 0.25174154145152944, 1.0048062406042042, 0.28284095155000955, 0.39854888608679173, 0.48551050682241714, 0.35052151915927726, 0.758651503175497, 0.551084890961647, 0.5138800232198791, 0.25406165576229495, 0.8990539386868477, 0.2556582001141376, 0.3332398241061879, 0.46791920195991066, 0.49705480597913265, 0.4169302082931002, 0.439356186789357, 0.49175797272473576, 0.4835791672269503, 0.49702274445444344, 0.527576653043861, 0.6671567833982408, 0.38416739776730535, 0.532685086058051, 0.4474126116683086, 0.3062577736952032, 0.5547927093199071, 0.5517278239130974, 0.5930236867732472, 0.3378872625987258, 0.4754813706952762, 0.46155839804559945, 0.4708482634276152, 0.49449362591840323, 0.4516335704898807, 0.627515064785257, 0.6863141039179431, 0.4690599566204444, 0.3348402153635234, 0.3256680895056989, 0.5531395367885891, 0.45764181595295667, 0.6124269634266111, 0.4749647156956295, 0.5757193183363006, 0.47393187397943903, 0.5059767165221274, 0.47847626928020925, 0.6118220530450345, 0.5341013262048364, 0.6301179404060047, 0.5461994624313187, 0.5145713693421821, 0.526802615262568, 0.4550207870701949, 0.4942699867206207, 0.45002854259117786, 0.4551508085181316, 0.4574213247755756, 0.6306834385967722, 0.4893984110455026, 0.37706358724825717, 0.5851676022013028, 0.5431044721355041, 0.4976811848923956, 0.42934210505336523, 0.4058405553949052, 0.534968476369977, 0.6026709829183186, 0.47819290002403053, 0.5356695448212764, 0.5898468342920145, 0.5588781170547008, 0.4923587216307288, 0.5520308601359527]
2025-11-10 23:18:54 - ffalora - INFO - loss data:
2025-11-10 23:18:54 - ffalora - INFO - [0.6965846750627909, 0.5963968125488868, 0.805293672178921, 1.384186459814801, 0.5043245498139999, 1.5445589749142528, 0.8500055376636355, 0.6265744108747204, 0.6432557007841145, 0.9841453122437152, 0.6670709950228533, 0.8049327394821577, 0.675364051014185, 0.4594700626759349, 1.1377947967499495, 0.5189145551580522, 0.6811210896509389, 0.4829177994180617, 0.3594729932438996, 0.46867366534813, 0.7389663616195321, 0.44567162717202147, 0.6194852404296398, 0.6120903324335814, 0.642029878738172, 0.6097507783595253, 0.5495540365649789, 0.5085552930831909, 0.4361602012068033, 0.3129732665360758, 0.28053785483999594, 1.0368832725410662, 0.39410546029868876, 0.465675399792299, 0.3188038089461366, 0.5549104986712337, 0.6577981321141124, 1.0175860974937678, 0.47669204796353976, 0.4815775516132514, 0.4010951579031017, 0.7096582948671359, 0.5133008922456331, 0.49466363798108015, 0.3917998060085729, 0.5713369773106862, 0.6450970182195306, 0.33641122429334147, 0.5828994666226208, 0.2843801517091278, 0.6614952241381009, 0.36772516490891577, 0.3919448027253346, 0.3554716515416083, 0.665051824429579, 0.512601171930631, 0.39956614980474114, 0.44605279913525175, 0.3834866704419255, 0.4238187538679032, 0.3506900923847056, 0.5650557423424389, 0.5163665806107661, 0.4959354164699713, 0.41995271519057153, 0.30192722333595157, 0.4396748207975179, 0.6095199301838875, 0.6740963618891934, 0.5276035013444283, 0.3855760171764383, 0.5780409512574274, 0.3550308941291612, 0.23321935217439507, 0.6903655815145208, 0.3099394534248859, 0.26132540519986497, 0.27781952822503325, 0.3139821999033706, 1.1738567231222987, 1.0625870986019863, 0.24344801755311588, 0.49541628252740744, 0.331741125823704, 0.6920343093377979, 0.6048296722273032, 0.21926090684266658, 0.4575840262696147, 0.49929986832042533, 0.2914641882832113, 0.7496887828935594, 0.39216232346370816, 0.5592492315918207, 0.29009089844399377, 0.23758355626083963, 0.4631168590368409, 0.19569669604889997, 0.29364747936940855, 0.4483654089272022, 0.3567882246648272, 0.6631221491843462, 0.5073959968156285, 0.44740271223579636, 0.2693065125056529, 0.4014326449897554, 0.3565789215887586, 0.38650659680889365, 0.5184897830088933, 0.4080285517873967, 0.1842826518981734, 0.27515800777538163, 0.3475126479752362, 0.5003983682588391, 0.4698387319532533, 0.2747696411485473, 0.2805713330247048, 0.9811688140034676, 0.4531236439724179, 0.41949457706262666, 0.5251989682807642, 0.5152489980134893, 0.4298434380441904, 0.4774528549903113, 0.1679778232743653, 1.3985587656497955, 0.28679847615574927, 1.0366576366126536, 0.29275128221564484, 0.3907899119891226, 0.4885489333110551, 0.3512505186721683, 0.7270809050707612, 0.4878678865292493, 0.639843846252863, 0.2728378701334198, 0.9024102464318275, 0.2648853802432617, 0.35779550687774364, 0.44231866739745085, 0.4732587947510183, 0.4096838248272737, 0.418893880786426, 0.5032278038561344, 0.5224572613835334, 0.40102336890995505, 0.5472280841887645, 0.6396659784950316, 0.3944872435803215, 0.46116869903954805, 0.45106180595854917, 0.2818605897870536, 0.548115122603143, 0.346867424228953, 0.5181072087337573, 0.2840838726849584, 0.4092703938523758, 0.4744564023179313, 0.48242239716152346, 0.5554715333506465, 0.4587640303189203, 0.5178873088831702, 0.7523036063131359, 0.4409936512863673, 0.32362235334228007, 0.29448810923430657, 0.5451792223673118, 0.46788819439243523, 0.6272836781380808, 0.3923949948512018, 0.5512123263457366, 0.49452649156906103, 0.5002748263068497, 0.4793682906265352, 0.4985197770098845, 0.5138048101216555, 0.5234600032369296, 0.47156402863123836, 0.6189602694433669, 0.4816575304915508, 0.46421404207746186, 0.5281991675064184, 0.46443197775222456, 0.3611898558835188, 0.49697080526091253, 0.5441147271616786, 0.4511472817752568, 0.3755964141432835, 0.5701580911874771, 0.5040856517851353, 0.4870956605300307, 0.4715439691208303, 0.41961247862681095, 0.49590051658451556, 0.5891078265712542, 0.4921824325190481, 0.5129750557243824, 0.5889828393856684, 0.49218890244762104, 0.49474378741629743, 0.5715988728528221]
2025-11-11 18:49:48 - ffalora - INFO - loss data:
2025-11-11 18:49:48 - ffalora - INFO - [0.6855318073526417, 0.5844834531450437, 0.8430474251508713, 1.3688961916110096, 0.4862857812345681, 1.4248332399874926, 0.7983034825638721, 0.5896228610241003, 0.762051901055707, 0.8367118355258346, 0.6252584733068943, 0.7034730744562694, 0.7027327885230382, 0.47112893364637304, 1.0692539593204855, 0.43627201854251324, 0.6883403441558281, 0.49215878723828377, 0.3738203729865038, 0.4592308554177483, 0.7900070371106267, 0.41872224143305836, 0.6905815238133073, 0.5828310186043382, 0.6144154237528496, 0.6278711695443182, 0.6126045280081385, 0.4220481080313524, 0.47968990355730057, 0.30725020779002654, 0.2849895577945669, 0.957299217581749, 0.3871141313330123, 0.42474387214241327, 0.2927666531856327, 0.5213338404428214, 0.5300192601978779, 0.9239840867618719, 0.3615825936198235, 0.3886054538190365, 0.4081835897846354, 0.6972426851034949, 0.4881663637880991, 0.41998296191817835, 0.38530718048487117, 0.5315787163519823, 0.6739257308654487, 0.349279646109257, 0.5571739012375474, 0.27022308946794105, 0.6805995148917039, 0.38550100601795645, 0.3644265465109664, 0.37765721055237866, 0.6256914549882998, 0.677599275795122, 0.39327887135247386, 0.43660157822754253, 0.3670866833999753, 0.4291125112487113, 0.35884268144282566, 0.545275338097579, 0.48940266997498627, 0.5515086601177851, 0.41459022476208096, 0.4110320977245768, 0.42142660832032564, 0.6766035936772823, 0.6204465811606497, 0.6183745878584245, 0.5681651139758495, 0.5537553217965567, 0.3349476001699243, 0.2641938170030092, 0.62365805492219, 0.30302213453687726, 0.3004830235639881, 0.28665272191412644, 0.25835209401945275, 1.2922021760605276, 1.0160019470050055, 0.23749344949869233, 0.5265338893772827, 0.3321923383253731, 0.7528439722955227, 0.44160455390810965, 0.2310150753085812, 0.40628112480044365, 0.490634413954674, 0.3122749203282997, 0.6709411234101829, 0.41225926744785585, 0.499612093957908, 0.24183911952729287, 0.2091271787859215, 0.44065795074168, 0.18140284640260992, 0.33908233512192965, 0.38294796893994015, 0.3818134719505906, 0.709736404940486, 0.4520395511968268, 0.48878767745918594, 0.2441079146526799, 0.3481247911954092, 0.41010057802001637, 0.35199564231330893, 0.5125009776403506, 0.46710137928732565, 0.20362764750525617, 0.27396837331859086, 0.29323940770700574, 0.49860714788994065, 0.4199244697888692, 0.3214573413133621, 0.3066967394391912, 1.0047549195587635, 0.46344120620074225, 0.34671500138938427, 0.51857820983757, 0.48768243779811793, 0.41858049184083934, 0.43988246009077714, 0.14675820107933962, 1.4924447238445282, 0.2255069772455547, 0.9646692506530705, 0.2952238058138207, 0.36804858380928634, 0.46027802197883527, 0.33520773156649536, 0.7309367031630245, 0.6311908438801765, 0.5493570001984852, 0.2939740741470208, 0.941637746989727, 0.2699560274680456, 0.35843193595824036, 0.42716089093728976, 0.4117346494458616, 0.3902317751199007, 0.4038314623758197, 0.5372459094971418, 0.5696852127710978, 0.42172997407615187, 0.5131027932562258, 0.6066601406782866, 0.38057110328227284, 0.4685837950776605, 0.5224716828515132, 0.34675798340079683, 0.573628176978844, 0.40445898597439134, 0.47044521963430774, 0.291087930346703, 0.3839035023344693, 0.4501882926250498, 0.48045559811095395, 0.5104933713562787, 0.45409261484713526, 0.5313637744014462, 0.7019285327858396, 0.4193607452484107, 0.34411136911887874, 0.26692362444333007, 0.5206511418678259, 0.39210390660446137, 0.6264071256360587, 0.3861539363861084, 0.5549867606607446, 0.4661060929868224, 0.44747008476406336, 0.5980829767444554, 0.6019693565865358, 0.4755974759347737, 0.679919108748436, 0.4365152236731613, 0.6474128521007041, 0.5808522241099531, 0.46845404182871186, 0.509533948548462, 0.44927697861209853, 0.44189819817741716, 0.4620051587576909, 0.5066283748430365, 0.4733511477985618, 0.37073932918006003, 0.5182986531406641, 0.4905809352795283, 0.4835106865012724, 0.4980977879216274, 0.38375102187808297, 0.4716904278844595, 0.5830469008754282, 0.4733271800753329, 0.6200952652622671, 0.6309817259510357, 0.46847970932722094, 0.48293235290633596, 0.6432115938514471]
2025-11-13 23:47:40 - ffalora - INFO - loss data:
2025-11-13 23:47:40 - ffalora - INFO - [0.6987368846802335, 0.6287328952819937, 0.842955960647056, 1.4000288730158525, 0.5080190267626261, 1.59579146374017, 0.8714285775234825, 0.7820066483893796, 0.7826689052292043, 1.0668633538667502, 0.8324108471473057, 1.4237130648559995, 0.7375028607745966, 0.6427626900963093, 1.141097073815763, 0.5924975413001246, 0.6345141370935986, 0.6743282565810517, 0.5451632339455601, 0.6801563397360345, 1.0710192397236824, 0.5840182876853264, 1.0171822272241116, 0.742388770232598, 0.828044548356796, 0.762000259669388, 0.7692830600574905, 0.6700633689761162, 0.6619699336588383, 0.3986763022043497, 0.3310934859177602, 1.2948281538362303, 0.5634623410082178, 0.5455888697844848, 0.43467457338960636, 0.6970195390749723, 0.6686711713671685, 0.9771092874308427, 0.519062227755785, 0.48884272029002507, 0.5348245108293163, 0.9652893065327877, 0.602720875901724, 0.6286396828659794, 0.48231471134676485, 0.6495504028656903, 0.8439567880704999, 0.4369472810154738, 0.7039025894676645, 0.3395515545530038, 1.0705840143064658, 0.48327116086923827, 0.49440496647426113, 0.5048425055206999, 0.833108961451472, 0.8481277699271838, 0.4157061232253909, 0.5462060947993806, 0.5023130271583796, 0.5220053476445815, 0.4160661073447224, 0.7512063744167488, 0.7344619561644161, 0.756508228679498, 0.5023127670858297, 0.5665573699710269, 0.49200159907341, 0.7107184670865536, 0.816181628809621, 0.7582106897059608, 0.6353456466131958, 0.6638115798541266, 0.4073685337054102, 0.3231346455218348, 0.7382600819692016, 0.3729848102355997, 0.3700816446768218, 0.3848828182802511, 0.3051575262409945, 1.326144176069647, 1.366366907954216, 0.31056883773352534, 0.7828840012144711, 0.39355584793219034, 0.9148898530555398, 0.5161476121594508, 0.306982977577718, 0.5613527745008469, 0.5779461980742566, 0.4089339888519853, 0.9166470315745648, 0.4527516480625814, 0.5913716830751475, 0.34690043440480767, 0.3744743866975316, 0.5840003826704464, 0.27103305016579626, 0.36166246463027263, 0.4745512728889783, 0.4684092671920856, 0.8754093881696463, 0.6219045501202345, 0.4178386636582824, 0.2703615888221536, 0.47323282725281185, 0.43525664415210485, 0.4645583942009691, 0.631975602855285, 0.5444692119335135, 0.2771684461877796, 0.35445140507783635, 0.3457662547007203, 0.6199181815042444, 0.5288563588013252, 0.4230641775454084, 0.39504241084922914, 0.9996928224960963, 0.5770210622353297, 0.4309952386344472, 0.6245649940242954, 0.6029823090990676, 0.49345705696323416, 0.556909256088345, 0.2531791789612422, 1.4457825869321823, 0.30859902659186017, 1.4502364251105224, 0.35004186556688033, 0.4668146949261427, 0.5523095343882839, 0.4518329441547394, 0.8789089844503906, 0.6457162074306432, 0.7932481059021708, 0.40067488327622414, 0.9702121242880821, 0.3697954886075523, 0.44064537079437915, 0.5169499949004281, 0.5457622548565269, 0.49763306913276517, 0.5212246598805197, 0.6142320845276117, 0.5985927400489648, 0.5812709975987673, 0.6489493463633824, 0.7045789221301675, 0.48351723762849963, 0.5922613986859134, 0.5489054262638092, 0.4055215672124177, 0.700703719937626, 0.5412889846807553, 0.6145454707245033, 0.3802743803557248, 0.5002819327371244, 0.5423131483917435, 0.5911891471594573, 0.6575503116007895, 0.6352196315674269, 0.5312769175507128, 0.9116219749881161, 0.5511674205815829, 0.45868673093224827, 0.413709666657572, 0.635832374033175, 0.4747469641268253, 0.7419466348693651, 0.45891535468399525, 0.5838022806273218, 0.6540118833513637, 0.5979676186107099, 0.701532319188118, 0.7352378629148006, 0.6099618740379811, 0.7382293120026588, 0.49831653211046667, 0.6615155719868515, 0.6033106184719752, 0.5379848383367062, 0.5998791415622269, 0.5591060477487572, 0.5271041517456372, 0.565857228968302, 0.6050045428907169, 0.575898440768106, 0.5004828814544995, 0.6035352890690168, 0.6387399325768153, 0.579514150703816, 0.592117764831831, 0.497956695853944, 0.5308051496744156, 0.7128919485737295, 0.5791004786977683, 0.6913976699990385, 0.6693617602189381, 0.5317961258192857, 0.5924219755860775, 0.7220695745199919]
2025-11-14 13:50:01 - ffalora - INFO - loss data:
2025-11-14 13:50:01 - ffalora - INFO - [0.707205327546322, 0.6199866064513723, 0.8224839305407123, 1.444976492839701, 0.5122867202320904, 1.594411263242364, 0.8758438837371374, 0.7845611417247658, 0.7744055208232667, 1.0571033221757626, 0.8411948641141256, 1.4104166817333963, 0.7911418214440346, 0.6379238563883853, 1.1643515346571802, 0.6229865867566938, 0.7227602664691707, 0.6673218369684821, 0.5651397191298505, 0.7752737579867244, 1.094823982566595, 0.5864489898985423, 1.095981327816844, 0.7597241063291829, 0.8021737931515365, 0.7324179787846172, 0.7791844816768871, 0.7675407876571019, 0.7225686069577932, 0.4091419996228069, 0.33518133847715537, 1.402309837130209, 0.6026142520928068, 0.5768479498332006, 0.4704391135908534, 0.7582348501309752, 0.8052171546965837, 1.0558291219174862, 0.5702546273668607, 0.5550820372998715, 0.587730685248971, 0.9059225037497909, 0.6300546498056137, 0.6730049596936034, 0.5365693678082735, 0.6802307072876961, 0.7984203910455108, 0.4318812054420633, 0.7698109510044258, 0.34451145497668123, 0.8909077666699886, 0.4454815343436268, 0.4869191882145755, 0.4850873873127919, 0.871611889713166, 0.8693636159102123, 0.5715486894672116, 0.545265645336579, 0.6268726661801338, 0.5612948925836998, 0.4290623605780888, 0.6970650036301878, 0.8272716622142231, 0.7146824933588505, 0.5157793431020927, 0.4219916391496857, 0.5322167703881859, 0.8579880822449922, 0.9589230299849684, 0.9402453890618157, 0.6177064602165238, 0.649415350873773, 0.42085980735719203, 0.3399848932193385, 0.7722639590501785, 0.3857733261305839, 0.3963840180321744, 0.4314491576062412, 0.3092813861375261, 1.364065898116678, 1.4021395620177775, 0.3072063841132654, 0.8777168347603745, 0.3973856220443816, 0.8491140206001306, 0.8322698310017586, 0.4226002002283672, 0.7178519759327173, 0.5534743628957692, 0.4282204000352833, 0.9186273916241001, 0.574348001417497, 0.6142561662503901, 0.36736311579711345, 0.2888780681015406, 0.5860969814422884, 0.26763292208003503, 0.44568851714332897, 0.6078833242257435, 0.4933220617473125, 0.7992373149842024, 0.7327924569965236, 0.6339688805843858, 0.286318468453078, 0.5091951015508838, 0.5154326353222132, 0.5202581147875702, 0.6225781094282865, 0.5572861563000414, 0.2746720755382915, 0.3636391677402167, 0.5391448442824185, 0.5737132144363031, 0.5523253634261588, 0.3960986972476045, 0.3950545307032872, 1.2545904299865167, 0.5889042084342708, 0.4034670125693083, 0.6007712129138264, 0.6189647584824878, 0.459151862305589, 0.5832600126285916, 0.23520458523934293, 1.668074518442154, 0.330734654623819, 1.3464051259572014, 0.3475634154958137, 0.4657136322930455, 0.577150811906904, 0.4455291163590219, 0.87971783708781, 0.7196615259437, 0.7940059856012248, 0.3004101438758274, 1.1789028346538544, 0.38617712538689375, 0.4525389206474242, 0.5491480740773327, 0.6886615809053183, 0.5667007559289534, 0.5465472532539732, 0.5777939952909946, 0.6172244506577651, 0.5392463229596615, 0.6565310743677875, 0.7415031753480434, 0.46257929541170595, 0.7050784306198943, 0.5486854175726572, 0.41782307997345924, 0.6833864213131806, 0.6645070968402756, 0.7079422672589619, 0.3941131218374647, 0.5956349371524612, 0.5650592394794027, 0.6060424299289784, 0.5599485086898008, 0.6293842011308234, 0.6419795948701601, 0.9312777701351378, 0.5586883530897253, 0.4632276731363514, 0.4404685155798992, 0.7305223824162232, 0.4611400827995908, 0.7590063628685825, 0.6038822640354434, 0.5794661057492098, 0.5854221702798417, 0.6390952048823237, 0.5105092677963423, 0.741002083197236, 0.6324056796729565, 0.804346891740958, 0.6599067944814176, 0.6953247814722683, 0.6287389847760398, 0.5683489422003428, 0.5926933121314083, 0.5563664048757699, 0.5868512419983745, 0.5661181376108428, 0.6692579019011236, 0.5778584878188169, 0.513666748761858, 0.6884792630871137, 0.6591972641646862, 0.5998096390578307, 0.6676661921665072, 0.5126154078305631, 0.6674847427755595, 0.7003581339822096, 0.5770486349339985, 0.685396918479134, 0.726720177133878, 0.6390040767689547, 0.5786964245464491, 0.7209733004371326]
2025-11-14 23:25:22 - ffalora - INFO - loss data:
2025-11-14 23:25:22 - ffalora - INFO - [0.7044574441388249, 0.6203756409335053, 0.8268592341950065, 1.438023296349189, 0.5119250215851424, 1.579327031970024, 0.8626525068753643, 0.7904073533845013, 0.7688365804238453, 1.0642733658899737, 0.8569290411969026, 1.3671321372191112, 0.7500218632320563, 0.6673655448922593, 1.1508420510217547, 0.624443175478114, 0.6952343573793769, 0.6647394698104072, 0.5744922769307677, 0.7227786837611347, 1.066408721730113, 0.6014026044575489, 1.0640964452177286, 0.7674917670587699, 0.8151827950359267, 0.7237117224756409, 0.7061773848299887, 0.6467013011376064, 0.649409731850028, 0.4063344441090809, 0.3418934616955489, 1.3558088631058731, 0.5373660632850308, 0.5708682865035115, 0.45111347310012206, 0.7759564705193043, 0.777660247683525, 1.006880870088935, 0.5435649526615938, 0.5831464906533559, 0.5476828689376514, 0.9874521270884495, 0.6138296009595292, 0.5779373847078859, 0.45128748172551003, 0.6590492335543174, 0.8022513650357723, 0.450183734471234, 0.7087262716765206, 0.3491491194193562, 1.0610840047399204, 0.4922364248868285, 0.4973075714424934, 0.514194296611669, 0.8546153855297649, 0.8006762775282066, 0.46102448677023256, 0.5159260613807276, 0.4740886874496937, 0.5007277085062336, 0.41355490201043293, 0.6943301835821735, 0.8012584241874078, 0.6796508381764094, 0.5005684723795014, 0.476513489925613, 0.5084749441593885, 0.6596118955989368, 0.8837684310662249, 0.7329561350976719, 0.5885667388262064, 0.6711576501651445, 0.4294491362153438, 0.3221007826382346, 0.7990195399357213, 0.3755423591006547, 0.32616374149036254, 0.40283177295325207, 0.35143798155089223, 1.124705269622306, 1.451262873761794, 0.3161527023702446, 0.8079007924016979, 0.4042673318111924, 0.8929385562476359, 0.6555065724998712, 0.29202258269651793, 0.5270222090184689, 0.6066272253207132, 0.42738546524196863, 1.0344134492470938, 0.4898161914316006, 0.6336358736323959, 0.3880123993577926, 0.36490120383971064, 0.6710183117538691, 0.26761598575588624, 0.3401641443423513, 0.5133915841579437, 0.4330467129747073, 0.8060879070311785, 0.613234960887995, 0.43924688847942484, 0.28279565473971213, 0.5415027427176634, 0.3786074972401062, 0.5106283290997932, 0.6296977600703637, 0.5522774207518928, 0.2651261646308724, 0.3613153288622723, 0.4153219936415553, 0.6016653578080561, 0.5359236701702078, 0.3171834424138069, 0.48052108552360884, 1.1490476926167805, 0.5794583922653807, 0.42709835059940815, 0.6048094826878285, 0.6044928050764343, 0.49457334689795973, 0.5501317427210186, 0.22730415327370995, 1.493785798549652, 0.37490126904173704, 1.4052917514653767, 0.352934428959734, 0.4866191381588578, 0.5713729914588233, 0.4620800025761127, 0.9879711024463177, 0.6908775208627476, 0.7774062994057718, 0.5032568847139676, 0.9184235781431198, 0.3650954198092222, 0.40892915617998526, 0.5579803658868461, 0.5466032400727272, 0.5151077130188545, 0.5501106695478989, 0.6034530214965343, 0.5781211366256078, 0.5164079517126083, 0.6776810807742826, 0.7257794127799571, 0.48408890689412754, 0.5800472728761972, 0.5789677577714125, 0.32497313898056746, 0.6598367853418869, 0.5078904069960117, 0.725983208252324, 0.37697181975937377, 0.5073295545161647, 0.5709491362174353, 0.5967226807028054, 0.6313304705855747, 0.6561895455287032, 0.5431931538817784, 0.9443372579084502, 0.5589799800939603, 0.4454565454470484, 0.43398090369171566, 0.7323615049061022, 0.5322081659920513, 0.7693097010912264, 0.4884826273967823, 0.5763814534926623, 0.6277343148855786, 0.6335176122374833, 0.7726783121333403, 0.7192643114676078, 0.629107928648591, 0.7437460422515869, 0.5261197694960762, 0.6796219964390215, 0.6355420108367171, 0.5483078757921855, 0.6239445421250833, 0.5996142414963002, 0.5127906755854686, 0.5889374000184676, 0.6281206283499212, 0.5634413382078841, 0.511153789045336, 0.6286939725279808, 0.6145459371308486, 0.5751777564812648, 0.5364332251871625, 0.5235033059393726, 0.5655589394271374, 0.666329463615137, 0.6169010436405307, 0.6606119130464161, 0.711117880543073, 0.5454723273714384, 0.6034855499863625, 0.6827922960122426]
