2025-11-06 09:39:25 - ffalora - INFO - loss data:
2025-11-06 09:39:25 - ffalora - INFO - [0.6935293189691085, 0.5918750880415449, 0.8612205013632774, 1.4261742593610989, 0.5035099334442955, 1.5426757484674454, 0.8759511156301749, 0.7736614140533451, 0.7902056715554662, 1.0752428066928674, 0.822772383193175, 1.1216204003948305, 0.6864613878230255, 0.5793661282054687, 0.9870875302702189, 0.5475475578206694, 0.7526154740092655, 0.6404354273314204, 0.5146374083641503, 0.6769057900334398, 1.0158966472372413, 0.5284340490141641, 1.0105491615831852, 0.6793961754068732, 0.7067542504793143, 0.6298474838190219, 0.5493475774704826, 0.659079131980737, 0.6034843465313315, 0.3008610821059464, 0.2796982082667657, 1.1791850182538233, 0.4414702842110082, 0.4706488322793392, 0.3306396371448904, 0.593903808388859, 0.7289663783856668, 1.1444783251732589, 0.5564188454300165, 0.5345842788616817, 0.5066790789779689, 0.7283802902031886, 0.5060599055262952, 0.5608327864554891, 0.4174430083418102, 0.5384690007166043, 0.6763613726943731, 0.35917729970518186, 0.6214033334205549, 0.29138272998130155, 0.7595599287499984, 0.3968347194294135, 0.38414761438673617, 0.37876814097705247, 0.7688081103066603, 0.6230100281536579, 0.4696304276585579, 0.45239694188866353, 0.46557545103132725, 0.43145588462186213, 0.35474390699984687, 0.5802208236936066, 0.5573642980855178, 0.5987365124747157, 0.4127896210934171, 0.43856879727294046, 0.40525606656447055, 0.759088190831244, 0.868868862123539, 0.6706756743438104, 0.3617817523027362, 0.5720177100331237, 0.3421149284889301, 0.2369416841279922, 0.722351023927331, 0.3285583859775215, 0.3467534722417201, 0.31892061013948275, 0.3260873909360574, 1.2763886864607532, 1.1383637056192932, 0.2586762965656817, 0.7075530652267238, 0.3331510543703896, 0.7218987380987719, 0.8085837355504433, 0.23966047348868516, 0.5792548898607492, 0.47322505544505866, 0.32372485005639884, 0.7300838525133098, 0.46356822369206285, 0.493086737142328, 0.29445333300942655, 0.22373526839914526, 0.41743476100658117, 0.20338285367890624, 0.5129183122060366, 0.5228369347751141, 0.3940013527870178, 0.6837619103491306, 0.5280561071510116, 0.7245246419010477, 0.25227542199289477, 0.37316546661572325, 0.42297288278738654, 0.47017633692737215, 0.5047014431407054, 0.4502662058505747, 0.20306150936276507, 0.2713070578753508, 0.45829101162962615, 0.5045980138461227, 0.46264448516691725, 0.2960802909607688, 0.2870097366310116, 0.9760497648579379, 0.4696162502190062, 0.28932534623891115, 0.516227317908231, 0.5066585977123502, 0.38234615288674834, 0.4082883982716695, 0.1883157411098687, 1.6002926975488663, 0.23282101913968004, 0.9587093183661208, 0.30016467709809647, 0.38936173343099656, 0.5012763926448921, 0.3482229587311546, 0.7512148510664701, 0.5996317333158325, 0.5612373702444029, 0.3913339587549368, 1.0913262069225311, 0.2828821390867233, 0.3843988514626804, 0.43967026233782663, 0.5499949525110424, 0.45795799636592466, 0.4535948700892428, 0.5413187880069017, 0.5718296057234208, 0.4494163434952497, 0.5252646586209859, 0.7024343926459551, 0.3726596934720874, 0.5306630420918558, 0.47501535614331564, 0.4114230169604222, 0.5409375909715891, 0.46617098913945176, 0.6652460160354774, 0.3071387764828944, 0.405048119147716, 0.4777103491127491, 0.4688154414917032, 0.47646818136175473, 0.45212718710576094, 0.6726124137639999, 0.7301369160413742, 0.43584538087387203, 0.3278549531049896, 0.2829761394661748, 0.623039352266412, 0.38751509846188126, 0.5843476620667121, 0.4960422203876078, 0.5839936874414745, 0.41602511879938997, 0.5232068337500095, 0.5480165034532547, 0.5747385531663894, 0.5241345878690481, 0.6428220272064209, 0.5270564871675828, 0.5961021275623986, 0.5122360662660665, 0.4957776123036941, 0.5144785929093326, 0.46806339518455287, 0.34659771248698235, 0.46732537618473824, 0.5792563334107399, 0.47363435098722617, 0.3784349885187378, 0.61295983530581, 0.6195822584132353, 0.5127247873889773, 0.46298850793391466, 0.3994773783257618, 0.5697673190385103, 0.6612067485556883, 0.4795093869747561, 0.5880081745631555, 0.6377868014077346, 0.5486508237818877, 0.4712073367412971, 0.6604108608638246]
2025-11-10 09:07:31 - ffalora - INFO - loss data:
2025-11-10 09:07:31 - ffalora - INFO - [0.7099161759680628, 0.5800024516725292, 0.8245342518938215, 1.3912477616001577, 0.49638692516130967, 1.453596350736916, 0.7862176220667989, 0.5456671502738111, 0.689053756640836, 0.8672396483285654, 0.6729629212369521, 0.7023013378493488, 0.7140022854010264, 0.4485350996746044, 1.0597190102562308, 0.4543352677590317, 0.7509467335185036, 0.4722167551243568, 0.3910717667701344, 0.41907650880360353, 0.719454831443727, 0.4270606804549118, 0.6708313757553697, 0.5734485312054555, 0.6586887060445459, 0.5603963285684586, 0.5739642533966723, 0.5703050792217255, 0.437072079628706, 0.3528578375466168, 0.3308513350733039, 1.108742093667388, 0.39916534702244555, 0.4606798951824506, 0.24863807081662043, 0.639880558475852, 0.5312240723520517, 1.0630762110153833, 0.4792055795590083, 0.4360826770464579, 0.4256935314171844, 0.7286781369169292, 0.5236162980835812, 0.5389473975489014, 0.4294277986413554, 0.6055637368061594, 0.6582619887776673, 0.3509715162471562, 0.6327791757260759, 0.27445302469034993, 0.771300399551789, 0.3916806237565147, 0.41927326363480943, 0.3614477564298891, 0.7037510937243178, 0.559748417387406, 0.3697739016109457, 0.4856221037216826, 0.4116120273247361, 0.4120599187034018, 0.3522913070468634, 0.5337134554154344, 0.5152893458657405, 0.5913430421302716, 0.4232572332116841, 0.3542772879203161, 0.42905179304070773, 0.8533211644273251, 0.8192977195916076, 0.6292987248915083, 0.4055868436014607, 0.5939483752260821, 0.3573886001384572, 0.24620179653914723, 0.7333740410394967, 0.2974801137732963, 0.39639307384526257, 0.32351581024057746, 0.3321092902786202, 1.2834111037664115, 0.9885333064286148, 0.2543282383638951, 0.6532830749638379, 0.34390645296881894, 0.6858566030859947, 0.7143283375849326, 0.2589923971099779, 0.41437636222690344, 0.49629705421188297, 0.31555461704632953, 0.7765643798253116, 0.49776173170862925, 0.5199465169297421, 0.3040421415414465, 0.20197422313827296, 0.3925764336201706, 0.21019152852416786, 0.2940128222883989, 0.5417510171731312, 0.34773908741772175, 0.6643779147416353, 0.6184078700348942, 0.5599641011698017, 0.2619956149685912, 0.36277937992579407, 0.4274629248927037, 0.44839305352223546, 0.5087272706131141, 0.5045639504885508, 0.20461738183931039, 0.28758117811133466, 0.36844638688489795, 0.5101175366212493, 0.4425871077614526, 0.2327053587262829, 0.37589661069754243, 0.9243093722810347, 0.4498640551140496, 0.25251242270072305, 0.5165841502374878, 0.5157171508352107, 0.4159267981536686, 0.40614444689582224, 0.20499872415611106, 1.6081667840480804, 0.25174154145152944, 1.0048062406042042, 0.28284095155000955, 0.39854888608679173, 0.48551050682241714, 0.35052151915927726, 0.758651503175497, 0.551084890961647, 0.5138800232198791, 0.25406165576229495, 0.8990539386868477, 0.2556582001141376, 0.3332398241061879, 0.46791920195991066, 0.49705480597913265, 0.4169302082931002, 0.439356186789357, 0.49175797272473576, 0.4835791672269503, 0.49702274445444344, 0.527576653043861, 0.6671567833982408, 0.38416739776730535, 0.532685086058051, 0.4474126116683086, 0.3062577736952032, 0.5547927093199071, 0.5517278239130974, 0.5930236867732472, 0.3378872625987258, 0.4754813706952762, 0.46155839804559945, 0.4708482634276152, 0.49449362591840323, 0.4516335704898807, 0.627515064785257, 0.6863141039179431, 0.4690599566204444, 0.3348402153635234, 0.3256680895056989, 0.5531395367885891, 0.45764181595295667, 0.6124269634266111, 0.4749647156956295, 0.5757193183363006, 0.47393187397943903, 0.5059767165221274, 0.47847626928020925, 0.6118220530450345, 0.5341013262048364, 0.6301179404060047, 0.5461994624313187, 0.5145713693421821, 0.526802615262568, 0.4550207870701949, 0.4942699867206207, 0.45002854259117786, 0.4551508085181316, 0.4574213247755756, 0.6306834385967722, 0.4893984110455026, 0.37706358724825717, 0.5851676022013028, 0.5431044721355041, 0.4976811848923956, 0.42934210505336523, 0.4058405553949052, 0.534968476369977, 0.6026709829183186, 0.47819290002403053, 0.5356695448212764, 0.5898468342920145, 0.5588781170547008, 0.4923587216307288, 0.5520308601359527]
2025-11-10 23:19:58 - ffalora - INFO - loss data:
2025-11-10 23:19:58 - ffalora - INFO - [0.6965846750627909, 0.5963968125488868, 0.805293672178921, 1.384186459814801, 0.5043245498139999, 1.5445589749142528, 0.8500055376636355, 0.6265744108747204, 0.6432557007841145, 0.9841453122437152, 0.6670709950228533, 0.8049327394821577, 0.675364051014185, 0.4594700626759349, 1.1377947967499495, 0.5189145551580522, 0.6811210896509389, 0.4829177994180617, 0.3594729932438996, 0.46867366534813, 0.7389663616195321, 0.44567162717202147, 0.6194852404296398, 0.6120903324335814, 0.642029878738172, 0.6097507783595253, 0.5495540365649789, 0.5085552930831909, 0.4361602012068033, 0.3129732665360758, 0.28053785483999594, 1.0368832725410662, 0.39410546029868876, 0.465675399792299, 0.3188038089461366, 0.5549104986712337, 0.6577981321141124, 1.0175860974937678, 0.47669204796353976, 0.4815775516132514, 0.4010951579031017, 0.7096582948671359, 0.5133008922456331, 0.49466363798108015, 0.3917998060085729, 0.5713369773106862, 0.6450970182195306, 0.33641122429334147, 0.5828994666226208, 0.2843801517091278, 0.6614952241381009, 0.36772516490891577, 0.3919448027253346, 0.3554716515416083, 0.665051824429579, 0.512601171930631, 0.39956614980474114, 0.44605279913525175, 0.3834866704419255, 0.4238187538679032, 0.3506900923847056, 0.5650557423424389, 0.5163665806107661, 0.4959354164699713, 0.41995271519057153, 0.30192722333595157, 0.4396748207975179, 0.6095199301838875, 0.6740963618891934, 0.5276035013444283, 0.3855760171764383, 0.5780409512574274, 0.3550308941291612, 0.23321935217439507, 0.6903655815145208, 0.3099394534248859, 0.26132540519986497, 0.27781952822503325, 0.3139821999033706, 1.1738567231222987, 1.0625870986019863, 0.24344801755311588, 0.49541628252740744, 0.331741125823704, 0.6920343093377979, 0.6048296722273032, 0.21926090684266658, 0.4575840262696147, 0.49929986832042533, 0.2914641882832113, 0.7496887828935594, 0.39216232346370816, 0.5592492315918207, 0.29009089844399377, 0.23758355626083963, 0.4631168590368409, 0.19569669604889997, 0.29364747936940855, 0.4483654089272022, 0.3567882246648272, 0.6631221491843462, 0.5073959968156285, 0.44740271223579636, 0.2693065125056529, 0.4014326449897554, 0.3565789215887586, 0.38650659680889365, 0.5184897830088933, 0.4080285517873967, 0.1842826518981734, 0.27515800777538163, 0.3475126479752362, 0.5003983682588391, 0.4698387319532533, 0.2747696411485473, 0.2805713330247048, 0.9811688140034676, 0.4531236439724179, 0.41949457706262666, 0.5251989682807642, 0.5152489980134893, 0.4298434380441904, 0.4774528549903113, 0.1679778232743653, 1.3985587656497955, 0.28679847615574927, 1.0366576366126536, 0.29275128221564484, 0.3907899119891226, 0.4885489333110551, 0.3512505186721683, 0.7270809050707612, 0.4878678865292493, 0.639843846252863, 0.2728378701334198, 0.9024102464318275, 0.2648853802432617, 0.35779550687774364, 0.44231866739745085, 0.4732587947510183, 0.4096838248272737, 0.418893880786426, 0.5032278038561344, 0.5224572613835334, 0.40102336890995505, 0.5472280841887645, 0.6396659784950316, 0.3944872435803215, 0.46116869903954805, 0.45106180595854917, 0.2818605897870536, 0.548115122603143, 0.346867424228953, 0.5181072087337573, 0.2840838726849584, 0.4092703938523758, 0.4744564023179313, 0.48242239716152346, 0.5554715333506465, 0.4587640303189203, 0.5178873088831702, 0.7523036063131359, 0.4409936512863673, 0.32362235334228007, 0.29448810923430657, 0.5451792223673118, 0.46788819439243523, 0.6272836781380808, 0.3923949948512018, 0.5512123263457366, 0.49452649156906103, 0.5002748263068497, 0.4793682906265352, 0.4985197770098845, 0.5138048101216555, 0.5234600032369296, 0.47156402863123836, 0.6189602694433669, 0.4816575304915508, 0.46421404207746186, 0.5281991675064184, 0.46443197775222456, 0.3611898558835188, 0.49697080526091253, 0.5441147271616786, 0.4511472817752568, 0.3755964141432835, 0.5701580911874771, 0.5040856517851353, 0.4870956605300307, 0.4715439691208303, 0.41961247862681095, 0.49590051658451556, 0.5891078265712542, 0.4921824325190481, 0.5129750557243824, 0.5889828393856684, 0.49218890244762104, 0.49474378741629743, 0.5715988728528221]
2025-11-11 18:46:18 - ffalora - INFO - loss data:
2025-11-11 18:46:18 - ffalora - INFO - [0.6855318073526417, 0.5844834531450437, 0.8430474251508713, 1.3688961916110096, 0.4862857812345681, 1.4248332399874926, 0.7983034825638721, 0.5896228610241003, 0.762051901055707, 0.8367118355258346, 0.6252584733068943, 0.7034730744562694, 0.7027327885230382, 0.47112893364637304, 1.0692539593204855, 0.43627201854251324, 0.6883403441558281, 0.49215878723828377, 0.3738203729865038, 0.4592308554177483, 0.7900070371106267, 0.41872224143305836, 0.6905815238133073, 0.5828310186043382, 0.6144154237528496, 0.6278711695443182, 0.6126045280081385, 0.4220481080313524, 0.47968990355730057, 0.30725020779002654, 0.2849895577945669, 0.957299217581749, 0.3871141313330123, 0.42474387214241327, 0.2927666531856327, 0.5213338404428214, 0.5300193376839161, 0.9239849999547005, 0.3616268741587798, 0.38861283486088116, 0.4070707681692309, 0.6986654192013175, 0.4878708715215812, 0.4211231084507808, 0.3850542182580715, 0.5322371483102856, 0.6737992558628321, 0.34907731981232787, 0.559404029045254, 0.2703758717721535, 0.6775693811476231, 0.3841189566792713, 0.36229979350943775, 0.3767367529094611, 0.6275206082092043, 0.6757539575919509, 0.3932613873233398, 0.43790777426919125, 0.3727878276258707, 0.430903420674012, 0.35975150102247283, 0.5428451631839076, 0.4870716221630573, 0.548658998683095, 0.4152529373557391, 0.4139839222965141, 0.4200396213214844, 0.6761002980172635, 0.6232578582906475, 0.6168118601336199, 0.5654635421274099, 0.5491111472352832, 0.33463288531230206, 0.26489335677017356, 0.6213671923097637, 0.30264348272855085, 0.3005178081067769, 0.2865286099291148, 0.25709676150129074, 1.2860319069586694, 1.0085883898770107, 0.23734903264428592, 0.5253594820905063, 0.3307035948518553, 0.7508319670236424, 0.44188824941714605, 0.23176466544262236, 0.4056824538856745, 0.4892734228761173, 0.31453031347758187, 0.6724883061559761, 0.41314368944990243, 0.4979372109998675, 0.2413148069754243, 0.2077823433840725, 0.4387540903530623, 0.18225097452780878, 0.34233627639090025, 0.38113507131735486, 0.38112164164582885, 0.7134300161153078, 0.45210633282032275, 0.48634025506908074, 0.24311338694752668, 0.3512785118073225, 0.4095036859313647, 0.3512533842014116, 0.5120407658318679, 0.465845892795672, 0.20389631069101916, 0.2742857051864525, 0.2926062864717096, 0.4992343656394793, 0.41901943553239107, 0.31992644195755326, 0.3087275412635527, 1.0044060163199902, 0.4637299605517411, 0.3473291605090102, 0.5184233081910541, 0.4875522834413192, 0.4179143881425261, 0.43997523876959865, 0.14634993606402227, 1.4889196008443832, 0.2265798086790662, 0.9633569806375923, 0.2943855491331846, 0.3675634153187275, 0.45991668617352843, 0.3339898543639315, 0.7304609262282611, 0.6291805913343149, 0.5417720427115758, 0.295085967440779, 0.9392469748854637, 0.26926852141817414, 0.35844529679288034, 0.4273649856365998, 0.4104177695699036, 0.3898486277709404, 0.4047794197168615, 0.5376700043678284, 0.5718459861973921, 0.42061650529503825, 0.5128397656726125, 0.6067716348916292, 0.38079661298543216, 0.46971056113640464, 0.5245733832319578, 0.34550727733100456, 0.574393560211448, 0.40247470078368985, 0.47196349108384716, 0.29121764504203673, 0.38488722814770504, 0.4495698497630656, 0.4805092674990495, 0.5089600804882745, 0.4531173256718185, 0.5316230856503049, 0.7006779755983088, 0.41796286529270305, 0.3433773518915762, 0.2659409690790603, 0.5149329994854174, 0.3904530836967751, 0.6255595002542524, 0.3858644259162247, 0.5556318608423074, 0.46629501023317543, 0.44674196979030967, 0.6008195894605973, 0.6008251268416643, 0.47507893294095993, 0.684726856648922, 0.4333052297725397, 0.6483928305299386, 0.5816721225516328, 0.46490978660682836, 0.5094865288747394, 0.44875479577218785, 0.4427852133909861, 0.4610845140274376, 0.5069708775948076, 0.4727846638475409, 0.3699033732187148, 0.5192330402632555, 0.48784116680423417, 0.48194136247529007, 0.5002194967431327, 0.3838169423116434, 0.4713284261524677, 0.5840637346400934, 0.47154509450506676, 0.6208184405284769, 0.6296260200440884, 0.46641777381300925, 0.48276807196114374, 0.6429935020084183]
2025-11-13 23:51:34 - ffalora - INFO - loss data:
2025-11-13 23:51:34 - ffalora - INFO - [0.6987368846802335, 0.6287328952819937, 0.842955960647056, 1.4000288730158525, 0.5080190267626261, 1.59579146374017, 0.8714285775234825, 0.7820066483893796, 0.7826689052292043, 1.0668633538667502, 0.8324108471473057, 1.4237130648559995, 0.7375028607745966, 0.6427626900963093, 1.141097073815763, 0.5924975413001246, 0.6345141370935986, 0.6743282565810517, 0.5451632339455601, 0.6801563397360345, 1.0710192397236824, 0.5840182876853264, 1.0171822272241116, 0.742388770232598, 0.828044548356796, 0.762000259669388, 0.7692830600574905, 0.6700633689761162, 0.6619699336588383, 0.3986763022043497, 0.3310934859177602, 1.2948281538362303, 0.5634623410082178, 0.5455888697844848, 0.43467457338960636, 0.6970195390749723, 0.6686711713671685, 0.9771092874308427, 0.519062227755785, 0.48884272029002507, 0.5348245108293163, 0.9652893065327877, 0.602720875901724, 0.6286396828659794, 0.48231471134676485, 0.6495504028656903, 0.8439567880704999, 0.4369472810154738, 0.7039025894676645, 0.3395515545530038, 1.0705840143064658, 0.48327116086923827, 0.49440496647426113, 0.5048425055206999, 0.833108961451472, 0.8481277699271838, 0.4157061232253909, 0.5462060947993806, 0.5023130271583796, 0.5220053476445815, 0.4160661073447224, 0.7512063744167488, 0.7344619561644161, 0.756508228679498, 0.5023127670858297, 0.5665573699710269, 0.49200159907341, 0.7107184670865536, 0.816181628809621, 0.7582106897059608, 0.6353456466131958, 0.6638115798541266, 0.4073685337054102, 0.3231346455218348, 0.7382600819692016, 0.3729848102355997, 0.3700816446768218, 0.3848828182802511, 0.3051575262409945, 1.326144176069647, 1.366366907954216, 0.31056883773352534, 0.7828840012144711, 0.39355584793219034, 0.9148898530555398, 0.5161476121594508, 0.306982977577718, 0.5613527745008469, 0.5779461980742566, 0.4089339888519853, 0.9166470315745648, 0.4527516480625814, 0.5913716830751475, 0.34690043440480767, 0.3744743866975316, 0.5840003826704464, 0.27103305016579626, 0.36166246463027263, 0.4745512728889783, 0.4684092671920856, 0.8754093881696463, 0.6219045501202345, 0.4178386636582824, 0.2703615888221536, 0.47323282725281185, 0.43525664415210485, 0.4645583942009691, 0.631975602855285, 0.5444692119335135, 0.2771684461877796, 0.35445140507783635, 0.3457662547007203, 0.6199181815042444, 0.5288563588013252, 0.4230641775454084, 0.39504241084922914, 0.9996928224960963, 0.5770210622353297, 0.4309952386344472, 0.6245649940242954, 0.6029823090990676, 0.49345705696323416, 0.556909256088345, 0.2531791789612422, 1.4457825869321823, 0.30859902659186017, 1.4502364251105224, 0.35004186556688033, 0.4668146949261427, 0.5523095343882839, 0.4518329441547394, 0.8789089844503906, 0.6457162074306432, 0.7932481059021708, 0.40067488327622414, 0.9702121242880821, 0.3697954886075523, 0.44064537079437915, 0.5169499949004281, 0.5457622548565269, 0.49763306913276517, 0.5212246598805197, 0.6142320845276117, 0.5985927400489648, 0.5812709975987673, 0.6489493463633824, 0.7045789221301675, 0.48351723762849963, 0.5922613986859134, 0.5489054262638092, 0.4055215672124177, 0.700703719937626, 0.5412889846807553, 0.6145454707245033, 0.3802743803557248, 0.5002819327371244, 0.5423131483917435, 0.5911891471594573, 0.6575503116007895, 0.6352196315674269, 0.5312769175507128, 0.9116219749881161, 0.5511674205815829, 0.45868673093224827, 0.413709666657572, 0.635832374033175, 0.4747469641268253, 0.7419466348693651, 0.45891535468399525, 0.5838022806273218, 0.6540118833513637, 0.5979676186107099, 0.701532319188118, 0.7352378629148006, 0.6099618740379811, 0.7382293120026588, 0.49831653211046667, 0.6615155719868515, 0.6033106184719752, 0.5379848383367062, 0.5998791415622269, 0.5591060477487572, 0.5271041517456372, 0.565857228968302, 0.6050045428907169, 0.575898440768106, 0.5004828814544995, 0.6035352890690168, 0.6387399325768153, 0.579514150703816, 0.592117764831831, 0.497956695853944, 0.5308051496744156, 0.7128919485737295, 0.5791004786977683, 0.6913976699990385, 0.6693617602189381, 0.5317961258192857, 0.5924219755860775, 0.7220695745199919]
2025-11-14 13:44:42 - ffalora - INFO - loss data:
2025-11-14 13:44:42 - ffalora - INFO - [0.707205327546322, 0.6199866064513723, 0.8224839305407123, 1.444976492839701, 0.5122867202320904, 1.594411263242364, 0.8758438837371374, 0.7845611417247658, 0.7744055208232667, 1.0571033221757626, 0.8411948641141256, 1.4104166817333963, 0.7911418214440346, 0.6379238563883853, 1.1643515346571802, 0.6229865867566938, 0.7227602664691707, 0.6673218369684821, 0.5651397191298505, 0.7752737579867244, 1.094823982566595, 0.5864489898985423, 1.095981327816844, 0.7597241063291829, 0.8021737931515365, 0.7324179787846172, 0.7791844816768871, 0.7675407876571019, 0.7225686069577932, 0.4091419996228069, 0.33518133847715537, 1.402309837130209, 0.6026142520928068, 0.5768479498332006, 0.4704391135908534, 0.7582348501309752, 0.8052171546965837, 1.0558291219174862, 0.5702546273668607, 0.5550820372998715, 0.587730685248971, 0.9059225037497909, 0.6300546498056137, 0.6730049596936034, 0.5365693678082735, 0.6802307072876961, 0.7984203910455108, 0.4318812054420633, 0.7698109510044258, 0.34451145497668123, 0.8909077666699886, 0.4454815343436268, 0.4869191882145755, 0.4850873873127919, 0.871611889713166, 0.8693636159102123, 0.5715486894672116, 0.545265645336579, 0.6268726661801338, 0.5612948925836998, 0.4290623605780888, 0.6970650036301878, 0.8272716622142231, 0.7146824933588505, 0.5157793431020927, 0.4219916391496857, 0.5322167703881859, 0.8579880822449922, 0.9589230299849684, 0.9402453890618157, 0.6177064602165238, 0.649415350873773, 0.42085980735719203, 0.3399848932193385, 0.7722639590501785, 0.3857733261305839, 0.3963840180321744, 0.4314491576062412, 0.3092813861375261, 1.364065898116678, 1.4021395620177775, 0.3072063841132654, 0.8777168347603745, 0.3973856220443816, 0.8491140206001306, 0.8322698310017586, 0.4226002002283672, 0.7178519759327173, 0.5534743628957692, 0.4282204000352833, 0.9186273916241001, 0.574348001417497, 0.6142561662503901, 0.36736311579711345, 0.2888780681015406, 0.5860969814422884, 0.26763292208003503, 0.44568851714332897, 0.6078833242257435, 0.4933220617473125, 0.7992373149842024, 0.7327924569965236, 0.6339688805843858, 0.286318468453078, 0.5091951015508838, 0.5154326353222132, 0.5202581147875702, 0.6225781094282865, 0.5572861563000414, 0.2746720755382915, 0.3636391677402167, 0.5391448442824185, 0.5737132144363031, 0.5523253634261588, 0.3960986972476045, 0.3950545307032872, 1.2545904299865167, 0.5889042084342708, 0.4034670125693083, 0.6007712129138264, 0.6189647584824878, 0.459151862305589, 0.5832600126285916, 0.23520458523934293, 1.668074518442154, 0.330734654623819, 1.3464051259572014, 0.3475634154958137, 0.4657136322930455, 0.577150811906904, 0.4455291163590219, 0.87971783708781, 0.7196615259437, 0.7940059856012248, 0.3004101438758274, 1.1789028346538544, 0.38617712538689375, 0.4525389206474242, 0.5491480740773327, 0.6886615809053183, 0.5667007559289534, 0.5465472532539732, 0.5777939952909946, 0.6172244506577651, 0.5392463229596615, 0.6565310743677875, 0.7415031753480434, 0.46257929541170595, 0.7050784306198943, 0.5486854175726572, 0.41782307997345924, 0.6833864213131806, 0.6645070968402756, 0.7079422672589619, 0.3941131218374647, 0.5956349371524612, 0.5650592394794027, 0.6060424299289784, 0.5599485086898008, 0.6293842011308234, 0.6419795948701601, 0.9312777701351378, 0.5586883530897253, 0.4632276731363514, 0.4404685155798992, 0.7305223824162232, 0.4611400827995908, 0.7590063628685825, 0.6038822640354434, 0.5794661057492098, 0.5854221702798417, 0.6390952048823237, 0.5105092677963423, 0.741002083197236, 0.6324056796729565, 0.804346891740958, 0.6599067944814176, 0.6953247814722683, 0.6287389847760398, 0.5683489422003428, 0.5926933121314083, 0.5563664048757699, 0.5868512419983745, 0.5661181376108428, 0.6692579019011236, 0.5778584878188169, 0.513666748761858, 0.6884792630871137, 0.6591972641646862, 0.5998096390578307, 0.6676661921665072, 0.5126154078305631, 0.6674847427755595, 0.7003581339822096, 0.5770486349339985, 0.685396918479134, 0.726720177133878, 0.6390040767689547, 0.5786964245464491, 0.7209733004371326]
2025-11-14 23:23:34 - ffalora - INFO - loss data:
2025-11-14 23:23:34 - ffalora - INFO - [0.7044574441388249, 0.6203756409335053, 0.8268592341950065, 1.438023296349189, 0.5119250215851424, 1.579327031970024, 0.8626525068753643, 0.7904073533845013, 0.7688365804238453, 1.0642733658899737, 0.8569290411969026, 1.3671321372191112, 0.7500218632320563, 0.6673655448922593, 1.1508420510217547, 0.624443175478114, 0.6952343573793769, 0.6647394698104072, 0.5744922769307677, 0.7227786837611347, 1.066408721730113, 0.6014026044575489, 1.0640964452177286, 0.7674917670587699, 0.8151827950359267, 0.7237117224756409, 0.7061773848299887, 0.6467013011376064, 0.649409731850028, 0.4063344441090809, 0.3418934616955489, 1.3558088631058731, 0.5373660632850308, 0.5708682865035115, 0.45111347310012206, 0.7759564705193043, 0.777660247683525, 1.006880870088935, 0.5435649526615938, 0.5831464906533559, 0.5476828689376514, 0.9874521270884495, 0.6138296009595292, 0.5779373847078859, 0.45128748172551003, 0.6590492335543174, 0.8022513650357723, 0.450183734471234, 0.7087262716765206, 0.3491491194193562, 1.0610840047399204, 0.4922364248868285, 0.4973075714424934, 0.514194296611669, 0.8546153855297649, 0.8006762775282066, 0.46102448677023256, 0.5159260613807276, 0.4740886874496937, 0.5007277085062336, 0.41355490201043293, 0.6943301835821735, 0.8012584241874078, 0.6796508381764094, 0.5005684723795014, 0.476513489925613, 0.5084749441593885, 0.6596118955989368, 0.8837684310662249, 0.7329561350976719, 0.5885667388262064, 0.6711576501651445, 0.4294491362153438, 0.3221007826382346, 0.7990195399357213, 0.3755423591006547, 0.32616374149036254, 0.40283177295325207, 0.35143798155089223, 1.124705269622306, 1.451262873761794, 0.3161527023702446, 0.8079007924016979, 0.4042673318111924, 0.8929385562476359, 0.6555065724998712, 0.29202258269651793, 0.5270222090184689, 0.6066272253207132, 0.42738546524196863, 1.0344134492470938, 0.4898161914316006, 0.6336358736323959, 0.3880123993577926, 0.36490120383971064, 0.6710183117538691, 0.26761598575588624, 0.3401641443423513, 0.5133915841579437, 0.4330467129747073, 0.8060879070311785, 0.613234960887995, 0.43924688847942484, 0.28279565473971213, 0.5415027427176634, 0.3786074972401062, 0.5106283290997932, 0.6296977600703637, 0.5522774207518928, 0.2651261646308724, 0.3613153288622723, 0.4153219936415553, 0.6016653578080561, 0.5359236701702078, 0.3171834424138069, 0.48052108552360884, 1.1490476926167805, 0.5794583922653807, 0.42709835059940815, 0.6048094826878285, 0.6044928050764343, 0.49457334689795973, 0.5501317427210186, 0.22730415327370995, 1.493785798549652, 0.37490126904173704, 1.4052917514653767, 0.352934428959734, 0.4866191381588578, 0.5713729914588233, 0.4620800025761127, 0.9879711024463177, 0.6908775208627476, 0.7774062994057718, 0.5032568847139676, 0.9184235781431198, 0.3650954198092222, 0.40892915617998526, 0.5579803658868461, 0.5466032400727272, 0.5151077130188545, 0.5501106695478989, 0.6034530214965343, 0.5781211366256078, 0.5164079517126083, 0.6776810807742826, 0.7257794127799571, 0.48408890689412754, 0.5800472728761972, 0.5789677577714125, 0.32497313898056746, 0.6598367853418869, 0.5078904069960117, 0.725983208252324, 0.37697181975937377, 0.5073295545161647, 0.5709491362174353, 0.5967226807028054, 0.6313304705855747, 0.6561895455287032, 0.5431931538817784, 0.9443372579084502, 0.5589799800939603, 0.4454565454470484, 0.43398090369171566, 0.7323615049061022, 0.5322081659920513, 0.7693097010912264, 0.4884826273967823, 0.5763814534926623, 0.6277343148855786, 0.6335176122374833, 0.7726783121333403, 0.7192643114676078, 0.629107928648591, 0.7437460422515869, 0.5261197694960762, 0.6796219964390215, 0.6355420108367171, 0.5483078757921855, 0.6239445421250833, 0.5996142414963002, 0.5127906755854686, 0.5889374000184676, 0.6281206283499212, 0.5634413382078841, 0.511153789045336, 0.6286939725279808, 0.6145459371308486, 0.5751777564812648, 0.5364332251871625, 0.5235033059393726, 0.5655589394271374, 0.666329463615137, 0.6169010436405307, 0.6606119130464161, 0.711117880543073, 0.5454723273714384, 0.6034855499863625, 0.6827922960122426]
2025-11-22 11:15:50 - ffalora - INFO - loss data:
2025-11-22 11:15:50 - ffalora - INFO - [1.0499523972471554, 1.0897991731762886, 0.5375318545848131, 1.6151697245137444, 1.2370150652196672, 1.0617748721192282, 0.7825420136962618, 1.7398402078284159, 0.787685518960158, 0.8017629151542982, 1.0284536331892014, 2.4364333659410478, 0.7555662607153257, 0.8031966259910001, 0.8526558677355449, 0.6795254955605532, 1.0229803247465974, 1.7774714579184852, 0.6809800224828308, 1.1734557284106468, 1.313483536870856, 0.7248723412553469, 0.6320677666200532, 0.8889318267504374, 0.559585054150258, 0.7358517160591407, 0.6413869674007098, 0.5074409531095089, 0.7596518093099196, 0.8584828885893028, 0.6202027940501769, 0.8001482350130876, 0.5438059741010268, 0.7368081817240046, 0.5615887021801125, 0.5045222769945096, 0.8465711772441864, 0.5879432515551646, 0.4945781719205635, 1.2387202908595403, 0.6269360702288778, 0.6562493517994881, 0.5516091782599688, 0.5475378679732481, 0.5040219016373158, 0.47204247501989205, 0.5586204821509975, 0.5868206545710564, 0.5845703343550365, 0.42405877731597197, 0.4490075235565503, 0.5810946918403109, 0.66389651025335, 0.3882096781912777, 0.37886495928590497, 0.38080236522687805, 0.5154245005299647, 0.4522669236220065, 0.705460062250495, 1.033173037879169, 0.6048254869878291, 0.5743988871574401, 0.47820752020925283, 0.40960728335711694, 0.40444904390804387, 0.6353709340291588, 0.4319927819647399, 0.7362359369794528, 0.5083183373790234, 0.5101689702106846, 0.4433879304285112, 0.48486859363814194, 0.5423114909480016, 0.491340170138412, 0.524190337357358, 0.3499738073361845, 0.6469379817446073, 0.4336198527986805, 1.067309891598092, 0.7290052510797977, 0.8912890905307399, 0.6515350774315924, 0.616938632602493, 0.5408265401919683, 0.42459927978260176, 1.060893880824248, 0.4978890114774307, 0.5155157064708571, 0.4246183407396592, 0.703047052025795, 0.3608147208061483, 0.4364046069741663, 0.44716943732579706, 0.4954093064491948, 0.33084641351567534, 0.38958864390022224, 0.8336284241328638, 0.4324277893950542, 0.6178676707670092, 0.4505266934012373, 0.5967971552163363, 0.29654000973564454, 1.182380412518978, 0.5120274908840656, 0.5689715415239334, 0.35480304578175914, 1.1308118905872107, 0.5584468725447853, 0.37188640145200585, 0.8377135772035162, 0.5724537655711175, 0.5324926735212405, 0.37372901512887974, 0.845875317354997, 0.5703884400427341, 0.40815980620682235, 0.49430130963834623, 0.38493111981795386, 0.4759213961660862, 0.44348317583401997, 0.5777543120086193, 0.6580019071698189, 0.44134424069364153, 1.0108023782571158, 0.5085010323510097, 0.38978877362723535, 0.7006736339794265, 0.5061991767336925, 0.3039824112900087, 0.8867091797292233, 0.40902042145339346, 0.4867713463803132, 0.5018923716524091, 0.40112584669675144, 1.3072248697280884, 0.5334506469066085, 0.48161856817702453, 0.42981322202831507, 0.5761890469739834, 0.5576651019354661, 0.47472162288096215, 0.41733618380708826, 0.39996919828866206, 0.5497910090937064, 0.21104594563635495, 1.1796353975931804, 0.46692361191122067, 0.4919913770217035, 0.650527132474459, 0.5861181964476903, 0.5635159831494093, 0.6204477660357952, 0.5256583161652089, 0.34614224453266484, 0.9249914248015672, 0.63853359905382, 0.5759498554671931, 0.5692618563771248, 0.5111550672696187, 0.5268423346181711, 0.5548250190913677, 0.4934152557825049, 0.6618616233922934, 0.5974491548414032, 0.523736813912789, 0.52949763112293, 0.6280787124165467, 0.5364169288426638, 0.634033505183955, 0.5831062470873196, 0.5437745429575443, 0.6862662884749864, 0.5449691909986237, 0.5365726057917644, 0.4540590582749783, 0.5196062127032723, 0.45731773403914355, 0.4574502588400984, 0.6938393310244595, 0.5320285864846599, 0.5348499505470197, 1.0030104687962778, 0.5100138982850702, 0.4865121181155073, 0.5881503519912561, 0.499078338758813, 0.5597520560026169, 0.5331524533530076, 0.654756313483966, 0.5256633319217583, 0.5322634605200667, 0.4348554797018105, 0.487886339922746, 0.4974662117660046, 0.5824232924729585, 0.41234670536449325, 0.44969104029580775, 0.5608381515368819, 0.7267388828883046, 0.628526771068573]
2025-11-22 13:39:57 - ffalora - INFO - loss data:
2025-11-22 13:39:57 - ffalora - INFO - [0.8053241610527039, 0.7932750842510126, 0.8344016956786315, 0.9882819354534149, 0.8266360136635956, 0.8172698930419724, 0.8687613280592383, 0.6525425915360108, 0.8485784276006779, 0.837499559359117, 0.773723592551855, 0.6410086088192959, 0.8088007802143693, 0.6711711261421442, 1.0258273024644171, 0.5853047383586979, 0.7928074404636808, 0.4417498916387558, 1.4363572999962373, 0.7105162959207187, 0.6550337635424166, 0.6394894105093232, 0.5416748444032338, 0.773537282103842, 0.7602239947095228, 0.6542554055340588, 0.7991052805076516, 0.763615750840732, 0.6180613595419205, 0.9335665659358103, 0.6730338742158243, 0.5499506443738937, 0.7209430625662208, 0.6296802260912955, 0.6133341728727479, 0.5808969208970666, 0.5293087655944484, 0.6301708678528666, 0.47672588884209594, 0.5951518994364245, 0.6371311352898676, 0.35273151618118087, 0.6659241959763069, 0.690278819510861, 0.5605729258959256, 0.5811409715243748, 0.46143067939714955, 0.4681433464090029, 0.7539976021895806, 0.7306433994736936, 0.544239266930769, 0.6824951076259216, 0.6318538098285595, 0.7566141815235217, 0.6594978954110826, 0.4334532885501782, 0.4269297059314946, 0.46780576848170974, 0.5715310123156417, 0.567516976967454, 0.6455235696501203, 0.3393611745132754, 0.6506284553557634, 0.5519230882865149, 0.7866089043931829, 0.609016844914073, 0.5612640694848129, 0.3697088726485769, 1.5196381596227486, 0.48174943539003534, 0.6496423507730167, 0.47052796988023654, 0.35162331067928765, 0.5533219794432322, 0.6281302656446184, 0.4119013401133747, 0.5814806669094097, 0.45102815752228104, 0.4593102007076658, 0.593437337420053, 0.4409034790514016, 0.5925059948364894, 0.5806645370487655, 0.6963995593360492, 0.45160104445226135, 0.5173382878503097, 0.5396601130210218, 0.6082060548166435, 0.5250059852583541, 0.7148902776340643, 0.43085202725400784, 0.4844908450408415, 0.4767023676530623, 0.44044865089488194, 0.412443514354527, 0.636722152945639, 0.4614096640919646, 0.6059219441376626, 0.3849401146794359, 0.48652353562414646, 0.4380184197477226, 0.5716264074047406, 0.39064705348573625, 0.44882521994857705, 1.0731291390955449, 0.7211031594779342, 0.3421310276413957, 0.6161277995112984, 0.4132975271733647, 0.46172025040365183, 0.5096010466416676, 0.5674657476031119, 0.5716838498289387, 0.3875288239990672, 1.1376228084166844, 0.5375926725120626, 0.34955667316292727, 1.648817275547319, 0.5705581726062865, 0.49463597095178674, 0.5461301008587356, 0.4871689519286156, 0.4739422860089689, 0.5451585506089032, 0.5508732461621837, 0.7501837921639283, 0.43357823618377245, 0.32540416630605856, 0.4254032744351646, 0.5554471357603266, 0.4948102618830327, 0.35936198153365884, 1.1120888888835907, 0.5403271922841668, 0.6989684027457048, 0.5315381364027659, 0.4900692630825298, 0.4804270377382636, 0.6696110732025571, 0.5385134224356576, 0.4903162408620119, 0.4444606920837292, 0.3998048550308202, 0.6439344924994004, 0.42452783270014655, 0.4169229064654145, 0.6495364229948748, 0.5641529482478896, 0.5332955576568132, 0.445422861793603, 0.6464747822811377, 0.5445833451389352, 0.5113091108202934, 0.35356400633851687, 0.5555051883061727, 0.7726616811317701, 0.6743393260985613, 0.47045998281488816, 0.636576341634447, 0.6129861851023812, 0.5262094802041164, 0.5731320945985754, 0.7644498806136351, 0.4962865123525262, 0.5944894207493654, 0.5676308419937506, 0.468736435752362, 0.5231017326670033, 0.5337084540467838, 0.6009615713689063, 0.6009332232384218, 0.5913732678939898, 0.5956182460197144, 0.5070177027512164, 0.46678158963720007, 0.6464299729892186, 0.6904455758631229, 0.5670533293237289, 0.6945983794118678, 0.43763893918331825, 0.6497093826266271, 0.6930912785232067, 0.5760712941092523, 0.7479942941665649, 0.5102673776447773, 0.5572020957039462, 0.9089298487330477, 0.7430029507903826, 0.6622547334944359, 0.6001365688638856, 0.5426387875562623, 0.7322603017091751, 0.5902302177208993, 0.5875657919049263, 0.5844590776382278, 0.5884247191250325, 0.5756257369759537, 0.5679908158878485, 0.5898202024400234, 0.5999355114268503]
2025-11-22 15:56:26 - ffalora - INFO - loss data:
2025-11-22 15:56:26 - ffalora - INFO - [0.9179769917612984, 1.0832708280533552, 0.892748984363344, 0.7411597106783163, 0.8548060514860683, 0.53353675589675, 0.9287257943302393, 1.3399947534004846, 0.9280258101180083, 0.9418032935687474, 0.8711284869660934, 0.6006690738722682, 0.6969385325908661, 1.6746318154036999, 0.7357698256770769, 0.9345097633344785, 0.63529071951271, 0.5008210188753548, 0.8192228110773223, 0.7718497328460217, 1.379942619748283, 0.6426665066723146, 0.6905763673906524, 0.7438214307917015, 0.9479347798123694, 0.6786605979626378, 0.884611270523497, 1.2154571794365583, 0.6732301902996392, 0.641073762350494, 0.7139654349535703, 0.3302293027529404, 0.6260891265880604, 0.4882684876521428, 0.9178118841149486, 0.5786168098094917, 0.5781839789615737, 0.651510352641344, 0.6282799554367859, 0.6009592091930764, 0.7234497764813048, 0.8096550729344874, 0.5541886491701007, 0.6893522433404411, 0.7961637844642003, 0.5146693712133065, 0.6112450240179896, 0.5123045485289324, 1.06424952529016, 0.9310819966984647, 0.42251769552628193, 0.559580366262326, 0.7334773250752025, 0.5148027035638802, 0.730384169289699, 0.36054176317217446, 0.6795466711724197, 0.46906162562469644, 0.4832152368500829, 0.5382179232935111, 0.3894855851563168, 0.47494251533810583, 0.7362737630804379, 0.6178228598501947, 0.44532370325177906, 0.9780160295466582, 0.6688614298517888, 0.6285154717663923, 0.4125716312495896, 1.3669386736693836, 0.5624096700205252, 0.4737186305224895, 0.4698056153021753, 0.7246000361111429, 0.40239656617244085, 0.5056882834150678, 0.45271609622157283, 0.8226937328775723, 0.48803064102927846, 0.7902785177032152, 0.5890000941225024, 0.522237661977609, 0.4902566532293956, 0.7812905362319379, 0.6141203794737948, 0.5126036011728279, 0.7734679128353794, 0.437716884754206, 0.4973683334887028, 1.0728553405238523, 0.6473766809795052, 0.44803448973430526, 0.40564156669591156, 0.8922309418519339, 0.5485316496342421, 0.48052289907400514, 0.5473248349636599, 0.48240941816142624, 0.814664901777481, 0.5649077404877205, 0.4876142642682507, 0.5061194847027461, 0.3756940058831658, 0.7885842572611113, 0.5685444120317698, 0.7871268719434739, 0.7218904256036407, 0.6493811443448066, 0.9637384716243971, 0.8628184657011713, 0.8290300835904322, 0.5031702710049493, 0.400385732203722, 0.4481553783292299, 0.6169937745564513, 0.3316441952095677, 0.9225847658056479, 0.5054946302746733, 0.7668796430474946, 0.47192838619280064, 0.4579702666118032, 0.4916012021712959, 0.4140962319245108, 0.5975976380209128, 0.7234013563642899, 0.5920749008655548, 0.3628159914431828, 0.5169187933055737, 0.2936875265424273, 0.9645562684784332, 0.39642925796409445, 1.2294024300754518, 0.5924220241916676, 0.45995223382487893, 0.6635702752197783, 0.39129415511464083, 0.36523175354187304, 0.6739692179486155, 1.299373745918274, 0.6661644577048719, 0.3918568968772888, 0.3425473889116855, 0.5404787732843768, 0.6156589724123478, 0.4718498832822501, 0.6323323455949624, 0.3697988734713622, 0.8279767541421784, 0.5241321787859002, 0.4483838234074591, 0.5861786518245935, 0.6134135298253525, 0.5064995580758804, 0.40199284156163534, 0.5685109510485615, 0.9223468612569073, 0.5041595408249469, 0.7866908351580302, 0.630363402267297, 0.5646428013841311, 0.5396439789739602, 0.5178341768682003, 0.6574575419227282, 0.4544350234170755, 1.1920746059009903, 0.6920162492328219, 0.5692372707029183, 0.5706941993286212, 0.6829332284629345, 0.6227452863185179, 0.9568022427459557, 1.0416836937268574, 0.45470252220418517, 0.34772663294876877, 0.9973012715431989, 0.7212030448374294, 0.8530576579745799, 0.5600616054402457, 0.5282091306788581, 0.5255231564598424, 0.513167264064153, 0.5645689187305314, 0.5580690566646426, 0.5011297615038024, 0.7532271007075906, 1.001193180680275, 0.6787432134151459, 0.9179165909687678, 0.758075920974507, 0.7622805623370305, 0.5556720185436701, 0.8290437087416649, 0.7475948128849268, 0.7180972163875898, 0.5424582221006092, 0.610890769213438, 0.6953773597876232, 0.5915318017204603, 0.499263116362549, 0.7776832227905591]
2025-11-25 22:40:11 - ffalora - INFO - loss data:
2025-11-25 22:40:11 - ffalora - INFO - [1.0447344303131103, 1.0779786743223667, 0.5428420646259418, 1.6884836286049465, 1.2483869675132964, 1.0571034360677003, 0.8216869813345726, 1.7628571424219344, 0.7827082658807436, 0.7717106839021046, 1.0449967764850174, 2.5032589927315714, 0.805891568462054, 1.0835144635703828, 0.9144915483499828, 0.8933611377500571, 1.0015477227667968, 1.7960077673196793, 0.835532368257128, 1.3455526670762177, 1.7202772802428195, 1.0000771472851435, 0.8207454785704613, 1.1750428661704064, 0.7806057630427952, 0.9731017099454616, 0.8889436195294063, 0.7585508116544821, 1.2827372588217258, 0.8840814447746828, 0.8235286991629336, 0.9168659220967028, 0.7747023090187992, 1.1168260627148445, 0.8871910395100713, 0.7712477859523561, 1.073034182190895, 0.8637679557005564, 0.6771387338106121, 1.9364784454305966, 0.9298561008549051, 0.9662713239590327, 0.8406345620751381, 0.8029112617174784, 0.7326755909456146, 0.7010660678148269, 0.7980883563203471, 0.8167898890872796, 0.8482041792323192, 0.7040728253240769, 0.7350494042038918, 0.8102748431265354, 1.093060512840748, 0.5548930710388554, 0.5483356110130747, 0.620017772126529, 0.7226688868055742, 0.6419289751421837, 1.184467707086226, 1.1156176154812179, 0.8709995141873756, 0.8721324533224106, 0.6860192236800988, 0.7012174980094036, 0.6137975750204463, 1.0134757770519507, 0.6013890144492227, 0.8783500716090202, 0.8177894142766793, 0.6722105802761185, 0.6495436881913951, 0.735889711851875, 0.8305523375670115, 0.6957298403812779, 0.7222319723894963, 0.5276158789879289, 0.8564743019640446, 0.6099035528584801, 1.3874718882143497, 0.8523309584707022, 1.1073969033443265, 1.0743108664093346, 0.7743272272249062, 0.7682574619849523, 0.6406715339759276, 1.5645137197441525, 0.7727600508832443, 0.7834900915622711, 0.6215012817932614, 0.9682921240727107, 0.509359506269296, 0.602123129595485, 0.7067741825875, 0.7860425896942616, 0.48709624334453394, 0.6198110472824838, 1.152218968917926, 0.6349867818256218, 0.815349708000819, 0.7235707099239032, 0.9278964549303055, 0.5234977587543685, 1.4301623329520226, 0.717695044229428, 0.8897421926259994, 0.47761436784074374, 1.4583957307040691, 0.7949661585191885, 0.5221261994410602, 1.159478241689185, 0.9008679906527202, 0.8210062610606352, 0.5029080119626276, 1.1160376474261284, 0.7945349738001823, 0.5864615815381209, 0.6947508795186877, 0.6351601550785395, 0.6592135746032, 0.6430818885564804, 0.9049081847071647, 0.8758673518896103, 0.6145346593643938, 1.2844689854731164, 0.7648125098724115, 0.5836471105710819, 0.9757160879671574, 0.621792536849777, 0.4341344424591211, 1.1372981977959473, 0.6978933742413154, 0.6501658130437136, 0.6946175134239289, 0.5977145829016254, 1.5052101413408914, 0.8439570009587747, 0.6622531847821342, 0.6589305462936561, 0.7122572379807631, 0.8805172656086229, 0.668327341725429, 0.6636847133437792, 0.5590227132751828, 0.7541049369252645, 0.38469840815434087, 1.3149950275818507, 0.6598908990207646, 0.6680784972591532, 0.9159939611951511, 0.7904679160565138, 0.7862566880881786, 0.8098730593919754, 0.805344037214915, 0.5535344064374027, 1.0564051669623171, 0.8605245215197403, 0.8406696419557955, 0.8242622002959252, 0.7886691195078386, 0.8153563638528187, 0.8179137210051219, 0.7031300339847804, 0.9316337345854232, 0.797306576371193, 0.7592380414406459, 0.7977246369578337, 0.7916409073486215, 0.7636602133512497, 0.8248689112563927, 0.8364020834366481, 0.8249035035570462, 0.9762816100528365, 0.8126119965066512, 0.8175909188695443, 0.6728671394989021, 0.7381408961537557, 0.6985592495715409, 0.6644273564601555, 0.9078792376177651, 0.7370691947302872, 0.7301215040187041, 1.0057735073451812, 0.7139033555584849, 0.7116472759466062, 0.8346760208408037, 0.7522327701250712, 0.8539309069514274, 0.7970911348859469, 0.8287638006241698, 0.7264967424602344, 0.7761793062090874, 0.6915562502165072, 0.7382657120625178, 0.7451956900457541, 0.7833747749527296, 0.668267438809077, 0.6859371228978552, 0.7551512474815051, 0.8707000510136884, 0.9234706103801728]
2025-11-26 00:20:06 - ffalora - INFO - loss data:
2025-11-26 00:20:06 - ffalora - INFO - [0.8047297490139802, 0.7988028143460935, 0.8417781907651158, 1.0394236482679844, 0.864711688343613, 0.8321486344432523, 0.8881946879647153, 0.6626217511107867, 0.8872382133856587, 0.8870010254599832, 0.8222865412632625, 0.6966411617894968, 0.9982700841501355, 0.8308140854040782, 1.158265572928247, 0.7111399799792303, 0.8937110629337852, 0.532754438618819, 1.7223343012424617, 0.8691514176130295, 0.8844494675951344, 0.8266149391045516, 0.7841525209239788, 0.9760122435562539, 0.9804466742437004, 0.8351388229057193, 1.0027844515584765, 1.0058331730819883, 0.8209226951003075, 1.203748709211747, 1.1427930992628847, 0.7894562302778165, 1.266413539648056, 0.8999431123957038, 0.8508325885995595, 0.788090519681573, 0.812150915818555, 0.8782089141756296, 0.7228567258144418, 0.8720913565364377, 0.8778469326595466, 0.5009237362692753, 1.1179558606818318, 0.9759881051759871, 0.8615244647103643, 0.8731527079854693, 0.6507880521091548, 0.6564121559262276, 1.102100102851788, 1.4841275786360106, 0.8140219825630386, 0.9281759224832058, 0.9748705522645087, 1.269070224629508, 0.9861904268286058, 0.7045728477338951, 0.6539329253137112, 0.7585577510297299, 1.3298231254924429, 0.7944999523460865, 1.106000094778008, 0.5090810369079312, 1.0339772281547388, 0.8824840877335387, 1.110633937848939, 0.9106979327542442, 0.8430740545902933, 0.5573829203844071, 1.78353118399779, 0.7418270152807236, 0.9324375415841739, 0.6982269870738188, 0.519608912436348, 0.8722919985900323, 0.8948227542114782, 0.5983771837648304, 0.8521318028027984, 0.6816885761916638, 0.7519028067074973, 0.793274927056498, 0.6795894950200085, 0.8614711012442906, 0.964174504258803, 0.9317910248041152, 0.675299398334963, 0.7626578626888139, 0.788523786124729, 0.8982680795921221, 0.7784373814033138, 1.012956836985217, 0.622355026840607, 0.7215650234710087, 0.707993381338202, 0.6606463857151412, 0.5585575403645635, 0.9177669516484726, 0.6902199971179168, 0.8491325585969857, 0.6046133091052373, 0.6563230302929879, 0.6620277007649228, 0.7260732538998127, 0.6160105554386973, 0.6965176386074123, 1.2043000683188438, 1.0416652029380202, 0.5182645679451525, 0.9796809782021738, 0.6627897216910215, 0.6610884707277784, 0.7172165675295723, 0.8534185606986284, 0.7824726856003206, 0.5672345313554008, 1.308421457807223, 0.7498125812182059, 0.5250892777306339, 1.948886406918367, 0.8127239016549928, 0.7153734766954769, 0.7993540843273257, 0.7076761782169343, 0.6960596063733101, 0.7852775631472468, 0.8882520185813072, 0.9819832767049472, 0.6454534197433127, 0.4885455832506219, 0.7487451022640728, 0.8778355881722286, 0.652398540901068, 0.5036709226381321, 1.6095344230532647, 0.7825306543459495, 1.1949672156146596, 0.7668917382756869, 0.7566398210557443, 0.7000785539547603, 1.0133770149615076, 0.8272626467726447, 0.6905341485515237, 0.6352949430722565, 0.5802835811268199, 0.8112950080480331, 0.6293240442872048, 0.6477340399805043, 1.0431296789220401, 0.7415402475744486, 0.7786936766157547, 0.6540416660065624, 0.9114701996139924, 0.8710310421741329, 0.8066870016285351, 0.5538028083741665, 0.7886211099723975, 1.2050800252084932, 0.9046621651699146, 0.6233110683659713, 0.9363496910140972, 0.9448154522822454, 0.7056725413121026, 0.8076796937012547, 1.222347722078363, 0.844524628482759, 0.7696156201381532, 0.8737554423128947, 0.6377311494822303, 0.7333045892772221, 0.8140504162373214, 0.9242375906639628, 0.8222331332249774, 0.794573067377011, 0.8300989208122094, 0.7433612922295219, 0.6765742068489393, 0.896010264222111, 0.9514062090052499, 0.81375742405653, 0.9178105641511225, 0.6390504741759011, 0.8483226163578885, 0.9154568543036778, 0.8150796511520941, 1.0639985213056207, 0.7028185327847798, 0.7843259142504799, 1.2092427546158433, 1.0448703622179372, 0.899189238746961, 0.8341310568379633, 0.7883338804046314, 1.048232267300288, 0.8192584332492616, 0.836243672221899, 0.8530728777592209, 0.8439382672309875, 0.8621755627294382, 0.8407885056402948, 0.691439550369978, 0.8056031476877544]
2025-11-26 01:48:28 - ffalora - INFO - loss data:
2025-11-26 01:48:28 - ffalora - INFO - [0.9166169102702821, 1.1033533284440638, 0.8946320060226651, 0.749261421905387, 0.8693566968043646, 0.5435666030716328, 0.9335441555827856, 1.4520477975408235, 0.9482288056970539, 0.9657086245715618, 0.8689331403623024, 0.6141567826271057, 0.7341342851519584, 1.7353061214089394, 0.8235818271835644, 0.9190098103668009, 0.6618441611920532, 0.5362719614058733, 0.9631595349027997, 1.1021993371347585, 1.5452322978199573, 0.777360562965566, 0.905093193675081, 0.8374117182656413, 1.166309059581213, 0.8503607004880904, 1.2075625416778384, 1.6983204876121722, 0.9296160370361904, 0.8425593942935978, 0.956730542331934, 0.5506355013875734, 0.8654157709903442, 0.6313380823781093, 1.4662454569569001, 0.7861722970292682, 0.7674656920962863, 0.9572517936428389, 0.936635710299015, 0.743926165492407, 1.1524775595892043, 1.4406914851244759, 0.9345522131770849, 0.8908101710535231, 1.154193317145109, 0.756971002226336, 0.9978490602225065, 0.6572111756319091, 1.4615570148896602, 1.2693701060932305, 0.5972706671183308, 0.882493987314257, 1.2061824343270726, 0.7960630669853741, 1.3154955208301544, 0.6042202775677046, 1.1927624362838136, 0.7599870716532071, 0.7341525454074145, 0.9073103815317154, 0.6184194027354905, 0.7151527893064278, 1.0926756428347693, 1.0733491761816873, 0.6277940087020397, 1.5315515850981076, 1.1905391063445654, 0.8573315673818191, 0.8092520736157894, 2.15668106504849, 1.008533595273128, 0.7456188018123309, 0.8682187951480349, 1.207895610895422, 0.58797459329168, 0.7455756603961899, 0.6781772227750884, 1.3475828142393202, 0.9438764117658138, 0.9093154440323512, 0.9400727296923543, 0.7956990217169126, 0.792148640130957, 1.1058956351131202, 1.0952247977256775, 0.7437812444410826, 1.187583822508653, 0.6606647123631678, 0.6996875618894896, 1.5744000640180378, 1.015207958718141, 0.7057975878318151, 0.6003026384860277, 1.4209585696458817, 0.7636009380221367, 0.7306506142312406, 0.8315874652730094, 0.7706863126093215, 1.2249750342840948, 0.7825669817926683, 0.7715903360928809, 0.7465467328826586, 0.5270833190353144, 1.3694814967994506, 0.7550782792270183, 1.220050232609113, 1.0957565684067574, 0.7780108481645585, 1.3889748929511934, 1.1972019491451127, 1.2898992723540257, 0.8011370068859487, 0.586649664491415, 0.7308945128550897, 0.8779414759741889, 0.5787098988890648, 1.1925076372348347, 0.6845339034994443, 1.0167086869478226, 0.7594583368836305, 0.7356722986414319, 0.7363084442913532, 0.6082322647904648, 0.79733905022343, 1.0393537707626819, 0.9961489396435874, 0.48865954203619844, 0.8250159790460397, 0.5385108825794998, 1.3424019192655883, 0.6045792487139503, 1.627609871607974, 1.0106805856339633, 0.6877389699220657, 0.9471452397604784, 0.6297275961066287, 0.5992299243807793, 0.8974458555380503, 1.5687223027149835, 1.0858422407880426, 0.6958791658903162, 0.5059411840549871, 0.9432783501190052, 0.7826125158690939, 0.7861688051904951, 0.9366512288649878, 0.568632758373306, 1.1561100747850206, 0.9144266873598099, 0.6231822213113662, 0.7548321689168612, 1.0010778410803705, 0.7963389297326406, 0.5827607415616513, 0.8220837148172515, 1.4175558912878237, 0.7818012067249843, 1.2081012405455112, 0.8309417012191954, 0.7976113917926948, 0.8784151869223398, 0.8437650486826896, 0.9018282005356417, 0.6711416353782018, 1.544346719195968, 1.1073390382859443, 0.9684520711501439, 0.6941696102420489, 1.0554881806174914, 0.8327530026435852, 1.33482536226511, 1.6024490843216577, 0.6382890992930957, 0.5118052577763273, 1.520880257732728, 1.1232975995256789, 1.0840150646510578, 0.8321734691659609, 0.7779071878582713, 0.7399139856298764, 0.8515244523684184, 0.8637729021055358, 0.7584498132530011, 0.7183572520812352, 1.0135871145342077, 1.468792567650477, 0.9524665967776225, 1.3987411061922708, 1.1704368117977593, 1.18800673307034, 0.9459818632979142, 1.2392810712258022, 1.1062253487606843, 1.0690897206465404, 0.9436169643151133, 0.8458876073360444, 1.1992128541072211, 0.8744923969109852, 0.7452117316779636, 1.2605678528547286]
2025-12-18 02:17:59 - ffalora - INFO - loss data:
2025-12-18 02:17:59 - ffalora - INFO - [1.028336231244935, 1.068314714357257, 0.47106796419964386, 1.366803782309095, 0.9113727882504463, 1.0685987586776415, 0.7273460081129364, 1.1560224605103333, 0.7775888251509644, 0.7650041774203236, 0.8805346856514613, 1.872296150525411, 0.6473691109454993, 0.7199523881077766, 0.7194438949227333, 0.5780872178013221, 0.8569981626714721, 1.1320465796373107, 0.6544262585540612, 0.9973706245422364, 0.9400185510516166, 0.6600584674965251, 0.5470922545840343, 0.7466595813632011, 0.5237332068383693, 0.6987086366766538, 0.6306827570001284, 0.4694035855102372, 0.7496756938812525, 0.5445245757871601, 0.6016281824248533, 0.6886980595688025, 0.5337373049308856, 0.693240869541963, 0.5417434170164845, 0.46006532494838426, 0.6997395548969507, 0.5792639942704767, 0.47152447973688444, 0.8956483262619286, 0.6093135236452023, 0.603483664823903, 0.5220066449915369, 0.5630793356233172, 0.4654577560722828, 0.4646836142987013, 0.5405038888255755, 0.5741380792489086, 0.6136483193685611, 0.44260994266796777, 0.4088392846853189, 0.5602042020662972, 0.6082408158729473, 0.41418188326060773, 0.37193795681620634, 0.3528088639871302, 0.49778080070779346, 0.45974413050959506, 0.5815820742398501, 0.7792530407508214, 0.6103654180963834, 0.537516033090651, 0.48243862696302436, 0.3941701305696783, 0.3710658480055057, 0.47728654878834886, 0.425698734074831, 0.5935851184587757, 0.4228898263668684, 0.4552125541182856, 0.373334784557422, 0.4194217874304108, 0.5002345339197553, 0.5087265347441037, 0.4476110651993599, 0.324453532245631, 0.5930042124042908, 0.4220698883756995, 0.6601820670999586, 0.5705945077352226, 0.7543577145164212, 0.542596430859218, 0.5829847987363304, 0.49563389535372454, 0.40281816604970533, 0.569361116643995, 0.4286288116748134, 0.5100837978329792, 0.44366809859250983, 0.6191205011473762, 0.3339139244546169, 0.4426023703689377, 0.40389239674386307, 0.47151967510581017, 0.3298555691289202, 0.37086616351523183, 0.5725593396293168, 0.40304486148736696, 0.6172186726083357, 0.4514198137052131, 0.4940541638061404, 0.31502633185662104, 0.8068495067043437, 0.5329479108254115, 0.5545581610252459, 0.3293973677105103, 0.9323622747931791, 0.5574218414102992, 0.37472254640112324, 0.5336755395114708, 0.49639207882185776, 0.4453660499304533, 0.37994628336487546, 0.6879687335342168, 0.5029561085626483, 0.4112690922493736, 0.501699765245289, 0.3259736339757657, 0.477431030680115, 0.4105102742711703, 0.5424885968160298, 0.6134691491885029, 0.4270435841133197, 0.8512765983627602, 0.48631444523731865, 0.36901926711344946, 0.5874873947973053, 0.5590413196579269, 0.30434154349689685, 0.8107431816558044, 0.30216579700956914, 0.49923353423566924, 0.47919677431480245, 0.3532336732767748, 0.7492874471301383, 0.2578690286403379, 0.537459076816837, 0.41365824708634097, 0.6131666585746588, 0.549198853969574, 0.4789997803668181, 0.3783526902566805, 0.40408639019976056, 0.49262316550056523, 0.17667205673373806, 1.2978799212310048, 0.4289428158268107, 0.47407543746133646, 0.5469241274043154, 0.5673568998773892, 0.4913819270208478, 0.6428034156560898, 0.5300747793958043, 0.31264073548313137, 0.7117233496159315, 0.6437766068493542, 0.4681269206106663, 0.5167784323708879, 0.4590870333548922, 0.47567918734705966, 0.5062675181437623, 0.5136916716893514, 0.581235341541469, 0.6561523560848501, 0.5008388327980282, 0.4741857022837256, 0.6879502385098866, 0.5708082333207131, 0.6049352231125037, 0.5741073358803988, 0.5275336484114329, 0.5552089660118024, 0.5361222535569333, 0.4371358184573742, 0.4105657702120833, 0.5049378317231551, 0.4040343184475646, 0.4234340327433669, 0.811385188686351, 0.5309378851205111, 0.6392356421177585, 0.7133598073509397, 0.5606753083566824, 0.556084667518735, 0.5678038895130157, 0.4850720980966633, 0.5671559630996651, 0.5025378300385042, 0.6287594428285956, 0.5118971986075243, 0.47725783511996267, 0.36459451697957823, 0.44249289857054297, 0.460851060350736, 0.590726076780508, 0.3749643889861507, 0.48531391310195127, 0.5573042266070842, 0.7481614653021097, 0.6771675971233182]
2025-12-18 03:41:21 - ffalora - INFO - loss data:
2025-12-18 03:41:21 - ffalora - INFO - [0.8078587382410963, 0.6929685525099436, 0.8552495097120603, 0.9132901478510398, 0.788952853406469, 0.8057749484976132, 0.8337166621287664, 0.6772097164144119, 0.8203771495156817, 0.7781839660171307, 0.734702937792648, 0.6293053916345039, 0.6930741101813813, 0.6406400055988974, 0.9005236103026955, 0.5242873204665052, 0.7725841355820497, 0.42531911985327797, 0.877055436902576, 0.7264233626199491, 0.623066502539576, 0.6176500918964545, 0.4735750608974033, 0.7096135469887292, 0.7247787383695443, 0.5805458389932201, 0.7148769678616965, 0.7256911150283283, 0.5010389108397066, 0.7393647550333361, 0.5963035438865147, 0.4993932781312962, 0.6270491935844933, 0.546581861100815, 0.5934523860613505, 0.5439368321560323, 0.4987921645195972, 0.571377552797397, 0.4759891239305337, 0.5847985830157996, 0.5787270101053374, 0.3416170391564568, 0.49789704740371393, 0.6697168804705143, 0.521639201514147, 0.5504351052145163, 0.4051745120774616, 0.4406176723362435, 0.5948916867121377, 0.5944599270820617, 0.50308405414901, 0.6228997047877673, 0.5757101307312648, 0.5238620441200005, 0.598735678906518, 0.4178085046536897, 0.37262387723270535, 0.40756205056765765, 0.43494928552007134, 0.5376615087900842, 0.5959993382596006, 0.3201852971687913, 0.5726924418612863, 0.45041824522343543, 0.7119158490871389, 0.6107445612963702, 0.5195783194568422, 0.3572233588745196, 1.0101477785713293, 0.45463465265929703, 0.5414066092308724, 0.4346501264307234, 0.32319898490201343, 0.5514078057681521, 0.5579695355892181, 0.41521842283453203, 0.5403268725131497, 0.4083424605062288, 0.42165246866643424, 0.5107132933797345, 0.3957153233308075, 0.528101370566421, 0.606010557566252, 0.65872108326466, 0.4167221080835747, 0.44840644039213656, 0.5340084325660158, 0.5636813338432047, 0.5046482248128288, 0.5612908056419756, 0.4261847366889318, 0.46803301080609816, 0.45745529321332773, 0.40138452134349134, 0.364105181582272, 0.65996703269581, 0.4359970301389694, 0.5320432762028995, 0.3994772767081209, 0.4432688108024498, 0.42096228268411423, 0.5332952429141318, 0.35610109226157266, 0.40768368547989264, 1.042328929262502, 0.5532138665827612, 0.3048405547153906, 0.5656751508514086, 0.37630706546884596, 0.4372354856381814, 0.4785413546073768, 0.4892356320945681, 0.5398371062580157, 0.348876961444815, 0.7943398783999411, 0.513487956126531, 0.3421352827300628, 1.459080840398868, 0.5572730026587291, 0.45019050608078637, 0.4845770033586908, 0.4561900702615579, 0.44116096906363966, 0.5137699647185703, 0.4870629195399858, 0.6480377791570379, 0.4185629409220484, 0.3154603251903925, 0.40709348524232275, 0.4682735193972335, 0.4192839324085609, 0.32432507808009786, 1.0149992369115353, 0.4638220108424624, 0.526309137336082, 0.5510834911104404, 0.4218696583752279, 0.46223243462542696, 0.5750816468149424, 0.46912435738539154, 0.45380346414943534, 0.4431506876523296, 0.3681693303596342, 0.4582649081403559, 0.3777178960541884, 0.37291585967160656, 0.6101028613746167, 0.4661832338515596, 0.535004758896927, 0.47047260055939355, 0.5267729726930459, 0.4471355825248692, 0.47165829655196934, 0.37295247974495094, 0.47861987402041756, 0.5695596280197303, 0.5903367532376687, 0.4920402439000706, 0.5603283007713882, 0.5010348124636543, 0.5856394576416775, 0.4876100505391757, 0.5095899180711612, 0.4033574846883615, 0.6492846241841713, 0.46365125293317044, 0.5280467990785838, 0.5309388349679383, 0.5325990721583367, 0.582389028618733, 0.5707205757498741, 0.523818094664338, 0.553201888118767, 0.47705853040571566, 0.43306660912930967, 0.6067869725866595, 0.6443899636467298, 0.5002450784857291, 0.5908185764319367, 0.4827937304296277, 0.5638896387018677, 0.603833916309205, 0.5123330783889148, 0.6414919649561246, 0.5629614089926084, 0.538222232626544, 0.6178952101024164, 0.5491448059678078, 0.6004920406925558, 0.5721678211833492, 0.5476267146141038, 0.5799642047948308, 0.5988406419909249, 0.6224147843196988, 0.5419260479509831, 0.6037639904146392, 0.5480577191652883, 0.5831775457494788, 0.6367865272664598, 0.6174232843021552]
2025-12-18 04:57:54 - ffalora - INFO - loss data:
2025-12-18 04:57:54 - ffalora - INFO - [0.9126453002293904, 0.8585465302069982, 0.9070912201856745, 0.61714126765728, 0.8567056007909053, 0.5354780671221239, 0.7541206536193689, 0.8549352241680026, 0.8172530528062429, 0.8669427768685497, 0.7884395196070445, 0.5397606899340948, 0.652075235793988, 1.210948321968317, 0.5795451355477174, 0.8719202228166438, 0.5840104732524465, 0.4187402518811049, 0.6971695235428902, 0.5150398261569165, 0.6846070546656846, 0.5665848463773727, 0.5727674372804661, 0.6792637528230747, 0.7621715482324363, 0.5893898205210766, 0.703541754775991, 0.7999471300592025, 0.6216959033830044, 0.6036769852042199, 0.5710348400908212, 0.2776008240930322, 0.4955124234904846, 0.48962876883645856, 0.6904648840241134, 0.5177237062947825, 0.5544550405194362, 0.5256590494704058, 0.44161762083725387, 0.5977057835846036, 0.5064758607358844, 0.6428082830272615, 0.5159045562613755, 0.5604899672032506, 0.5845105798138927, 0.4976409640163183, 0.5054588490800762, 0.5092907816779985, 0.592828142836138, 0.43250153649218936, 0.3970498558754722, 0.5486753983423114, 0.6470079277952512, 0.4817168247432281, 0.6750718545913696, 0.2812009532159815, 0.6171839527671154, 0.45834443159401417, 0.3877614495810121, 0.2714557700868075, 0.34805346866099474, 0.4153302163437561, 0.6171468526124955, 0.5204665206372738, 0.4147061948974927, 0.7497349943965673, 0.48596659633486217, 0.5766741756349802, 0.3502243009139784, 0.8227708798188429, 0.4918905766579238, 0.5280913464104136, 0.3626683064348375, 0.6197221783998733, 0.4094683178390066, 0.48714799095283856, 0.43344707346210876, 0.5993238512713175, 0.36103859155749285, 0.7412042886018753, 0.5139635030676921, 0.5395571452875931, 0.36066768278057376, 0.5712157563616832, 0.5388075879464547, 0.4886204245189826, 0.522325814763705, 0.4695981276532014, 0.4818621179371169, 0.830981149772803, 0.4332650639116764, 0.4147126919900378, 0.358429303573195, 0.7041976797426569, 0.4489838085391305, 0.464999449873964, 0.5081919262806575, 0.47045534729957583, 0.5380271416778366, 0.49616400827964147, 0.4792152286565804, 0.4934137828422315, 0.36073280669472835, 0.5527592892479152, 0.6362120794753234, 0.5608918697669588, 0.6321291985272458, 0.5523872554923097, 0.819470176162819, 0.7710414089262485, 0.7544036738574504, 0.3963722391463644, 0.3946469593354255, 0.4527204485122974, 0.5559441844622295, 0.2381100063289826, 0.7665469877421855, 0.3607133068377152, 0.6329580417368561, 0.4649020329862833, 0.42730376827938166, 0.4453671671746468, 0.40447676804054666, 0.5151480153203011, 0.6454364215334256, 0.5372110331965076, 0.36159930244709054, 0.43110810726881027, 0.2906705145515167, 0.6370558454687225, 0.3713925831584316, 1.1189847339995396, 0.5713308397680521, 0.4243991506441186, 0.5207888972945511, 0.31873502638190987, 0.3244892616942525, 0.6336640093108696, 0.9554990328848362, 0.4955374715228875, 0.3914990574975188, 0.34650893853977327, 0.5423913136124612, 0.5670185836032033, 0.46678721719063243, 0.5829196209109377, 0.3602774340107485, 0.800892748683691, 0.523607635932664, 0.37063418266673887, 0.41525900550186634, 0.6082609475423129, 0.4616582157462835, 0.4175258420238441, 0.47560574149665164, 0.7707412463923295, 0.5820446123679479, 0.6151497817287842, 0.6170124731681965, 0.578695952472673, 0.40268069778879484, 0.6338580589741468, 0.49561285227537155, 0.472767576586568, 0.9345249786973, 0.5687711572274565, 0.4918574936067065, 0.5761047833909592, 0.6416755226751168, 0.5728885405696929, 0.7795970501827783, 0.7010993279516697, 0.5028343783070643, 0.3446678638458252, 0.7759393130739529, 0.5830962188541889, 0.6502669412228796, 0.5579523093610381, 0.505679766050516, 0.5197452652339751, 0.5672342420866092, 0.5829632783101665, 0.5654308218508959, 0.5058251166095337, 0.6959528689583143, 0.7935243919491768, 0.5994948527758772, 0.6761631940801938, 0.5865796633064747, 0.6265394871433576, 0.4929934345185757, 0.6560495924846879, 0.6130959371725717, 0.6452535822310231, 0.5479872482518355, 0.5747998626838471, 0.581125620007515, 0.607081093887488, 0.5302994408859656, 0.6431147468586762]
2025-12-19 21:15:09 - ffalora - INFO - loss data:
2025-12-19 21:15:09 - ffalora - INFO - [1.0331940313180288, 1.0278617031872272, 0.47262763380646133, 1.5226960470279058, 0.9152203417072693, 1.0694233010212582, 0.7464049674457673, 1.1635014917701483, 0.7895415370950952, 0.7827119356840129, 0.9960240037490924, 2.045749792456627, 0.7978910909683415, 0.9758995398879051, 0.8654536892970404, 0.8365864631218406, 1.1371673667972737, 1.2970210449262098, 0.8683977001657088, 1.3012308691938719, 1.3635874785482884, 0.9169986368580298, 0.7511877144376436, 1.0456999090810617, 0.7817168839275837, 0.9312521580129098, 0.8993889480829238, 0.7120672397940726, 1.078329305447962, 0.8896133902098435, 0.812262500077486, 0.9287995840112369, 0.7785774721453588, 1.025643672545751, 0.8522810461846264, 0.7138648590789392, 1.024797260761261, 0.846059091626734, 0.6729323074635531, 1.5222556133613443, 0.8932956486940384, 0.9493196050326029, 0.7700277984763185, 0.8178996952043639, 0.6831094507127999, 0.6676416490847865, 0.7945058355728785, 0.8248850977291231, 0.8882659129798413, 0.6740855424554197, 0.6374639943039612, 0.8213137729984263, 0.941750796015064, 0.5666872161750992, 0.529553707006077, 0.5663210509965817, 0.7526633717740576, 0.6533206711212793, 0.9858885227392118, 1.007395652598805, 0.8783133442203204, 0.8253096774220466, 0.7056127347672979, 0.5855032561403333, 0.5207297205924988, 0.7154128609846035, 0.6205711357295514, 0.7798890081826937, 0.6729667163877324, 0.6632248877237241, 0.5481075554154813, 0.6640720444043045, 0.7616184568314841, 0.696176036198934, 0.6433789648402195, 0.46079368678232036, 0.8092567515869935, 0.6260989074905714, 0.9481959290181596, 0.8638388505205512, 1.101664342172444, 0.9918501194152567, 0.7506228130796682, 0.7225458125583828, 0.5853372903371399, 1.0118410841872294, 0.6399240049223105, 0.7523262145618598, 0.6254831265037258, 0.8684975721769863, 0.46909475347864027, 0.6034780879194538, 0.6342549613844126, 0.7377330531493168, 0.47972539498064765, 0.6092550605309732, 0.9326576160436326, 0.593682638284835, 0.8450961329042912, 0.6977394511302313, 0.7793330624699593, 0.47351391294011563, 1.1496352917618222, 0.7311226489643255, 0.7934917940033807, 0.48782278645115024, 1.2538160812109709, 0.7682120465983947, 0.5151256310443083, 0.7750298865235006, 0.733432475477457, 0.6647135997811953, 0.5228599517295758, 0.9338297626624505, 0.7339130897074938, 0.5939465189973514, 0.7359936839251807, 0.4932721859982444, 0.6475287827352683, 0.6057923684517543, 0.8099094550228781, 0.9076042061914569, 0.6249977070838213, 1.1945572375235232, 0.6978677143653234, 0.5222723143748366, 0.8504056505858898, 0.7138886098628459, 0.44356960666676365, 1.0799807821710905, 0.5115761085204988, 0.6976166727709705, 0.6759036215643088, 0.5775495192318252, 1.0059561429714616, 0.40554610528529456, 0.7441276344160239, 0.6118343682230815, 0.8123031585053964, 0.8329002233843008, 0.6766153872013092, 0.6126709345953933, 0.5822882510721683, 0.681546488776803, 0.2681492641568184, 1.820344281858868, 0.6360610468030878, 0.6645019525041183, 0.8326080910288371, 0.7861101888120174, 0.7278136953711509, 0.809656448662281, 0.7975221336489977, 0.5134772891704089, 0.9514803881446521, 0.8222638875569986, 0.6992391256376719, 0.7433135267761019, 0.66682558500996, 0.7489271656621115, 0.7385315055196935, 0.7348836311395617, 0.8747718991090854, 0.8709485411643982, 0.7285134229395125, 0.7093537965281443, 0.9138973891951035, 0.782083268960317, 0.7594854399561882, 0.814147698269649, 0.7954005303482214, 0.8449766320486864, 0.7613390214515455, 0.6744502980739642, 0.6124953338159964, 0.6972160441180071, 0.6132368117570877, 0.6025061304466082, 1.0442863921324412, 0.7674450087050597, 0.9135143517206112, 0.7493738469543991, 0.8083089793721835, 0.7886288796861967, 0.7815675255325105, 0.7339032391707103, 0.817473208407561, 0.7294948980437986, 0.8292090829461813, 0.7658269171913465, 0.692588584125042, 0.553319472915087, 0.6746876470744609, 0.6507615285615126, 0.8061697470645109, 0.6009039065012565, 0.7002041156093279, 0.7610453464090824, 0.949082762748003, 0.9693311390777429]
2025-12-19 22:34:07 - ffalora - INFO - loss data:
2025-12-19 22:34:07 - ffalora - INFO - [0.8177565245578686, 0.7199274378518263, 0.8646012139817079, 0.8901444944468412, 0.7941089392950138, 0.8184187511603038, 0.8510730042060216, 0.7015500467270612, 0.85273886339532, 0.852697850944418, 0.8038664534146136, 0.7173888651033242, 0.8780253862341245, 0.8370346253332884, 1.0783071980984122, 0.6454585461980766, 0.9469024196267128, 0.5397282741963862, 1.1118068979183833, 0.8980651924555951, 0.8777598562879839, 0.7961058219273885, 0.6134518280625343, 1.0038771034867473, 0.9479591399431229, 0.7635519518738701, 0.9627148633201917, 1.0034624765316646, 0.734948700107634, 1.107799710277815, 0.8859147033481686, 0.6973149209566738, 0.9283982458125267, 0.8330075463762989, 0.8299378119409084, 0.7253616348840296, 0.7853020985105379, 0.8430479869246483, 0.7367437747617562, 0.8838237317899863, 0.8411574971366238, 0.5016832278420528, 0.8183899505414824, 0.9571350581116146, 0.8158006855735073, 0.8383925866197657, 0.5668986633758653, 0.6349938763039453, 0.904655194079334, 0.9441788661811087, 0.754360362119747, 0.9813574294136329, 0.813090338682135, 0.9350203254984485, 0.8827449849082364, 0.615443108137697, 0.5844358063694359, 0.612445452261829, 0.7104840837419033, 0.7384901497779148, 0.9041527825774569, 0.43064696105817957, 0.86034631419814, 0.6850057945874604, 0.9890715945512056, 0.8550082126701319, 0.7906393270801615, 0.4851087722927332, 1.5074455020102588, 0.6747207971910636, 0.8029879248428224, 0.6870416803699401, 0.4854099094190381, 0.8130956282218297, 0.7526550157864889, 0.5893078233236851, 0.7608521139531425, 0.5898087121884932, 0.5598796452085177, 0.7145303595397208, 0.6109821259327557, 0.7465593833062384, 0.8751664535590895, 0.9322040755439687, 0.6267792836083594, 0.672318326709447, 0.7343633797985536, 0.8201466006537279, 0.6904450878500938, 0.9239950593974855, 0.6247161736090978, 0.6787841313264587, 0.6569241449914195, 0.5687593757835301, 0.5147787892570098, 0.9515441027780374, 0.6158306481937568, 0.7565389032441157, 0.6108637420541566, 0.6018140668049454, 0.6177912549840079, 0.7245548650041803, 0.5276917962978284, 0.575658795800474, 1.4283778794642006, 0.9053769944235682, 0.4515290177791663, 0.8198266861339409, 0.571539079104409, 0.6029621901611487, 0.641891079230441, 0.7585601901014646, 0.746695111294023, 0.4963564086084564, 1.0853959833356468, 0.7007847235600153, 0.4688913817207018, 1.908576918145021, 0.7824144147612431, 0.6216023254394532, 0.6759645846927608, 0.617146364847819, 0.6547649785876274, 0.744242305184404, 0.7218900993466377, 0.8966735076981707, 0.5919847993387117, 0.44995921470116884, 0.6902286763856377, 0.7825059583692839, 0.5635434212373651, 0.43488556059698263, 1.5301063753664494, 0.7024380066742499, 0.8245224737458758, 0.7391428247094154, 0.6428891419536538, 0.6602110806852579, 0.8399676785700851, 0.6728374010205946, 0.6393549562742313, 0.6201925235490005, 0.5360368342562155, 0.6302357640320604, 0.5222773916191525, 0.603308827512794, 1.0297317266464234, 0.6661783886167842, 0.7774190296729406, 0.6633287797371547, 0.7693273278574149, 0.676445718192392, 0.6999762156219393, 0.5487539233018954, 0.7168200600892305, 0.9022129399081071, 0.7783235438653957, 0.6644510509135823, 0.8391788577717362, 0.7347890249225828, 0.7586677356877111, 0.6668833543856938, 0.8119639900175558, 0.5951845727860927, 0.8631007218802417, 0.6758225871169049, 0.751805966347456, 0.7526571687925544, 0.7721163791914781, 0.8165901819864909, 0.7882944454438985, 0.7795659935271197, 0.7689806011815865, 0.6885955825172089, 0.6300000742077827, 0.8496026719369942, 0.8828607628742854, 0.7594987805122915, 0.8029014691158578, 0.6660265256961186, 0.7934666451722108, 0.8086784907362677, 0.7127619113434445, 0.8904445474346478, 0.7289852405587831, 0.7643917372657193, 0.9051803064087163, 0.8414696857549142, 0.7847541556364359, 0.7902526407079262, 0.7657018916474448, 0.8319112973080741, 0.8219391991694769, 0.864687846476833, 0.7944767352607516, 0.8398578348259131, 0.7970751120848356, 0.7987210801906056, 0.8502098976501397, 0.7906371707717578]
2025-12-19 23:46:56 - ffalora - INFO - loss data:
2025-12-19 23:46:56 - ffalora - INFO - [0.9128855814536412, 0.8714003210266431, 0.8963473993471299, 0.6223172150000378, 0.8626979591268482, 0.5435917313038199, 0.788764299886922, 0.9624011913935343, 0.832865584622591, 0.8969107971598322, 0.8128446837855053, 0.5516300451631347, 0.7050511149068673, 1.4316622447222471, 0.5971193426599105, 0.9953531801700592, 0.6537001691344712, 0.5005262769758702, 0.896506028679701, 0.7760652480302034, 1.1017941107352573, 0.7205071634302537, 0.8570056467627485, 0.7996066947778067, 1.0024606056511403, 0.7699235718697309, 0.9903449499979615, 1.2757956112424533, 0.8782401630893732, 0.7965565755963326, 0.8456468613197405, 0.4348865060894578, 0.7179453860471646, 0.6617192702988783, 1.1505462040752172, 0.7741054610659679, 0.7432694991429647, 0.8254299273864292, 0.7101268858338396, 0.7578234849704637, 0.9004070444239511, 1.1008870529631773, 0.8784346086904407, 0.8283436148530907, 0.9660769270112117, 0.7310644115010897, 0.8460484508171, 0.6402920602196795, 1.0585776145949408, 0.8856521520625662, 0.5699148694674174, 0.8804235575099786, 1.0335671782493592, 0.7398948087715186, 1.167477200627327, 0.46676734277668097, 1.0052265194287666, 0.6634846545755864, 0.5712936411611735, 0.6109570084760587, 0.4976880424345533, 0.6350183278598167, 1.0245264167586963, 0.9284615491827328, 0.5775489963591098, 1.1966629828015964, 0.8503718436261019, 0.875562897324562, 0.619463548756515, 1.4201185301050439, 0.709766929664395, 0.6749658875477811, 0.5840644587296993, 0.9232226680576181, 0.5641012663642565, 0.6958013469731057, 0.6238476203133663, 1.0523078237588588, 0.726740650056551, 0.9954963197310766, 0.7567743636171023, 0.6956529176483551, 0.5961534975717465, 0.8527885361837271, 0.8722551751571397, 0.7294603824615479, 0.8254518356174231, 0.6643597953021527, 0.6809911772834532, 1.3548692420125008, 0.7651970860858759, 0.6249336739381155, 0.5750215022779598, 1.1376617925948111, 0.6850134804844856, 0.6904656574130059, 0.7490103135506312, 0.6945137596627076, 0.8562930099666118, 0.763876600464185, 0.7223364175720648, 0.6917286502140941, 0.5100569585407222, 0.9662665234692395, 0.7922152228653431, 1.0368810668587685, 0.9948601452690182, 0.7535723748306433, 1.1519470499207576, 1.0680380831162135, 1.172468871374925, 0.7042995159410768, 0.5645441798514675, 0.6899787801504136, 0.8138297552863757, 0.40051423987994594, 0.9769522267580033, 0.5668156757640342, 0.9069741568528116, 0.7210901628931363, 0.674365881978675, 0.6685408334332434, 0.5708003411138499, 0.7556341132769981, 0.9105325849105914, 0.8437372536717594, 0.5019498084982237, 0.6739687364300092, 0.47369607635176714, 0.9301210654107319, 0.4899073047168327, 1.669646783459645, 0.933658631145954, 0.6500139511190355, 0.7833633709698915, 0.5355611016042531, 0.48799869626760484, 0.9654585112450701, 1.2684665262699126, 0.8395686447620392, 0.5877182518442472, 0.4537195668866237, 0.9168602168560027, 0.6867400935540596, 0.7494726738333701, 0.8766193664622033, 0.5272194505565696, 1.0507786768178144, 0.7743503097444773, 0.5387507217004895, 0.6138466142117978, 0.8682048029242417, 0.7256671506166459, 0.5501138841225343, 0.728303761092516, 1.131025066971779, 0.7678476261595886, 0.8818968703349431, 0.7886025368891381, 0.8551621418746038, 0.6025456332912048, 0.9654495164752006, 0.6632659080127875, 0.638124639856996, 1.2546576730906964, 0.9149901539087295, 0.8308181683532894, 0.7001765355693571, 0.894986339410146, 0.8238170703252157, 1.141071159024348, 1.1809521943330765, 0.6829031596581141, 0.505548911044995, 1.2336637313167254, 0.9311658384623351, 0.8975359534775769, 0.8611744595070681, 0.7667996746225235, 0.7483169158681845, 0.8072620439032714, 0.8005292619819995, 0.7456526797264815, 0.6984386454025904, 0.9347949951887131, 1.2805335447192192, 0.8845165504921566, 1.2008856857816377, 1.021435924867789, 1.0509703089793523, 0.8285755420724551, 1.0585868474738351, 0.9399026781320572, 0.9391212820103674, 0.8549962590138118, 0.7882328402722019, 0.9973753347992897, 0.8242053866386414, 0.7547311529517173, 1.0461517771085105]
