2025-11-06 08:34:19 - ffalora - INFO - loss data:
2025-11-06 08:34:19 - ffalora - INFO - [0.6037063062191009, 1.192178636789322, 0.6474973559379578, 0.6432453729212284, 0.721151656160752, 0.67193553596735, 0.6951119725902876, 1.3714393213391305, 1.4334624148905277, 0.5488007292151451, 0.3736989083764557, 0.9214959711534902, 1.485782504081726, 0.8701411634683609, 0.42686191760003567, 0.24344150815159082, 0.9804827347397804, 0.30785260535776615, 0.2909717848524451, 0.5117713770984361, 0.3359199150568909, 0.4773694104126965, 0.6132970282148259, 0.45594300515949726, 0.5949627533555031, 0.6164996549487114, 0.45925053358078005, 0.45227205082774163, 0.3380898430943489, 0.6528427422046661, 0.46188146620988846, 0.37374989688396454, 0.4578303247690201, 0.18021532520651817, 0.6099699325859547, 0.5206881389021873, 0.36340651139616964, 0.5743151945061982, 0.6871874555945396, 0.42116256803274155, 0.40331974873940146, 0.5286256827414035, 0.291429131757468, 0.6387272365391254, 0.4454301856458187, 0.3859461241712173, 0.43191292881965637, 0.29744724929332733, 0.3347941394895315, 0.2769768927246332, 0.2778921529650688, 0.3239212380722165, 0.2743538900653625, 1.4965303229168057, 0.35365168238058686, 0.3770632717758417, 0.39801008254289627, 0.3166632577776909, 0.37321389839053154, 0.42602718621492386, 0.3377949449544152, 0.38952310383319855, 0.2005475821594397, 0.10889447307757412, 0.579403093084693, 0.5063016518950463, 0.9254496023058891, 0.29228454393645126, 1.2530908286571503, 0.26113082095980644, 0.3716703727841377, 0.29516052145239274, 0.32762113884091376, 0.6029727756977081, 0.3870578959584236, 0.43303708285093306, 0.8830090314149857, 0.34254472702741623, 0.1882271571623278, 0.47634249180555344, 0.2187652587890625, 0.5139876864850521, 0.6456005020025057, 1.9142122201621532, 0.22378150427054302, 0.4451940259896219, 0.8702703639864922, 0.3255405053496361, 0.2822454392910004, 0.43369376100599766, 0.310214065015316, 0.29854749282822013, 1.7262049615383148, 0.461497088521719, 0.22917581535875797, 0.2668609631558259, 1.0146694034337997, 0.30767688248306513, 0.34240760654211044, 0.2863379158079624, 0.21182870212942362, 0.1588522531092167, 0.18665542043745517, 0.5858035981655121, 0.5152546777389944, 0.4571456788107753, 0.49558259639889, 0.28547445219010115, 0.09999327920377254, 0.5376884192228317, 0.3382609230466187, 0.18766430745987842, 0.1822919829800311, 0.6071148020331748, 0.1409518402069807, 0.33964286620418227, 0.30498159434646366, 0.10602333769202232, 0.13647000677883625, 0.5838817786425352, 0.48002161625772716, 0.11614205315709114, 0.4169656911864877, 0.2367742232357462, 0.20802215983470282, 0.5008908845484257, 0.279198233038187, 0.3157030716538429, 0.22575939074158669, 0.31613049047688646, 0.4629648461058322, 1.3201698791235685, 0.22509311456233264, 0.5569865830242634, 0.6234198808670044, 0.4267705293993155, 0.5839490108191967, 0.2295612059533596, 0.2651218231767416, 0.22852988447993994, 0.15066208504140377, 0.2923611054196954, 0.24183378648012877, 0.42802535742521286, 0.18993652053177357, 0.23877237054208914, 0.1626738989725709, 0.27394894820948446, 0.5131375901401043, 0.21051076240837574, 0.3447946513692538, 0.3040112219750881, 0.30488426331430674, 0.10234935440368848, 0.30982127599418163, 0.11963200941681862, 0.7725297063589096, 0.5842227693647146, 0.15950988543530303, 0.3752965783700347, 0.2803526159375906, 0.1319021988660097, 1.208126962184906, 0.3428348609013483, 1.5705855786800385, 0.620765084028244, 0.7815071970224381, 0.28639148361980915, 0.3478599488735199, 0.24736562371253967, 0.3098665185272694, 0.2415933999646869, 0.4112930573523045, 0.40151756815612316, 0.7098055873066187, 1.0278191243608792, 1.0100851816435654, 0.619021604458491, 0.8232049867510796, 0.4062827620655298, 0.5543552935123444, 0.1821611626073718, 0.38166515380144117, 0.39881545640528204, 0.5040818467736244, 0.7092075496912003, 0.4732017986476421, 0.3006891794502735, 0.3262115105986595, 0.6370076164603233, 0.3382829943050941, 0.4013434641063213, 0.29878574423491955, 0.5310692088678479, 0.5887859128415585, 0.3244786337018013, 0.19456004661818344, 0.4588327221572399, 0.23223229870200157, 0.1642373763024807]
2025-11-10 08:19:28 - ffalora - INFO - loss data:
2025-11-10 08:19:28 - ffalora - INFO - [0.5819492623209953, 1.0288524329662323, 0.599901219457388, 0.6213559359312057, 0.5775901873906453, 0.5572773069143295, 0.5872681215405464, 1.23763956297189, 1.1638429127633572, 0.5595815628767014, 0.3804245808601586, 1.021024351939559, 1.4409905537962913, 0.7813221290707588, 0.46560215577483177, 0.3207813685759902, 1.1192972660064697, 0.32327050901949406, 0.30767969538768136, 0.4129525290789186, 0.35995109918941226, 0.4777635055555341, 0.5346358115590798, 0.447589498013258, 0.5768205150961876, 0.632486879825592, 0.52160629555583, 0.44523830339312553, 0.2963180899620056, 0.5560533732175827, 0.7788634151220322, 0.4364420622587204, 0.36278410628437996, 0.16890449728816748, 0.9317487869411707, 0.5473019629716873, 0.3661673357710242, 0.7588627189397812, 0.9152936190366745, 0.4435882195830345, 0.5584742973248163, 0.49153098538517953, 0.4196599695831537, 0.5264223553240299, 0.38946833834052086, 0.4278951150675615, 0.5919755771756172, 0.45697685703635216, 0.3261962328106165, 0.27598720602691174, 0.2904862366616726, 0.5684373807162046, 0.2847328011024122, 1.0464897436089813, 0.3329399833455682, 0.4021366719156504, 0.3590962141752243, 0.4697549641132355, 0.37732988223433495, 0.4791048914194107, 0.3343243462344011, 0.710425928235054, 0.32002671187122667, 0.1001554905475738, 0.49856959469616413, 0.5115161344408989, 1.18578739464283, 0.29675711660335463, 1.4345248341560364, 0.45115592889487743, 0.2987745516002178, 0.5334693201608994, 0.33638390377163885, 0.45170624926686287, 0.34774535670876505, 0.4897962465882301, 0.9453157037496567, 0.3733979305252433, 0.18808453575281114, 0.5270826071500778, 0.3099826332181692, 0.5969064114615321, 0.736686961673614, 1.9103059761226178, 0.22810737267395276, 0.7614348917268217, 0.9614933803677559, 0.2903878912329674, 0.34645275920629504, 0.49129142705351114, 0.37928975746035576, 0.3100245395675302, 1.8595758378505707, 0.8571795426309109, 0.4587904326617718, 0.46112811503310996, 0.8609801456332207, 0.46024447306990623, 0.4624832943081856, 0.40895677264779806, 0.22675091959536076, 0.5943946465849876, 0.3074765961617231, 0.4797674988706907, 0.28307920321822166, 0.46629139967262745, 0.43880112655460835, 0.38763814978301525, 0.29496094211935997, 0.6930955648422241, 0.2840556246538957, 0.1976157915002356, 0.14394994212004045, 0.3675125168636441, 0.24159867875277996, 0.3887563608586788, 0.3192761631682515, 0.2246844805777073, 0.23388628289103508, 0.49383713118731976, 0.40736069194972513, 0.21337897330522537, 0.4780559518064062, 0.25290281636019546, 0.1952169332653284, 0.6095104776322842, 0.36621715128421783, 0.42633993178606033, 0.3316548615694046, 0.30942517655591173, 0.36554282785639064, 1.1517194900661707, 0.24093240816146136, 0.6262117110192775, 0.541889026761055, 0.35293659567832947, 0.6267616674304008, 0.40238428115844727, 0.36119381338357925, 0.36862136889249086, 0.25965234637260437, 0.3289660312235355, 0.36187634989619255, 0.7831385284662247, 0.2794689070433378, 0.21961280020574728, 0.1924849385395646, 0.2960368680457274, 0.5289679793640971, 0.24771979171782732, 0.3174957777063052, 0.5019066532452902, 0.2644813977181911, 0.10914371871492928, 0.3452114040652911, 0.18363826163113117, 1.0771920010447502, 0.7734970711171627, 0.2628059076766173, 0.39535728730261327, 0.24611522518098355, 0.13967557922005652, 0.9570802599191666, 0.4730756482782049, 1.7381841242313385, 0.5362336732447147, 0.7852468505501747, 0.3509887084364891, 0.29397644102573395, 0.4451407417654991, 0.27462722081691027, 0.3121632770117786, 0.3644394053146243, 0.3634848725050688, 0.8162468578666449, 0.6851199412097534, 0.7773424250384172, 0.59696433134377, 0.6617040410637856, 0.4121426656842232, 0.4696507677435875, 0.23372220154851675, 0.42472700253129003, 0.438956967368722, 0.49837731346488, 0.846654936671257, 0.5036262072622776, 0.4250178553164005, 0.43578436598181725, 0.5784182026982307, 0.4514017229278882, 0.41730119213461875, 0.48993116337805986, 0.46623718831688166, 0.6072026919573545, 0.35270182540019357, 0.20863310247659683, 0.47774670720100404, 0.21416202435890835, 0.22011081371456384]
2025-11-10 22:24:00 - ffalora - INFO - loss data:
2025-11-10 22:24:00 - ffalora - INFO - [0.5665931038558483, 1.0726441740989685, 0.6103310450911522, 0.6615531928837299, 0.6859423431257408, 0.6489759236574173, 0.7367945176859697, 1.393247932381928, 1.5167017504572868, 0.566188395023346, 0.3690904700520655, 0.9620129153481685, 1.4968556106090545, 0.7815486987431843, 0.43818859197199345, 0.29770950227975845, 1.1735719814896584, 0.3548619747161865, 0.3670697423319022, 0.5120763194637321, 0.3691259828292661, 0.5512000392708514, 0.8301690655191325, 0.4183884281665087, 0.5603253338485956, 0.5013813376426697, 0.47462339475750925, 0.42024395428597927, 0.2785735368728638, 0.6402725905179978, 0.4134652875363827, 0.3952854499220848, 0.5843242779374123, 0.19287376198917627, 0.7075642459094524, 0.5824443474411964, 0.349892876110971, 0.582843966782093, 0.6706326007843018, 0.46394791454076767, 0.42718582352002465, 0.4445778425782919, 0.26353420894593, 0.6276927944272757, 0.40752285718917847, 0.3739213850349188, 0.42399222403764725, 0.4625196233391762, 0.3479090593755245, 0.2942733634263277, 0.3035797789692879, 0.3107426092028618, 0.2567624424409587, 1.3087924487888813, 0.35036764293909073, 0.3940936181694269, 0.7327429726719856, 0.3415215313434601, 0.32405225932598114, 0.3471182659268379, 0.3275920975332459, 0.35914238169789314, 0.2093216801683108, 0.09833492909900896, 0.501055097207427, 0.6355394117534161, 1.1479015201330185, 0.26048971091707546, 1.4195400178432465, 0.31368542835116386, 0.397369559854269, 0.33973885918708724, 0.40990001857280733, 0.7769775316119194, 0.3496266774833202, 0.4325757119804621, 1.1812031716108322, 0.3387184329330921, 0.2070480902187733, 1.3846334740519524, 0.33073705434799194, 0.6012246776372194, 0.7332414208859619, 1.6418494515120983, 0.21619484329453875, 0.4959260653704405, 0.8642984330654144, 0.253723181784153, 0.33349578715860845, 0.686422168277204, 0.40651872381567955, 0.29468020969070496, 2.8062851428985596, 0.7685640618205071, 0.28664082661271095, 0.2674362851927678, 0.9076433107256889, 0.36565201729536057, 0.3261120989918709, 0.40816272981464863, 0.22724015917629004, 0.4650975614786148, 0.2186061568558216, 0.4537403155118227, 0.3299703672528267, 0.3950412105768919, 0.4871522206813097, 0.33283981028944254, 0.21081921085715294, 0.4210370182991028, 0.3248792768766483, 0.20930577969799438, 0.5485093157492682, 0.6720455188275082, 0.22399753332138062, 0.35236070305109024, 0.3040148666128516, 0.16933844611048698, 0.2089768908917904, 0.4694528393447399, 0.3890095156927903, 0.16599206440150738, 0.39686721054216223, 0.21889211392651, 0.2188185521711906, 0.613207746297121, 0.4153384044766426, 0.16154951974749565, 0.6547328531742096, 0.29159178361296656, 0.3951623682886647, 1.5929132445404928, 0.21762255690991877, 0.6254343833774328, 0.5249133482575417, 0.36678594102462136, 0.6189632005989552, 0.30200985819101334, 0.39597225189208984, 0.22230993956327438, 0.1879760604351759, 0.26569850631058217, 0.30150531232357025, 0.3146005794405937, 0.29967864602804184, 0.1876047446082036, 0.16781448144465685, 0.2784927083800236, 0.5019385339692235, 0.2237942828796804, 0.301899745191137, 0.29414722571770346, 0.1554961869493127, 0.14044441572170602, 0.31174896905819577, 0.19413227401673794, 0.7621654346585274, 1.1730751264840364, 0.28062862157821655, 0.35672065503895284, 0.2923877641558647, 0.16775555489584804, 0.9856105446815491, 0.2893139919033274, 1.5285488292574883, 0.5227353654801845, 1.429151414334774, 0.36248447746038437, 0.2755226716399193, 0.2888074927031994, 0.2791840400546789, 0.19573883629507488, 1.0838233824819326, 0.39957033284008503, 0.7983120614662766, 0.889842281738917, 0.9771924344822764, 0.5673533156514168, 0.9122907966375351, 0.3569673240184784, 0.43050772696733475, 0.22962762508541346, 0.3751433402299881, 0.3662369646131992, 0.45992138981819153, 0.8646853417158127, 0.41865737959742544, 0.3089259468019009, 0.8148592654615641, 0.5413491129875183, 0.32341420712570346, 0.41918831393122674, 0.7693590736016631, 0.5979227162897587, 0.5517751015722752, 0.28984738762180007, 0.1819903713961442, 0.4091444671154022, 0.14608546284337837, 0.1985989674925804]
2025-11-11 16:56:05 - ffalora - INFO - loss data:
2025-11-11 16:56:05 - ffalora - INFO - [0.5566912911832332, 1.0778458714485168, 0.6057415209710598, 0.6700735427439213, 0.6585888316233952, 0.5994596034288406, 0.5678189893563589, 1.3178336882963777, 1.4576208293437958, 0.5920308232307434, 0.37904149368922746, 1.0194992651231587, 1.5491774678230286, 0.8208732157945633, 0.40364548191428185, 0.2789075680077076, 1.058046579360962, 0.3511466458439827, 0.3112355271975199, 0.6232772975927219, 0.33184877185073375, 0.5347983974497765, 1.0344652887045716, 0.5378531143069267, 0.6286904290318489, 0.7716787159442902, 0.5421338964253664, 0.4768016245216131, 0.38824745267629623, 0.6165504768490792, 0.540074810385704, 0.4431993141770363, 0.35469598323106766, 0.1016950011253357, 0.6342162489891052, 0.5680129379034042, 0.40746135376393794, 0.7847227458842099, 1.1096500903367996, 0.4457259103655815, 0.45662835240364075, 0.5697352670133113, 0.32151819709688423, 0.7376777268946171, 0.42087533697485924, 0.4226286057382822, 0.4577125161886215, 0.3137272410094738, 0.3799093092481295, 0.3899882845580578, 0.2548099670559168, 0.3270458597689867, 0.2809248767217569, 1.263378861360252, 0.3052334524691105, 0.4072133868932724, 0.4486078843474388, 0.3860003277659416, 0.3397962711751461, 0.462970782071352, 0.3786463228364786, 0.532502293586731, 0.36013245955109596, 0.12432416952732536, 0.5933234374970198, 0.5439128309488297, 0.7302258387207985, 0.36689964557687443, 1.440724939107895, 0.42553053610026836, 0.4032729724422097, 0.30105276567499256, 0.459031979739666, 0.5317460894584656, 0.38656093925237656, 0.5038598403334618, 0.8527459651231766, 0.3694893456995487, 0.18767066278119776, 0.6492176949977875, 0.2318853484466672, 0.4244941109791398, 0.5873894533013098, 1.868164910376072, 0.243021638934604, 0.3181024822406471, 0.9576146528124809, 0.3548653796315193, 0.41381604708731173, 0.32552418671548367, 0.42059189081192017, 0.3047615837305784, 1.7946215271949768, 0.7448173053562641, 0.17215681727975607, 0.435649403060476, 0.9489413648843765, 0.44194292556494474, 0.48120738565921783, 0.2806957792490721, 0.20130420103669167, 0.2705230377614498, 0.3760332755744457, 0.544736477235953, 0.5319865120109171, 0.4695739089511335, 0.4149560113437474, 0.38728422671556473, 0.2388112060725689, 0.543810248374939, 0.29898195825517176, 0.18174862201946476, 0.19023841574218953, 0.6023905408219434, 0.19227368757128716, 0.3454005029052496, 0.3011669870465994, 0.21098950505256653, 0.14801186602562666, 0.4780972693115473, 0.42666909359395505, 0.17083300789818168, 0.49339810988555355, 0.26291849960883457, 0.23224756059547266, 0.6524831131100655, 0.21433337032794952, 0.3760369271039963, 0.33799849078059196, 0.32180645142992337, 0.39282500069950604, 1.531612075244387, 0.23059719223529102, 0.4655166003853083, 0.8081015646457672, 0.5190639148155848, 0.39047135785222054, 0.25797201320528984, 0.5167430266737938, 0.3151501566171646, 0.2878531198948622, 0.28617795594036577, 0.5023486018180847, 0.4679242745041847, 0.16154314670711756, 0.3084138774623474, 0.23179209437221288, 0.3487527041385571, 0.3963407138362527, 0.26139608304947615, 0.29726383623977504, 0.3975410436590513, 0.2919016478583217, 0.18281049881544378, 0.3587016525367896, 0.17606737243477255, 0.6835809797048569, 0.6890630852431059, 0.1509864153340459, 0.38001855704933407, 0.2802465120330453, 0.11691494062542915, 1.0089703649282455, 0.18230470806722426, 1.6397635638713837, 0.6029696717858315, 0.7986394986510277, 0.2107722731307149, 0.40353602170944214, 0.3792855218052864, 0.32916157295306525, 0.34150752709764576, 0.3972448293119669, 0.4243858326226473, 0.7861881414428353, 0.49134151202936965, 0.5291922042767206, 0.6040915145228306, 0.6815863847732544, 0.47049782425165176, 0.457386028021574, 0.1536507997661829, 0.39224195182323457, 0.347729155048728, 0.42217476963996886, 0.7071297317743301, 0.439290015399456, 0.25035434663295747, 0.31875454634428024, 0.5607684850692749, 0.28491754053781426, 0.4656373895704746, 0.29096133448183537, 0.34075331687927246, 0.5497086606919765, 0.37076683094104135, 0.2845650091767311, 0.41511789336800575, 0.2905602877338727, 0.2535303749144077]
2025-11-13 22:51:31 - ffalora - INFO - loss data:
2025-11-13 22:51:31 - ffalora - INFO - [0.5612116403877735, 0.9981773793697357, 0.6141228251159191, 0.6879976838827133, 0.7381626578668754, 0.625481441617012, 0.7447286322712898, 1.1827846277505158, 1.2287947088479996, 0.5746734142303467, 0.4802746384197639, 0.7364987870678306, 1.4007206335663795, 0.9204605221748352, 0.497282188385725, 0.29088831394910813, 1.4459475055336952, 0.3483825847506523, 0.3698682673275471, 0.6298272669470558, 0.4026295793760154, 0.9856413582391623, 1.3800069512928732, 0.6575543843209743, 1.526411596685648, 0.6954509541392326, 0.5947221033275127, 0.8169995225965977, 0.44706378430128096, 0.9110542833805084, 0.9685090184211731, 0.7051001191139221, 0.5566375851631165, 0.23842612281441689, 0.695004204288125, 0.7966800481081009, 0.4816532159224153, 1.217368553392589, 2.3087317943573, 0.8602571710944176, 0.767048957447211, 0.7642132498323917, 0.5734948728233575, 0.7553313076496124, 0.7393493056297302, 0.5217499782641729, 0.6284305453300476, 0.5886354148387909, 0.519949714342753, 0.4349226150661707, 0.357043993473053, 0.6146918442100286, 0.37942562961123055, 1.2543324556201696, 0.5783196054399014, 0.5569348156452179, 0.5444827005267143, 0.5766533017158508, 0.6336582079529762, 0.6343235224485397, 0.5174017883837223, 0.6683124005794525, 0.5062977472941081, 0.2107501185964793, 1.1311913058161736, 0.4146814286708832, 0.878233328461647, 0.4790627397596836, 1.6038604080677032, 0.6153804510831833, 0.6437767595052719, 0.4092241715083623, 0.7134095042943954, 1.7409930229187012, 0.679965503513813, 0.630908751487732, 1.6585071086883545, 0.6574314851313829, 0.3514463389913241, 0.4967282712459564, 0.4372269734740257, 0.5959369763731956, 0.623223542339272, 1.1597360759973525, 0.37543982898609507, 0.48427143041044474, 1.2456055283546448, 0.5656873509287834, 0.8457635186612606, 0.9290180951356888, 0.5514819473028183, 0.4622525628656149, 1.8477866351604462, 0.8913220569491387, 0.39561979100108147, 0.650278989225626, 1.3435862958431244, 0.6693023405969143, 0.8952743113040924, 0.4275919385254383, 0.4391791746020317, 0.5443066880106926, 0.4629144735634327, 0.8634585998952389, 0.5290833711624146, 0.5595226287841797, 0.4873617999255657, 0.5645688995718956, 0.39504099637269974, 0.741641491651535, 0.5043150351693233, 0.2814140673726797, 0.41102666987313163, 0.5949905356392264, 0.5676883310079575, 0.4783139092226823, 0.5151262290775775, 0.3345228433609009, 0.2649649642407894, 0.6708453707396984, 0.7996545990308126, 0.28948044404387474, 0.967301682382822, 0.44201511827607953, 0.3244798804322878, 0.9405701756477356, 0.5611312948167324, 0.6090239062905312, 0.7450499981641769, 0.4378950364887714, 0.5201605996116996, 1.4502924742798011, 0.3776191720739007, 1.1025034472346307, 0.41090722382068634, 0.3724561855196953, 1.0689480155706406, 0.894929364323616, 0.6106030344963074, 0.71540717035532, 0.5601959303021431, 0.5244833812117576, 0.5976082067936659, 0.7295702397823334, 0.37311107106506824, 0.4186208645502726, 0.324169209972024, 0.45819038028518355, 0.8462460339069366, 0.44868311658501625, 0.5644169775148233, 0.5108439028263092, 0.3749128360301256, 0.2936362073653274, 0.3880975656211376, 0.21321471687406301, 0.9973649121820927, 0.964909840375185, 0.2321252723534902, 0.7582614991813899, 0.363583459580938, 0.20281534641981125, 1.2028528600931168, 0.41881331780718434, 1.6470891162753105, 0.7674550727009773, 1.1609666168689727, 0.5108542516827583, 0.521794781088829, 0.6151089109480381, 0.4138586809237798, 0.6235684247480499, 0.5291657276451588, 0.5073606669902802, 1.225057409144938, 0.9189587458968163, 1.0760798839231331, 1.0584418301781018, 1.3201230466365814, 0.8849178850650787, 0.7148209661245346, 0.33028776571154594, 0.7162998422980309, 0.608799597248435, 0.7112360611557961, 1.3585290312767029, 0.7129081577062607, 0.526933191716671, 0.6340619772672653, 0.8407333567738533, 0.5579301131268343, 0.6890060901641846, 0.602490833029151, 0.8219033293426037, 0.8727200664579868, 0.7365498145421346, 0.34996421759327256, 0.6696717813611031, 0.36208032319943106, 0.327528166025877]
2025-11-14 12:49:44 - ffalora - INFO - loss data:
2025-11-14 12:49:44 - ffalora - INFO - [0.6052589923143387, 1.1885485351085663, 0.6560262538492679, 0.7190083004534245, 0.8150088787078857, 0.611226812005043, 0.7422800771892071, 1.1774375651031732, 1.4735230393707752, 0.5778647288680077, 0.5578812942322757, 0.7763707498088479, 1.5318024307489395, 1.019157097985347, 0.48942476511001587, 0.3072303656488657, 1.5104262754321098, 0.348585594445467, 0.35971176996827126, 0.644078870637006, 0.435424318143891, 0.9306503336152269, 1.3760100433395968, 0.6165006905794144, 1.297728568315506, 0.5320231541991234, 0.5415048688650131, 0.6503310911357403, 0.3955601841211319, 0.8141036465764045, 0.933759018778801, 0.636555440723896, 0.6019307523965836, 0.18623139150440693, 0.6522445734590292, 0.6782914847135544, 0.4294560980051756, 1.1142967212945223, 2.073324143886566, 0.8508514445275068, 0.763373679171006, 0.7189136847853661, 0.6415698729455471, 0.7438956797122955, 0.6328555047512054, 0.5198120425144831, 0.5647946000099182, 0.6646843403577805, 0.4973475709557533, 0.3722557835280895, 0.35163423269987104, 0.539624011144042, 0.38739937593022156, 1.371394267678261, 0.5818806495517492, 0.5347524505108595, 0.6447387337684631, 0.5547307506203651, 0.5850357636809349, 0.6945420354604721, 0.523273433248202, 0.5009280070662498, 0.43966723481814063, 0.17878619653897151, 1.162591092288494, 0.4163660630583763, 0.7439464032649994, 0.46072322502732277, 1.4295478463172913, 0.5477072633802891, 0.5909501910209656, 0.368567451239667, 0.6623498916625976, 1.9074362814426422, 0.587775482237339, 0.6207729816436768, 1.7116874754428864, 0.6613199338316917, 0.33885712511837485, 0.5037133693695068, 0.4491087216883898, 0.7725018672645092, 0.6265004246185223, 1.0757153570652007, 0.4093367578461766, 0.4926778990775347, 1.2545114159584045, 0.45034124702215195, 0.7265218198299408, 1.0952911712229252, 0.5259072035551071, 0.4696427663788199, 2.0492837727069855, 0.7916210770606995, 0.3960627652704716, 0.5178055005768935, 1.2342754155397415, 0.5887511670589447, 0.7133764624595642, 0.4259679578244686, 0.4718207437545061, 0.4857603460550308, 0.396475962549448, 0.914626660446326, 0.5366756990551949, 0.5196568854153156, 0.509038120508194, 0.47747743502259254, 0.47676707804203033, 0.6448863446712494, 0.5066427890211344, 0.3039671157797178, 0.6474990766340246, 0.7811149752698838, 0.6346777379512787, 0.5035758887728056, 0.518180289119482, 0.32013189792633057, 0.3091096207499504, 0.6493386067450047, 0.7442484684288502, 0.2543056793510914, 0.9089787510534129, 0.4068595928450426, 0.34188770006100333, 0.9017931744456291, 0.6079214438796043, 0.4877563342452049, 0.704574465751648, 0.4393655389547348, 0.6122093902279934, 1.328442773471276, 0.3582802828401327, 1.1335015654563905, 0.3580508902668953, 0.3644528860847155, 1.209689885377884, 0.8749711662530899, 0.5569775700569153, 0.6517235822975636, 0.5153682827949524, 0.4915040582418442, 0.5669054556638002, 0.645638957619667, 0.3662325032055378, 0.37150690952936805, 0.2375833684578538, 0.43144822989900905, 0.9349334798753262, 0.4038211852312088, 0.6103989099462828, 0.44830145190159476, 0.29066575057804583, 0.2181853238079283, 0.3746147205432256, 0.2196046207100153, 1.048379123210907, 1.3259133249521255, 0.20028117299079895, 0.7548747397959232, 0.35663868275781474, 0.19652753341943024, 1.30055333673954, 0.424194878898561, 1.6162803396582603, 0.7018831521272659, 1.620974126458168, 0.5578049644827843, 0.47467272728681564, 0.5303624719381332, 0.41839000955224037, 0.4625224736001756, 0.7962219160050154, 0.48450119979679585, 1.1215224992483854, 0.9749260830382506, 1.1762616597115993, 0.981884258488814, 1.3149261474609375, 0.7522940650582314, 0.7274794802069664, 0.29661550372838974, 0.712227749824524, 0.6667174216359854, 0.7671611487865448, 1.2990526854991913, 0.7662736654281617, 0.500690296292305, 0.8331788793206215, 0.8789929747581482, 0.5134359709918499, 0.6657585233449936, 0.7796709295362234, 0.8057962842285633, 0.9555651135742664, 0.6274571008980274, 0.3335334435105324, 0.7214760527014732, 0.27620673924684525, 0.3144199468195438]
2025-11-14 22:30:42 - ffalora - INFO - loss data:
2025-11-14 22:30:42 - ffalora - INFO - [0.5650235317647457, 1.1298755705356598, 0.6488512672483921, 0.7232543155550957, 0.8921764108041923, 0.6555612534284592, 0.8168717796603838, 1.0515488298609852, 1.3256131559610367, 0.5698569566011429, 0.5494798353562752, 0.6582098351791501, 1.2717167824506759, 0.9017620645463467, 0.4925362542271614, 0.29693485572934153, 1.5028735250234604, 0.3528770226985216, 0.35019100954135257, 0.6832302294464575, 0.4004830970946286, 0.9879333813571267, 1.4661866789425, 0.6425033584237099, 1.5534677617251873, 0.7148033529520035, 0.5767256781458855, 0.7124498315155506, 0.4038960739970207, 0.9631969556212425, 0.9893705099821091, 0.7602230831980705, 0.5561183393001556, 0.3025505654513836, 0.6912854108959436, 0.8714214414358139, 0.4876803310588002, 1.2536315089091659, 2.2236117720603943, 0.8418615385890007, 0.8099048125247161, 0.8296020269393921, 0.5598867855966091, 0.7506074160337448, 0.713477373123169, 0.5183835787077745, 0.6221289038658142, 0.592102512717247, 0.5278088947137197, 0.3658625390380621, 0.3574313044548035, 0.6016003284603357, 0.37799803260713816, 1.2200313705950976, 0.6260902639478445, 0.5260000199079513, 0.5433281734585762, 0.5856721997261047, 0.4751669615507126, 0.7456144988536835, 0.47430035968621576, 0.602399930357933, 0.5041323304176331, 0.20871568833374315, 1.0365761891007423, 0.40587505474686625, 0.9987692981958389, 0.4358045713355144, 1.568814367055893, 0.6942768879234791, 0.6845285966992378, 0.4432448463824888, 0.5908854812383652, 1.4757818579673767, 0.5673078551888466, 0.6002636380493641, 1.9207538962364197, 0.6036898661404848, 0.3423137814220455, 0.4967205226421356, 0.4783574640750885, 0.6409770548343658, 0.7162609491497278, 1.212924139201641, 0.37534111753727, 0.5455514937639236, 1.273362323641777, 0.5038920752704144, 0.7570769965648652, 1.1193814650177956, 0.6800710260868073, 0.4450324758887291, 1.8023687601089478, 0.9680130556225777, 0.4810367003083229, 0.6047113761305809, 1.1389372050762177, 0.6992265209555626, 0.8033337891101837, 0.5069060958921909, 0.4330312218517065, 0.4846591055393219, 0.4281668528914452, 0.8581554119785626, 0.5849115177989006, 0.5972054749727249, 0.5656590163707733, 0.524734802544117, 0.3887110874056816, 0.6562352776527405, 0.5280948090056579, 0.30454808225234353, 0.43701386927730507, 0.7542608161922544, 0.6668067425489426, 0.5088089853525162, 0.4737777397036552, 0.2911268435418606, 0.2630726806819439, 0.719436414539814, 0.7664902448654175, 0.2572350576519966, 0.936433094739914, 0.3582807267084718, 0.33208730816841125, 1.0019981265068054, 0.6226634755730629, 0.6019851118326187, 0.740893617272377, 0.42018299574653306, 0.5940744647394038, 1.4795395955443382, 0.3294577471911907, 1.1480911917984487, 0.3291695788502693, 0.3666565641760826, 1.106085292994976, 0.9376468062400818, 0.5731128007173538, 0.7499042563140392, 0.5702736079692841, 0.4522042140364647, 0.5578757543116808, 0.7363922148942947, 0.39673110842704773, 0.3369950304428736, 0.23834731727838515, 0.43847043812274933, 0.8640005048364401, 0.38581920973956585, 0.5466059717039267, 0.47423331191142404, 0.29220137037336824, 0.2073564509757691, 0.36073755348722136, 0.2392762154340744, 1.068360511213541, 1.1445842385292053, 0.20865664506951967, 0.687473101913929, 0.36595034251610437, 0.19382843747735023, 1.3075050115585327, 0.44673063285234904, 1.7517326772212982, 0.7347570478916168, 1.3886286526918412, 0.5595825910568237, 0.5016928687691689, 0.6189148649573326, 0.3932891768713792, 0.5706885270774364, 0.7371195141226053, 0.49817587248981, 1.0701834931969643, 0.8976457267999649, 0.9407060146331787, 0.9376814117034277, 1.2741033136844635, 0.7847574971616268, 0.7019444704055786, 0.33350618556141853, 0.6737449109554291, 0.6504233624786139, 0.754370042681694, 1.185588538646698, 0.7436428666114807, 0.500393559038639, 0.7121452242136002, 0.8409122824668884, 0.5245571881532669, 0.6771280780434609, 0.6511153820902109, 0.7531169038265944, 0.9252230003476143, 0.6746074582139651, 0.30857839683691657, 0.6908136665821075, 0.26363023122151696, 0.34140359349548816]
2025-11-22 09:28:42 - ffalora - INFO - loss data:
2025-11-22 09:28:42 - ffalora - INFO - [0.5924887813394889, 0.6073161918256018, 0.5579937305301428, 0.500420021928019, 0.6191172882914543, 0.5609575681388378, 0.6077499371021986, 0.688552651140425, 0.6262759285513312, 0.59732905626297, 0.5500704172998667, 0.597346369177103, 0.5658182727793852, 0.6084107466740534, 0.563276369124651, 0.35374260768294336, 0.6737111480906606, 0.4944756667333422, 0.5191233898513019, 0.5839727234095335, 0.4832689668983221, 0.40660438127815723, 0.6232133737454812, 0.5534785032893221, 0.6621164962649345, 0.504678626358509, 0.5397043045610189, 0.5163912628777325, 0.5670625118331777, 0.3584963485598564, 0.43504581060260533, 0.40748509019613266, 0.6018240199579548, 0.36884572422131895, 0.5570993401110172, 0.4670098051428795, 0.59738689661026, 0.5276225566864013, 0.44462868322928745, 0.4986146804359224, 0.4949485544813797, 0.4530330353623463, 0.5111114021390677, 0.5194536217384869, 0.40262840618379414, 0.4344814594835043, 0.44341392032802107, 0.45445086008144747, 0.5711149103525612, 0.41200141087174413, 0.47693786472082134, 0.3062258269637823, 0.4146031280979514, 0.519490673724148, 0.4838392940453357, 0.34291047090664506, 0.40744921254614985, 0.4970633268356323, 0.49816913018003106, 0.4120466012507677, 0.464593059848994, 0.3828832019120455, 0.36827497709956436, 0.3235166207421571, 0.34925503879785535, 0.49784960635006426, 0.42063989397138357, 0.4167226102203131, 0.4159161009722286, 0.3355713363736868, 0.3826444149017334, 0.33753089697824584, 0.560070333071053, 0.4448401153087616, 0.6208407493929068, 0.32533349106088283, 0.3762438707984984, 0.489069514721632, 0.3542242366820574, 0.3352496109902859, 0.45893692213576287, 0.3483602479565889, 0.45949341962113976, 0.3279011518073579, 0.3454234944423661, 0.5477457325905561, 0.46690214332193136, 0.3558754241093993, 0.37608664793272817, 0.3390145350661543, 0.38577217757701876, 0.3723589561879635, 0.2984358061105013, 0.4532123005948961, 0.41463984065921977, 0.5458927527070045, 0.3158498290926218, 0.5222288696095347, 0.42192099466919897, 0.4399762060493231, 0.30729522941013176, 0.35815283225642314, 0.34683609418570993, 0.2680304756181108, 0.30342288259416816, 0.33495497014373543, 0.2836552504450083, 0.21948414538055658, 0.30086183175444603, 0.2630109142512083, 0.35210760134375757, 0.3588046748191118, 0.3821338456124067, 0.32078593745827677, 0.2064398368820548, 0.34451499415768516, 0.36814132204744965, 0.6529804721474648, 0.45839047320187093, 0.2834336902532313, 0.23901349864900112, 0.2755525453430083, 0.37389861326664686, 0.3491729535162449, 0.544358829036355, 0.34270602110773324, 0.322516275011003, 0.23463394306600094, 0.27493698481703177, 0.27152185931336137, 0.49079432990401983, 0.41938694566488266, 0.313374666745464, 0.37387644201517106, 0.405032018199563, 0.29183928612619636, 0.36278222501277924, 0.3195626260712743, 0.3569956194609404, 0.34373129811137915, 0.2116108348593116, 0.35564893018454313, 0.3391533374786377, 0.30558099066838623, 0.32902259603142736, 0.29468436259776354, 0.39948124065995216, 0.3012916926009994, 0.3827334847301245, 0.3028509750030935, 0.34602913865819573, 0.31178616094402967, 0.3197702929377556, 0.3810320130652851, 0.4215586431324482, 0.2929043900221586, 0.2964060578495264, 0.37542288228869436, 0.4492372341454029, 0.2664956671651453, 0.3266991468767325, 0.2828394114971161, 0.28023307751864196, 0.44830322712659837, 0.30366486608982085, 0.3772783074527979, 0.34756709858775137, 0.3466932399198413, 0.3538074261612362, 0.307424205624395, 0.3438919619657099, 0.3386130575090647, 0.2996895498285691, 0.3082574110478163, 0.4594380966736935, 0.33233324624598026, 0.43273140531447196, 0.366326083894819, 0.42001977045502925, 0.35146013982594015, 0.38291356014087796, 0.2849222347140312, 0.40056636147201063, 0.40344502152875067, 0.5005986515432597, 0.47421932127326727, 0.35633623958565297, 0.37425682730972765, 0.31962857209146023, 0.43235196033492684, 0.36343057341873647, 0.3487997051328421, 0.2933072816580534, 0.2941536530852318, 0.36780055705457926, 0.43013853058218954, 0.35142539180815224, 0.3912641078233719, 0.3176229272037745, 0.3797329081222415]
2025-11-22 11:54:23 - ffalora - INFO - loss data:
2025-11-22 11:54:23 - ffalora - INFO - [0.39844361748546364, 0.6638259515166283, 0.4691264025866986, 0.885558757185936, 0.8490092903375626, 0.6730854220688343, 0.9215096682310104, 0.29930209964513776, 0.7023805983364582, 0.5528257645666599, 0.4372166842222214, 0.6300369702279568, 0.4064137414097786, 0.5447368323802948, 0.7771699815988541, 0.44618371613323693, 0.5585807260125876, 0.597928411513567, 0.5283910412341357, 0.49265537187457087, 0.2659390670247376, 0.7470387160778046, 0.5841613225638866, 0.38598171453922986, 0.31861198134720325, 1.1769360572099685, 0.43250369653105736, 0.8126818973571062, 0.5874909304082394, 0.4076392412185669, 0.28487398400902747, 0.3378157261759043, 0.5340801309794188, 0.46014379281550644, 1.0230477191507816, 0.3997054066509008, 0.5114829920232296, 0.49527839273214336, 0.45471277832984924, 0.38766614738851785, 0.3984423216432333, 0.304547930508852, 0.7959756314754487, 0.5890366703271865, 0.49040628001093867, 0.4203582534566521, 0.5606733806431293, 0.3841787679120898, 0.6793085426092148, 0.44412485957145686, 0.4496556043624878, 0.348814516980201, 0.48817400299012664, 0.4306254934519529, 0.6506870534271002, 0.31195541881024835, 0.32837110571563244, 0.19041160615161062, 0.17320278724655508, 0.7415177956223488, 0.4568440653383732, 0.5068345561623573, 0.3017343122512102, 0.29114201115444305, 0.567861058190465, 0.7471500195562839, 0.6538455849513412, 0.7908647075295449, 0.31334302965551614, 0.30554440803825855, 0.40197678841650486, 0.36856704354286196, 0.3223237173631787, 0.35695605054497714, 0.4789245922118425, 0.6034481264650822, 0.29187329062260686, 0.42589241936802863, 0.3026582793332636, 0.33789416775107384, 0.739629871211946, 0.8081422977149486, 0.4281672351062298, 0.4696110665798187, 0.4185419000685215, 0.3890195868909359, 0.5099538568407297, 0.749042147397995, 0.3615982862189412, 0.7328736253548414, 0.3199269477277994, 0.5507799085229635, 0.41529662087559704, 0.5950125262141228, 0.39312129374593496, 0.8178241923451424, 0.38249441236257553, 0.3812725512310863, 0.713083340972662, 0.4120292477309704, 0.42446830570697786, 0.3857958905398846, 0.2860033521428704, 0.36935242395848034, 0.6716562777757644, 0.39701045006513597, 0.47319914838299154, 0.42208337821066383, 0.28387641087174414, 0.6014381406828762, 0.340043886937201, 0.38813213557004933, 0.40011642277240755, 0.4652914621401578, 0.4270422670990229, 0.3745589045807719, 0.321553851198405, 0.36871359720826147, 0.37651176899671557, 0.23756040539592505, 0.5431697569787503, 0.2800030505284667, 0.9688178151845932, 0.33108876217156646, 0.6083548979833722, 0.29559239037334917, 0.48251247964799404, 0.2844630368053913, 0.40267491824924945, 0.25190352909266944, 0.46678048633039, 0.33383424393832684, 0.2215844502672553, 0.1392255981452763, 0.2924420965835452, 0.28960893731564286, 0.23902660738676784, 0.7187485709786415, 0.32985158190131186, 0.4837314635515213, 0.40816566310822966, 0.30743049643933773, 0.45833734422922134, 0.29435523841530087, 0.4846675403416157, 0.4639531787484884, 0.31572802308946846, 0.2962364166975021, 0.5577178545296192, 0.36913907825946807, 0.31826721876859665, 0.45310563817620275, 0.3853307541459799, 0.36824475433677434, 0.22641186751425268, 0.6520339332520961, 0.38051950708031657, 0.18641506005078554, 0.44854535646736626, 0.2770546140149236, 0.27930872328579426, 0.22796315811574458, 0.27099292343482373, 0.4240159332752228, 0.73724744617939, 0.3064231999218464, 0.34864832684397695, 0.41544054150581355, 0.3785998418927193, 0.33703481759876014, 0.2802518788725138, 0.37818901501595975, 0.39007563069462775, 0.42450635842978957, 0.28115097135305406, 0.2738894047215581, 0.7371498838067054, 0.4771101715043187, 0.38320082873106, 0.4354565855115652, 0.5062509018927812, 0.535015014000237, 0.2319999450817704, 0.7561989292502403, 0.6030044078826904, 0.464530099183321, 0.43568583317101, 0.2918543126434088, 0.3628530792891979, 0.6655987538397312, 0.2823729198426008, 0.3563062768429518, 0.5285170786082745, 0.5608158618211746, 0.30737577099353075, 0.27331749349832535, 0.6013712257146835, 0.39398970566689967, 0.4439730249345303, 0.3748719751834869]
2025-11-22 14:18:44 - ffalora - INFO - loss data:
2025-11-22 14:18:44 - ffalora - INFO - [0.4983504079282284, 0.4793636347167194, 0.43434654232114556, 0.5017541528213769, 0.7318037800490855, 0.5104923404753208, 1.013198147714138, 0.6278888031840324, 0.5941891334950924, 0.5607689814642072, 0.5828958474099636, 0.3322491350583732, 0.6637310903519392, 0.43792589753866196, 0.41792226070538163, 0.23748973170295357, 0.889310059696436, 0.5008704040199519, 0.5171682931482793, 0.60930669978261, 0.5186411824077368, 0.4246123751625419, 0.34674112712964417, 0.4220768101513386, 0.6097023271024227, 0.3221172221004963, 0.21735409311950207, 0.3051458381737272, 0.5606727669636409, 0.35262571291532363, 0.48467971906065943, 0.41334996074438096, 0.20199757870286705, 0.1954821444582194, 0.780212676525116, 0.39249127861112354, 0.3518807820044458, 0.6415570765733719, 0.3743221238255501, 0.15778877083212137, 0.6733719858030478, 0.580161043535918, 0.21459201769903302, 0.5065006924172243, 0.338621666515246, 0.3765823249705136, 0.3520168002694845, 0.43955701701343064, 0.4760415326803923, 0.3715332529197136, 0.2591321401298046, 0.6016812168061734, 0.9711214274168014, 0.3731946100480854, 0.3561111190821975, 0.18616303196176887, 0.20167086273431778, 0.30910751338427267, 0.4024049460887909, 0.2553471130784601, 0.16263828445225953, 0.36402701111510394, 0.4846043583005667, 0.4912874966859817, 0.2956859329715371, 0.579937303531915, 0.20481872339732943, 0.5490619478747248, 0.43244911432266236, 0.4079681284725666, 0.38362978082150223, 0.6624908925965428, 0.6904612029592196, 0.2551953551825136, 0.4431466339621693, 0.5579136773943901, 0.29335304433479903, 0.18355031609535216, 0.3419605676550418, 0.3347473628818989, 0.32614355310797694, 0.24861092766125997, 0.47750664688646793, 0.3418250326067209, 0.24067641501314938, 0.6239915542304516, 0.7321533679962158, 0.25408836314454675, 0.2350857005144159, 0.38289313986897466, 0.4021399937570095, 0.3880861885845661, 0.3096589063759893, 0.2745788313448429, 0.20359931625425814, 0.4142239918000996, 0.3700927990488708, 0.2670877426397055, 0.3892729993909597, 0.5173362717032433, 0.37682995200157166, 0.12282610940746963, 0.43160446169786154, 0.22467346071886518, 0.2242673621978611, 0.2646943758552273, 0.2701898527797312, 0.20035684937611223, 0.24333784617483617, 0.4336602003313601, 0.3991682866588235, 0.20274796579033136, 0.8058010883629322, 0.6540880079070728, 0.1331291259266436, 0.6288588267440597, 0.3196344065479934, 0.29910015533678236, 0.3334469732362777, 0.2561611641198397, 0.40608544810675085, 0.1391159864841029, 0.1631282502785325, 0.4198746483772993, 0.1394806349184364, 0.32579863322898744, 0.29323506234213714, 0.28282486125826833, 0.4888526286308964, 0.49737412929534913, 0.5211192569695413, 0.21509072370827198, 0.44174192007631063, 0.17981233978644012, 0.3539249432273209, 0.09805509960278869, 0.6884780533611774, 0.3697191715240479, 0.3200140562839806, 0.2941234115045518, 0.3181187623180449, 0.6084689261391759, 0.3911420900374651, 0.2740761574357748, 0.44038972980342805, 0.5462057010270656, 0.3050505405291915, 0.3658840687324604, 0.42527915015816686, 0.2985337579622865, 0.3483061505947262, 0.30807717206577456, 0.5265794101171195, 0.24082483034580948, 0.3868389938492328, 0.3175736477598548, 0.38457822712759177, 0.3157127257436514, 0.21062515750527383, 0.23343772757798434, 0.09362343642860652, 0.4249487186782062, 0.6358860334381461, 0.35308959628455344, 0.3947161908261478, 0.24728402191152177, 0.2088110550461958, 0.21588014317676424, 0.38663884182460606, 0.21626536194235085, 0.32644361831868685, 0.4894023556883136, 0.1991262239869684, 0.18212809264659882, 1.111469304561615, 0.6487125294283033, 0.311712552793324, 0.32885988242924213, 0.29882896412163973, 0.20322551497568686, 0.8523705431260169, 0.21152729345485569, 0.2727957039140165, 0.3393204093910754, 0.7638073743321002, 0.9229686591774225, 0.44766011871397493, 0.2784045524895191, 0.6282209390774369, 0.44514358416199684, 0.9826813220977783, 0.4978254813700914, 0.39270162830750144, 0.8763338573276996, 0.7087916007265449, 0.2573207776993513, 0.20087915677577256, 0.2577155211940408, 0.17089928751811384, 0.16165513824671507]
2025-11-25 21:32:46 - ffalora - INFO - loss data:
2025-11-25 21:32:46 - ffalora - INFO - [0.5560178755549714, 0.6787538213862313, 0.5512535020709037, 0.49695834351910484, 0.6182532235980034, 0.5429907437413931, 0.5814264761283994, 0.693454588452975, 0.6514187538763508, 0.5870314352214336, 0.5565932251513004, 0.6180240031331777, 0.5723669415546788, 0.608530956483446, 0.6222236789762974, 0.39272938035428523, 0.7159870933741331, 0.5402908183983527, 0.5437156232073903, 0.6509628862142562, 0.5170817989856005, 0.4608216259628534, 0.7047622748133209, 0.6022408821930487, 0.685908243060112, 0.5921644970774651, 0.641819603741169, 0.6636430826038122, 0.6500248486797016, 0.44777143755927684, 0.5566403451375663, 0.40471024848520754, 0.7631138272376524, 0.5082635605707765, 0.6044268071651459, 0.5558480337262154, 0.7211906872689724, 0.6037260383367539, 0.4864389999045266, 0.5902046428786384, 0.5439946485683322, 0.5435764535019796, 0.6165788039565087, 0.6333710268139839, 0.6668924791738391, 0.6285909920930862, 0.5137695051729679, 0.5241941361791558, 0.6821745530598693, 0.47767355144023893, 0.5922794058918952, 0.39904337003827095, 0.572223350405693, 0.64891776525312, 0.6485726692610316, 0.47410646597563755, 0.6013567170335187, 0.5783310450613499, 0.7137603163719177, 0.5688671989366412, 0.6329235099256039, 0.5494724854826927, 0.5327837938235866, 0.47873735788743943, 0.4220744423568249, 0.6534942358732223, 0.6677598375827074, 0.5668069519102573, 0.6145419321126409, 0.44585329443216326, 0.5986653059720993, 0.5199504785239697, 0.7422310691326857, 0.6117520853877068, 0.746691882610321, 0.4938919249922037, 0.5638420350849629, 0.676026326790452, 0.49797881924314424, 0.5047220949083566, 0.8949877507984638, 0.49609603825956583, 0.6526219733059406, 0.5231797058238752, 0.5611216053366661, 0.7453196123242378, 0.7157297162339091, 0.5101189974695444, 0.6014021957914035, 0.5108306388060252, 0.565322159230709, 0.47906408905982967, 0.4645751338452101, 0.7582762867212296, 0.5447707076091319, 0.9011198580265045, 0.6349955342710019, 0.8266230002045631, 0.583440512418747, 0.5492131598293781, 0.4935814485367801, 0.5231881977783309, 0.49913662411272525, 0.4504491003851096, 0.4862486857920885, 0.4858025275170803, 0.3862549554556608, 0.327950094640255, 0.4620320238173008, 0.41601837053894997, 0.6057175717627008, 0.6511272996664047, 0.5512055680155754, 0.4483187809586525, 0.4471553862094879, 0.6055284531580077, 0.6660511419177055, 0.7354359313845634, 0.6480051971971988, 0.5234997169011169, 0.472478736191988, 0.46453299985991586, 0.5448917113244534, 0.4929150650277734, 0.6372863873839378, 0.5015069639310241, 0.48974420540034774, 0.45670903101563454, 0.48467455012723804, 0.4777286654338241, 0.7586562726646662, 0.5482213459908962, 0.4807708831297027, 0.5536363042891026, 0.7390271909534931, 0.49818382821977136, 0.643572915927507, 0.4996543237939477, 0.522955471277237, 0.506798104569316, 0.3554974053055048, 0.6497648172080517, 0.5703868329524994, 0.5249197228811682, 0.4977001450955868, 0.4046060092747211, 0.741479804739356, 0.6250973484582372, 0.5832802951335907, 0.5000959850847722, 0.5570600956678391, 0.5157909326255321, 0.5126035585171647, 0.6045736696985032, 0.558413914591074, 0.4960361309349537, 0.4881251300374667, 0.5948971293866634, 0.6345007665455341, 0.5792618189007044, 0.5294932041731145, 0.5456792145967484, 0.4082032471895218, 0.6535218629986048, 0.47461449801921846, 0.5873799081891775, 0.5444568891078234, 0.5772899523377418, 0.6259468326138126, 0.5139985890852081, 0.6346302032470703, 0.43188341334462166, 0.5026852918167909, 0.5085089620616701, 0.7337467727717012, 0.5393162686377764, 0.7137060939437814, 0.6458870163187385, 0.6577611706323094, 0.5498501002788544, 0.6388481371104717, 0.5070185288786888, 0.5452783063054085, 0.5649702068418264, 0.6658478997647762, 0.7070643333718181, 0.572598131839186, 0.5398808538913726, 0.5215454436838627, 0.7489242479205132, 0.45840864777565005, 0.5364716947078705, 0.4880885578691959, 0.515466433018446, 0.5689929239451885, 0.5872179999947548, 0.49029856324195864, 0.6004301257431507, 0.4516957201063633, 0.5610049169510603]
2025-11-25 23:16:17 - ffalora - INFO - loss data:
2025-11-25 23:16:17 - ffalora - INFO - [0.41941244900226593, 0.6599893309175968, 0.47411431148648264, 0.944364020228386, 0.7774654179811478, 0.6588770821690559, 0.953400045633316, 0.29414929952472446, 0.6871778860688209, 0.5612270668148994, 0.44914493560791013, 0.6287567853927613, 0.4200843878090382, 0.5796754144132137, 1.11943179666996, 0.5258835569024086, 0.5731777150183917, 0.6400978315621615, 0.5699456721544265, 0.5591245535761118, 0.2604046957567334, 0.8517827704548836, 0.5969923503696919, 0.4060702551156282, 0.33798292465507984, 1.1579663395881652, 0.5227298788726329, 0.8782617665827275, 0.6183006331324576, 0.47571387067437176, 0.30109367351979016, 0.46082524210214615, 0.6199510784819722, 0.5817204281687737, 0.9808732122182846, 0.4340017151087523, 0.5874217856675387, 0.5615135535597802, 0.5263131782412529, 0.4709691949188709, 0.43397036343812945, 0.3434192227199674, 0.9482037588953972, 0.7445477627217769, 0.6098639070987701, 0.5395054463297129, 0.6511240601539612, 0.5621736913919448, 0.7611865535378456, 0.5571294408291578, 0.5588111132383347, 0.46956152468919754, 0.5434100277721882, 0.6949666023254395, 0.8958503864705563, 0.4184961088001728, 0.46964834444224834, 0.22397217219695448, 0.2270034182816744, 1.2462170124053955, 0.579825296998024, 0.6322687409818173, 0.40049673691391946, 0.3904260374605656, 0.6146019656211138, 1.193107968568802, 0.5530802860856057, 0.7964959539473057, 0.4090049071237445, 0.48344105780124663, 0.6539792932569981, 0.6183910824358463, 0.4515843566507101, 0.5022553589195013, 0.6521775759756565, 0.7640790350735187, 0.42832215428352355, 0.5500013403594494, 0.4390267837792635, 0.4487658206373453, 0.68169706761837, 0.8996149316430092, 0.5812864005565643, 0.6137225173413754, 0.5488596148788929, 0.5364540301263332, 0.6126508235931396, 0.7319009646773338, 0.5294145692139864, 0.48865464329719543, 0.4263592105358839, 0.9077036067843438, 0.5393286857753992, 0.757174688577652, 0.5729968093335629, 0.827348917722702, 0.6023835524916649, 0.5421651717275381, 0.6965012967586517, 0.5869075112044811, 0.6052868716418742, 0.5639048866927623, 0.45743698142468925, 0.4700238138437271, 0.9720262885093689, 0.5071888923645019, 0.5019977584481239, 0.6707977406680583, 0.4564841024577618, 0.6490406585857272, 0.5538611711934209, 0.6249574437737465, 0.5095007419586182, 0.5016448050737381, 0.6083262950181961, 0.5906345970928669, 0.5273916136473418, 0.4525886751711369, 0.5487588841468096, 0.38346100598573685, 0.8088836148381233, 0.48548044338822366, 0.9416604399681091, 0.4860618129372597, 0.5974783316254616, 0.4564432892948389, 0.6983664222061634, 0.4962202347815037, 0.6233285404741764, 0.4888416901230812, 0.7872274823486805, 0.46445992812514303, 0.3612066596746445, 0.25429361052811145, 0.5372355081140995, 0.46370220147073266, 0.3378091221675277, 1.0320971693843604, 0.6501828163862229, 0.4511563219130039, 0.5948315009474754, 0.5241753116250039, 0.6886724703013897, 0.5850788839161396, 0.5070912227034569, 0.6552456319332123, 0.4952801607549191, 0.5205412209033966, 0.6553515329957008, 0.5631590247154236, 0.5155938565731049, 0.6551161468029022, 0.47360052093863486, 0.48157781213521955, 0.4190871693193913, 0.676504984498024, 0.5704822428524494, 0.42452585250139235, 0.5318722411990167, 0.4070417240262032, 0.4514847815036774, 0.3983847741037607, 0.38326497450470925, 0.6053895719349385, 1.0904460430145262, 0.41489516720175745, 0.546782536804676, 0.6731490373611451, 0.5250896006822586, 0.5558715306222439, 0.4397565446794033, 0.5528718635439873, 0.6348856084048748, 0.6554457388818264, 0.4189960643649101, 0.3927888639271259, 1.0234171241521834, 0.7064055625349284, 0.5203045785427094, 0.6445727497339249, 0.4950903870165348, 0.7570418797433377, 0.3766863066703081, 0.7868994280695916, 0.8560709819197655, 0.7056879043579101, 0.5234647236764431, 0.4508100561797619, 0.5292691074311733, 0.9581165045499801, 0.4030420482158661, 0.49774503037333484, 0.7988887190818786, 0.761713533103466, 0.4013064704835415, 0.40759491696953776, 0.9370544850826263, 0.522137638181448, 0.6240210190415383, 0.5215866357088089]
2025-11-26 00:53:18 - ffalora - INFO - loss data:
2025-11-26 00:53:18 - ffalora - INFO - [0.5259115327149629, 0.4861892079934478, 0.43030065828934316, 0.4989202202297747, 0.7498399585485458, 0.5012888245284557, 1.1208145529031754, 0.6237567245960236, 0.5879159830510616, 0.5485722543671727, 0.6537311136722564, 0.3308229654096067, 0.6031673669815063, 0.4695228325203061, 0.42191743440926077, 0.2567806432954967, 0.9805665064603091, 0.45767679549753665, 0.5397401399910451, 0.62805642709136, 0.5397599910696348, 0.48730188859626655, 0.37372300811111925, 0.4298369151850542, 0.6267015054821967, 0.3603987950831652, 0.22641649683937431, 0.32757000299170613, 0.5804169344405333, 0.42704288638196886, 0.5437897831201554, 0.3814660279080272, 0.21813348559662699, 0.21669113216921687, 0.843046723306179, 0.44773702081292865, 0.45550644742324947, 0.8088286027312279, 0.38310461435467, 0.1750218509696424, 0.8437998538215955, 0.46317731626331804, 0.23839517096057533, 0.6081055020292601, 0.44892440224066377, 0.4075873178429902, 0.41761610405519606, 0.6477917181327939, 0.4954210929572582, 0.41249396900335944, 0.2950095858114461, 0.8166064739227294, 0.7406424209475517, 0.4236959645524621, 0.3930485916789621, 0.21420102119445802, 0.29028351316228507, 0.3579006544314325, 0.5097120217978954, 0.2983367401485642, 0.19241899028420448, 0.4615209363400936, 0.6074264287948609, 0.6641061417758465, 0.3642154347151518, 0.5874965883791446, 0.2305825365707278, 0.7395994004793466, 0.5307538598775864, 0.488522702207168, 0.44520152546465397, 0.816387727856636, 0.6442895072201889, 0.29428931400179864, 0.5226866096258164, 0.5764673464000225, 0.34092054702341557, 0.20367661686614155, 0.4607338633388281, 0.3967394093051553, 0.3825611472129822, 0.31140752866243326, 0.6294025108218193, 0.4339778639065722, 0.3075094738975167, 0.9424544245004655, 0.6354593291878701, 0.31242977026849983, 0.2961621344089508, 0.5767542734742165, 0.4886634789407253, 0.4999061791847149, 0.3987428601831198, 0.3636190111748874, 0.2776554126292467, 0.5286533627659082, 0.3935780290514231, 0.3407993927598, 0.5114976242184639, 0.5838786236941814, 0.45175059977918863, 0.18132490990683436, 0.5235945306718349, 0.30771194407716396, 0.2614270317368209, 0.3508033021042744, 0.3905428723897785, 0.260230110026896, 0.2855375861749053, 0.629346190020442, 0.41681525241583584, 0.27773502515628934, 1.088930481672287, 0.4439079103370508, 0.19017578084021808, 0.5810700105503201, 0.41312114559113977, 0.39173439471051097, 0.439161117374897, 0.319752125069499, 0.5476063958369195, 0.19761005286127328, 0.223280084785074, 0.5538947155078252, 0.18907123431563377, 0.4318180703558028, 0.39508656952530147, 0.4968363640829921, 0.60083677234749, 0.8034522838890552, 0.6485320460051298, 0.30938408244401217, 0.5403137393295765, 0.2766403963789344, 0.49104630164802077, 0.15650632912293078, 1.064593669772148, 0.7445168947800994, 0.40416234762718284, 0.3775751143693924, 0.4413593428209424, 0.7822126418352127, 0.5219694435596466, 0.38494567628949883, 0.617557249031961, 0.8012240963056684, 0.39980702809989455, 0.49951674764355025, 0.5620650604367257, 0.42062816582620144, 0.5004896359518171, 0.4193495044795176, 0.7481283228844404, 0.3012477416545153, 0.5404285533353687, 0.4047974545508623, 0.5342459584275882, 0.413502878199021, 0.3017735194414854, 0.2841822702437639, 0.16730642318725586, 0.5008727345615626, 0.8681650951504707, 0.4802480433136225, 0.4762277023866772, 0.3385749735559026, 0.3163837861890594, 0.3191821907646954, 0.4946178462356329, 0.2819125485606492, 0.4555994595090548, 0.6249692179262638, 0.30130832809954883, 0.2904170948080719, 1.3583288531750441, 0.9711641289293765, 0.5359342062845827, 0.5331975184381008, 0.43202250748872756, 0.30116128840794165, 1.0606679878197611, 0.28499369509518147, 0.5030466729775072, 0.45573885440826417, 0.98118976354599, 1.0982701860368251, 0.5377167791128159, 0.3319201357662678, 0.5175464688800275, 0.5090700536966324, 1.2767394170165063, 0.7079496517777443, 0.5527643599857887, 1.1521289967000485, 1.053216753527522, 0.3206925630569458, 0.2852823267690837, 0.3177127653732896, 0.2055587973445654, 0.1930652240291238]
2025-12-18 01:38:18 - ffalora - INFO - loss data:
2025-12-18 01:38:18 - ffalora - INFO - [0.5924887813394889, 0.6073161918256018, 0.5579937305301428, 0.500420021928019, 0.6191172882914543, 0.5609575681388378, 0.6077499371021986, 0.688552651140425, 0.6262759285513312, 0.59732905626297, 0.5500704172998667, 0.597346369177103, 0.5658182727793852, 0.6084107466740534, 0.563276369124651, 0.35374260768294336, 0.6737111480906606, 0.4944756667333422, 0.5191233898513019, 0.5839727234095335, 0.4832689668983221, 0.40660438127815723, 0.6232133737454812, 0.5534785032893221, 0.6621164962649345, 0.504678626358509, 0.5397043045610189, 0.5163912628777325, 0.5670625118331777, 0.3584963485598564, 0.43504581060260533, 0.40748509019613266, 0.6018240199579548, 0.36884572422131895, 0.5570993401110172, 0.4670098051428795, 0.59738689661026, 0.5276225566864013, 0.44462868322928745, 0.4986146804359224, 0.4949485544813797, 0.4530330353623463, 0.5111114021390677, 0.5194536217384869, 0.40262840618379414, 0.4344814594835043, 0.44341392032802107, 0.45445086008144747, 0.5711149103525612, 0.41200141087174413, 0.47693786472082134, 0.3062258269637823, 0.4146031280979514, 0.519490673724148, 0.4838392940453357, 0.34291047090664506, 0.40744921254614985, 0.4970633268356323, 0.49816913018003106, 0.4120466012507677, 0.464593059848994, 0.3828832019120455, 0.36827497709956436, 0.3235166207421571, 0.34925503879785535, 0.49784960635006426, 0.42063989397138357, 0.4167226102203131, 0.4159161009722286, 0.3355713363736868, 0.3826444149017334, 0.33753089697824584, 0.560070333071053, 0.4448401153087616, 0.6208407493929068, 0.32533349106088283, 0.3762438707984984, 0.489069514721632, 0.3542242366820574, 0.3352496109902859, 0.45893692213576287, 0.3483602479565889, 0.45949341962113976, 0.3279011518073579, 0.3454234944423661, 0.5477457325905561, 0.46690214332193136, 0.3558754241093993, 0.37608664793272817, 0.3390145350661543, 0.38577217757701876, 0.3723589561879635, 0.2984358061105013, 0.4532123005948961, 0.41463984065921977, 0.5458927527070045, 0.3158498290926218, 0.5222288696095347, 0.42192099466919897, 0.4399762060493231, 0.30729522941013176, 0.35815283225642314, 0.34683609418570993, 0.2680304756181108, 0.30342288259416816, 0.33495497014373543, 0.2836552504450083, 0.21948414538055658, 0.30086183175444603, 0.2630109142512083, 0.35210760134375757, 0.3588046748191118, 0.3821338456124067, 0.32078593745827677, 0.2064398368820548, 0.34451499415768516, 0.36814132204744965, 0.6529804721474648, 0.45839047320187093, 0.2834336902532313, 0.23901349864900112, 0.2755525453430083, 0.37389861326664686, 0.3491729535162449, 0.544358829036355, 0.34270602110773324, 0.322516275011003, 0.23463394306600094, 0.27493698481703177, 0.27152185931336137, 0.49079432990401983, 0.41938694566488266, 0.313374666745464, 0.37387644201517106, 0.405032018199563, 0.29183928612619636, 0.36278222501277924, 0.3195626260712743, 0.3569956194609404, 0.34373129811137915, 0.2116108348593116, 0.35564893018454313, 0.3391533374786377, 0.30558099066838623, 0.32902259603142736, 0.29468436259776354, 0.39948124065995216, 0.3012916926009994, 0.3827334847301245, 0.3028509750030935, 0.34602913865819573, 0.31178616094402967, 0.3197702929377556, 0.3810320130652851, 0.4215586431324482, 0.2929043900221586, 0.2964060578495264, 0.37542288228869436, 0.4492372341454029, 0.2664956671651453, 0.3266991468767325, 0.2828394114971161, 0.28023307751864196, 0.44830322712659837, 0.30366486608982085, 0.3772783074527979, 0.34756709858775137, 0.3466932399198413, 0.3538074261612362, 0.307424205624395, 0.3438919619657099, 0.3386130575090647, 0.2996895498285691, 0.3082574110478163, 0.4594380966736935, 0.33233324624598026, 0.43273140531447196, 0.366326083894819, 0.42001977045502925, 0.35146013982594015, 0.38291356014087796, 0.2849222347140312, 0.40056636147201063, 0.40344502152875067, 0.5005986515432597, 0.47421932127326727, 0.35633623958565297, 0.37425682730972765, 0.31962857209146023, 0.43235196033492684, 0.36343057341873647, 0.3487997051328421, 0.2933072816580534, 0.2941536530852318, 0.36780055705457926, 0.43013853058218954, 0.35142539180815224, 0.3912641078233719, 0.3176229272037745, 0.3797329081222415]
2025-12-18 02:54:56 - ffalora - INFO - loss data:
2025-12-18 02:54:56 - ffalora - INFO - [0.39844361748546364, 0.6638259515166283, 0.4691264025866986, 0.885558757185936, 0.8490092903375626, 0.6730854220688343, 0.9215096682310104, 0.29930209964513776, 0.7023805983364582, 0.5528257645666599, 0.4372166842222214, 0.6300369702279568, 0.4064137414097786, 0.5447368323802948, 0.7771699815988541, 0.44618371613323693, 0.5585807260125876, 0.597928411513567, 0.5283910412341357, 0.49265537187457087, 0.2659390670247376, 0.7470387160778046, 0.5841613225638866, 0.38598171453922986, 0.31861198134720325, 1.1769360572099685, 0.43250369653105736, 0.8126818973571062, 0.5874909304082394, 0.4076392412185669, 0.28487398400902747, 0.3378157261759043, 0.5340801309794188, 0.46014379281550644, 1.0230477191507816, 0.3997054066509008, 0.5114829920232296, 0.49527839273214336, 0.45471277832984924, 0.38766614738851785, 0.3984423216432333, 0.304547930508852, 0.7959756314754487, 0.5890366703271865, 0.49040628001093867, 0.4203582534566521, 0.5606733806431293, 0.3841787679120898, 0.6793085426092148, 0.44412485957145686, 0.4496556043624878, 0.348814516980201, 0.48817400299012664, 0.4306254934519529, 0.6506870534271002, 0.31195541881024835, 0.32837110571563244, 0.19041160615161062, 0.17320278724655508, 0.7415177956223488, 0.4568440653383732, 0.5068345561623573, 0.3017343122512102, 0.29114201115444305, 0.567861058190465, 0.7471500195562839, 0.6538455849513412, 0.7908647075295449, 0.31334302965551614, 0.30554440803825855, 0.40197678841650486, 0.36856704354286196, 0.3223237173631787, 0.35695605054497714, 0.4789245922118425, 0.6034481264650822, 0.29187329062260686, 0.42589241936802863, 0.3026582793332636, 0.33789416775107384, 0.739629871211946, 0.8081422977149486, 0.4281672351062298, 0.4696110665798187, 0.4185419000685215, 0.3890195868909359, 0.5099538568407297, 0.749042147397995, 0.3615982862189412, 0.7328736253548414, 0.3199269477277994, 0.5507799085229635, 0.41529662087559704, 0.5950125262141228, 0.39312129374593496, 0.8178241923451424, 0.38249441236257553, 0.3812725512310863, 0.713083340972662, 0.4120292477309704, 0.42446830570697786, 0.3857958905398846, 0.2860033521428704, 0.36935242395848034, 0.6716562777757644, 0.39701045006513597, 0.47319914838299154, 0.42208337821066383, 0.28387641087174414, 0.6014381406828762, 0.340043886937201, 0.38813213557004933, 0.40011642277240755, 0.4652914621401578, 0.4270422670990229, 0.3745589045807719, 0.321553851198405, 0.36871359720826147, 0.37651176899671557, 0.23756040539592505, 0.5431697569787503, 0.2800030505284667, 0.9688178151845932, 0.33108876217156646, 0.6083548979833722, 0.29559239037334917, 0.48251247964799404, 0.2844630368053913, 0.40267491824924945, 0.25190352909266944, 0.46678048633039, 0.33383424393832684, 0.2215844502672553, 0.1392255981452763, 0.2924420965835452, 0.28960893731564286, 0.23902660738676784, 0.7187485709786415, 0.32985158190131186, 0.4837314635515213, 0.40816566310822966, 0.30743049643933773, 0.45833734422922134, 0.29435523841530087, 0.4846675403416157, 0.4639531787484884, 0.31572802308946846, 0.2962364166975021, 0.5577178545296192, 0.36913907825946807, 0.31826721876859665, 0.45310563817620275, 0.3853307541459799, 0.36824475433677434, 0.22641186751425268, 0.6520339332520961, 0.38051950708031657, 0.18641506005078554, 0.44854535646736626, 0.2770546140149236, 0.27930872328579426, 0.22796315811574458, 0.27099292343482373, 0.4240159332752228, 0.73724744617939, 0.3064231999218464, 0.34864832684397695, 0.41544054150581355, 0.3785998418927193, 0.33703481759876014, 0.2802518788725138, 0.37818901501595975, 0.39007563069462775, 0.42450635842978957, 0.28115097135305406, 0.2738894047215581, 0.7371498838067054, 0.4771101715043187, 0.38320082873106, 0.4354565855115652, 0.5062509018927812, 0.535015014000237, 0.2319999450817704, 0.7561989292502403, 0.6030044078826904, 0.464530099183321, 0.43568583317101, 0.2918543126434088, 0.3628530792891979, 0.6655987538397312, 0.2823729198426008, 0.3563062768429518, 0.5285170786082745, 0.5608158618211746, 0.30737577099353075, 0.27331749349832535, 0.6013712257146835, 0.39398970566689967, 0.4439730249345303, 0.3748719751834869]
2025-12-18 04:18:47 - ffalora - INFO - loss data:
2025-12-18 04:18:47 - ffalora - INFO - [0.4983504079282284, 0.4793636347167194, 0.43434654232114556, 0.5017541528213769, 0.7318037800490855, 0.5104923404753208, 1.013198147714138, 0.6278888031840324, 0.5941891334950924, 0.5607689814642072, 0.5828958474099636, 0.3322491350583732, 0.6637310903519392, 0.43792589753866196, 0.41792226070538163, 0.23748973170295357, 0.889310059696436, 0.5008704040199519, 0.5171682931482793, 0.60930669978261, 0.5186411824077368, 0.4246123751625419, 0.34674112712964417, 0.4220768101513386, 0.6097023271024227, 0.3221172221004963, 0.21735409311950207, 0.3051458381737272, 0.5606727669636409, 0.35262571291532363, 0.48467971906065943, 0.41334996074438096, 0.20199757870286705, 0.1954821444582194, 0.780212676525116, 0.39249127861112354, 0.3518807820044458, 0.6415570765733719, 0.3743221238255501, 0.15778877083212137, 0.6733719858030478, 0.580161043535918, 0.21459201769903302, 0.5065006924172243, 0.338621666515246, 0.3765823249705136, 0.3520168002694845, 0.43955701701343064, 0.4760415326803923, 0.3715332529197136, 0.2591321401298046, 0.6016812168061734, 0.9711214274168014, 0.3731946100480854, 0.3561111190821975, 0.18616303196176887, 0.20167086273431778, 0.30910751338427267, 0.4024049460887909, 0.2553471130784601, 0.16263828445225953, 0.36402701111510394, 0.4846043583005667, 0.4912874966859817, 0.2956859329715371, 0.579937303531915, 0.20481872339732943, 0.5490619478747248, 0.43244911432266236, 0.4079681284725666, 0.38362978082150223, 0.6624908925965428, 0.6904612029592196, 0.2551953551825136, 0.4431466339621693, 0.5579136773943901, 0.29335304433479903, 0.18355031609535216, 0.3419605676550418, 0.3347473628818989, 0.32614355310797694, 0.24861092766125997, 0.47750664688646793, 0.3418250326067209, 0.24067641501314938, 0.6239915542304516, 0.7321533679962158, 0.25408836314454675, 0.2350857005144159, 0.38289313986897466, 0.4021399937570095, 0.3880861885845661, 0.3096589063759893, 0.2745788313448429, 0.20359931625425814, 0.4142239918000996, 0.3700927990488708, 0.2670877426397055, 0.3892729993909597, 0.5173362717032433, 0.37682995200157166, 0.12282610940746963, 0.43160446169786154, 0.22467346071886518, 0.2242673621978611, 0.2646943758552273, 0.2701898527797312, 0.20035684937611223, 0.24333784617483617, 0.4336602003313601, 0.3991682866588235, 0.20274796579033136, 0.8058010883629322, 0.6540880079070728, 0.1331291259266436, 0.6288588267440597, 0.3196344065479934, 0.29910015533678236, 0.3334469732362777, 0.2561611641198397, 0.40608544810675085, 0.1391159864841029, 0.1631282502785325, 0.4198746483772993, 0.1394806349184364, 0.32579863322898744, 0.29323506234213714, 0.28282486125826833, 0.4888526286308964, 0.49737412929534913, 0.5211192569695413, 0.21509072370827198, 0.44174192007631063, 0.17981233978644012, 0.3539249432273209, 0.09805509960278869, 0.6884780533611774, 0.3697191715240479, 0.3200140562839806, 0.2941234115045518, 0.3181187623180449, 0.6084689261391759, 0.3911420900374651, 0.2740761574357748, 0.44038972980342805, 0.5462057010270656, 0.3050505405291915, 0.3658840687324604, 0.42527915015816686, 0.2985337579622865, 0.3483061505947262, 0.30807717206577456, 0.5265794101171195, 0.24082483034580948, 0.3868389938492328, 0.3175736477598548, 0.38457822712759177, 0.3157127257436514, 0.21062515750527383, 0.23343772757798434, 0.09362343642860652, 0.4249487186782062, 0.6358860334381461, 0.35308959628455344, 0.3947161908261478, 0.24728402191152177, 0.2088110550461958, 0.21588014317676424, 0.38663884182460606, 0.21626536194235085, 0.32644361831868685, 0.4894023556883136, 0.1991262239869684, 0.18212809264659882, 1.111469304561615, 0.6487125294283033, 0.311712552793324, 0.32885988242924213, 0.29882896412163973, 0.20322551497568686, 0.8523705431260169, 0.21152729345485569, 0.2727957039140165, 0.3393204093910754, 0.7638073743321002, 0.9229686591774225, 0.44766011871397493, 0.2784045524895191, 0.6282209390774369, 0.44514358416199684, 0.9826813220977783, 0.4978254813700914, 0.39270162830750144, 0.8763338573276996, 0.7087916007265449, 0.2573207776993513, 0.20087915677577256, 0.2577155211940408, 0.17089928751811384, 0.16165513824671507]
