2025-11-06 09:30:23 - ffalora - INFO - loss data:
2025-11-06 09:30:23 - ffalora - INFO - [0.477637777544765, 0.12771742818101, 0.20880436826911236, 0.42483132358433473, 0.6844772649583993, 0.4825805218092033, 0.3723714202642441, 0.43910626297195754, 0.5923234551317162, 0.3664905194725309, 0.11693664939593873, 0.773013172050317, 0.3067678080960399, 0.25976629373811494, 0.3740239366889, 0.29576426500764985, 0.49685249431058764, 0.3213751827909922, 0.34620947432186866, 0.21403552407355164, 0.3320962638045742, 0.16332031673324915, 0.1382390931412374, 0.3863473373154799, 0.19768582979320654, 0.45570803914840025, 0.3020584683244427, 0.4293139008066011, 0.3397831814807086, 0.2605522912039998, 0.34585950399438536, 0.34317496372386813, 0.44549045769963413, 0.25980153190903366, 0.8237547700603803, 0.2406213280018641, 0.3773862482713801, 0.2793971889962753, 0.06964305627570866, 1.2465703263878822, 0.4199736272847211, 0.24689757370700438, 0.26655515482028325, 0.3288857546324531, 0.17730854053141748, 0.37915230742232364, 0.32465390169194763, 0.24462650566905117, 0.3299081965119808, 0.35123853302664226, 0.3557782393126261, 0.3883425941069921, 0.13956483055032248, 0.3506204284727573, 0.14041318131300312, 0.2812390665301964, 0.24244917603209615, 0.32909948254625, 0.2312070972014529, 0.09940918304103737, 0.4666960116983815, 0.21539416226247948, 0.3955403290632548, 0.18935717171001615, 0.4252846518531442, 0.4793383645869437, 0.26244487551351386, 0.353493384871777, 0.27827070420607924, 0.4608484922597806, 0.3365393215790391, 0.23200266334364036, 0.6502005775414762, 0.30790825219204027, 0.33632276721653487, 0.20299279303511691, 0.838345181196928, 0.2877142490612136, 0.13407937181085194, 0.3556010026950389, 0.2702816657101115, 0.3804094383667689, 1.237450085124389, 0.8426190653727168, 0.12394707641991165, 0.46829965462287265, 0.18103117925587983, 0.6137125694325992, 0.19964746957023938, 0.5104406916846832, 0.3898046441997091, 0.3968156831605094, 0.31500110123306513, 0.24200301613503444, 0.4052313367525736, 0.26642015604584507, 0.21585768584295043, 0.3935732681614657, 0.20007305320662758, 0.29487907569855454, 0.09452568722578387, 0.30342013140519464, 0.13680514267956218, 0.7201762090402621, 0.351761095225811, 0.31665147840976715, 0.2066235260701635, 0.12462039090072115, 0.09527102741412818, 0.44545762045752435, 0.33591600562687274, 0.31184839664234054, 0.18031514270357243, 0.9853248085826636, 0.08467657899018377, 0.3091768740452136, 0.2604694089645313, 0.09169166379918656, 0.059421218698844314, 0.6740401016819911, 0.48970453841329525, 0.09750379528850317, 0.6166783565260244, 0.33667890471641465, 0.2626284858108395, 0.1798221800321092, 0.6640057941258419, 1.4346638545393944, 0.06731048637690643, 0.43377300610066094, 0.11069454040585291, 0.42503970454412476, 0.3064520417402188, 0.20600287442406018, 1.2175847217440605, 0.48414704271338205, 0.3536453826818615, 0.06474773368487756, 0.8073498234152794, 0.11606736360117792, 0.08604967350968057, 0.2401270083348555, 0.3165425072527594, 0.2724797511473298, 0.41600380423996186, 0.3363555326229996, 0.3101923799763123, 0.401251258811465, 0.23931643108112946, 0.4810028283132447, 0.2629102828670983, 0.4072892566521963, 0.30141130660971005, 0.2608084262707659, 0.4805671507210442, 0.2908465154469013, 0.32663635356972615, 0.12239052719960455, 0.7383738512342626, 0.2532670085111426, 0.37678088354015793, 0.2263574145268649, 0.429548671232566, 0.32072988513391465, 0.5346415408576528, 0.30153741173091386, 0.4587707811190436, 0.44355435023705164, 0.6080016531050205, 0.4880367304043223, 0.40744567187453706, 0.2974742704536766, 0.5159225884824992, 0.31938232900574803, 0.5167460102174017, 0.3056011085934711, 0.36710091749275175, 0.3626035853392548, 0.32406828071301186, 0.3249506659450985, 0.29887282144692207, 0.36366174018217456, 0.34334194237987203, 0.33826693087402315, 0.269908007877391, 0.19042353766659897, 0.27726812703564524, 0.37228260189294815, 0.31125129706093246, 0.2690291574727448, 0.36722957991339544, 0.3718177499870459, 0.24840858502365235, 0.2706586677167151, 0.24962345614201492, 0.31400063702905623, 0.4964664937420325, 0.3081787717898214, 0.44911889223889867, 0.40460904526213803]
2025-11-10 09:04:34 - ffalora - INFO - loss data:
2025-11-10 09:04:34 - ffalora - INFO - [0.4661871203043986, 0.12725812619707239, 0.21674344712971813, 0.4342351806763974, 0.6761358708695129, 0.4814444679234709, 0.35463947565718135, 0.48156476343671484, 0.5942589371568627, 0.37218232506087845, 0.10090877496804751, 0.8553369119763374, 0.29481767367068973, 0.2563541717202127, 0.3702991555134455, 0.28850308945402503, 0.5207727486267686, 0.33166911089534146, 0.36598422902601735, 0.18633332614626852, 0.31851206437953633, 0.1991525418018379, 0.11318395957763035, 0.5442919035752614, 0.19550886812826826, 0.40059825126081705, 0.3083633715700772, 0.4004424862149689, 0.3385422679462603, 0.27035214760828585, 0.32391956076025963, 0.38976560851248604, 0.22794954499113373, 0.27640239108586684, 1.026647241993083, 0.2542334079764606, 0.36534389149220214, 0.36579791471983, 0.046470313416345256, 1.345367256551981, 0.36802544996694286, 0.22424600965653857, 0.24821046702563762, 0.3773295155415932, 0.18136721789778676, 0.3914506831855485, 0.33078729875740553, 0.27100073599528207, 0.33342015963386407, 0.3288852415151066, 0.3399938132081713, 0.35324535229139853, 0.1479702649419778, 0.4683940773208936, 0.1629688080128593, 0.29476451715897944, 0.2079571521608159, 0.3014559731596992, 0.20332068980981907, 0.09587657179993887, 0.49651029383707224, 0.17757330660242587, 0.34371037805932714, 0.20372984289640567, 0.3883301582187414, 0.5425206759855861, 0.2820143584782879, 0.3529177039813299, 0.3350950582729032, 0.42355786605427664, 0.30406394880265, 0.21038717513147276, 0.6872818689970743, 0.3906081203992168, 0.3375536341752325, 0.22898392939851397, 0.5951565317809582, 0.2999778437738617, 0.1437082326519885, 0.46114187501370907, 0.33996446821838616, 0.24670292576774955, 1.4256693926872686, 0.8087869559725125, 0.1346460060677297, 0.4637969806790352, 0.1957155441392272, 0.5334029367991856, 0.195465368591249, 0.3967619946226478, 0.36146285066691536, 0.4037115659209944, 0.34374526946339756, 0.20632306860005928, 0.2937219589948654, 0.21558685081121934, 0.22700617711858026, 0.2538288965200384, 0.18613482868698025, 0.2706307593733072, 0.11793628750989835, 0.22177444522579512, 0.1251482473608727, 0.6647669434271477, 0.3555772379040718, 0.30610037595033646, 0.20555332432397538, 0.11677936171569551, 0.07187463156878948, 0.43928842264271917, 0.3336762281065738, 0.37863647551448254, 0.19717394228306753, 0.9911216151590149, 0.07593231001374079, 0.28531903678258125, 0.2642112504794366, 0.07120632046523193, 0.05460617750779622, 0.7737139055874044, 0.520284071439087, 0.08025772706605494, 0.6674053989012133, 0.34131277971571744, 0.23558664842750188, 0.1638116731515361, 0.5419314654645859, 1.6113387867808342, 0.06851625848503318, 0.440827565711169, 0.10824011601895714, 0.46758985057197233, 0.3263102987574207, 0.21156608704477547, 0.8468745648860931, 0.45604275810447603, 0.4542150321002636, 0.04906988733758529, 0.8339404184371233, 0.11972835734486581, 0.07581089147263104, 0.24122932279160955, 0.3176819744209448, 0.2561239820594589, 0.3817712486618095, 0.29195649597655843, 0.25338162320355573, 0.4120908405769754, 0.2531013052600125, 0.5712046832260158, 0.23971362436121263, 0.3763971235038656, 0.27475627027451993, 0.299911122371365, 0.49682339497838757, 0.4449523128569126, 0.3018866446490089, 0.15452849064022303, 0.4879288510842757, 0.27048955998486945, 0.37285044636163445, 0.24037545161942642, 0.41280209898416487, 0.2962408313372483, 0.5046976638336976, 0.3008550955426125, 0.2854855834196011, 0.4543165256890158, 0.5828114045517785, 0.46196743845939636, 0.37023432172401244, 0.28807897268173593, 0.6176278116802374, 0.2860043300980968, 0.5120716078413857, 0.3761713440445337, 0.4614023706979222, 0.354477795254853, 0.3749184707800547, 0.3075610526970455, 0.3245513470222553, 0.3223631363362074, 0.389060458727181, 0.34145313670030897, 0.2713518491133101, 0.23597324856867394, 0.27559504474675844, 0.3199267066305592, 0.3857583135721229, 0.30127417925922645, 0.30801779638837884, 0.40824121572077277, 0.3222255848490426, 0.3254465967830684, 0.2628262831932969, 0.28770550423198277, 0.5119808455082503, 0.3020619683795505, 0.34948091953992844, 0.4945193829635779]
2025-11-10 23:14:34 - ffalora - INFO - loss data:
2025-11-10 23:14:34 - ffalora - INFO - [0.46770950923082494, 0.1412431483234589, 0.20632651430658167, 0.4346431832657092, 0.6336504869438984, 0.48349692832146374, 0.355865748768503, 0.5374358285218477, 0.5052574864692159, 0.4464845002761909, 0.09923434740590487, 0.5410019382834435, 0.32292722920251504, 0.26372223879917767, 0.39058995743592584, 0.31917224500405916, 0.44034358486533165, 0.33215534115313655, 0.39209292359926085, 0.19453475221719904, 0.29621547363751144, 0.18073360152484383, 0.12260895974820112, 0.5546396374702454, 0.2095593893693553, 0.5216923741002878, 0.31873733912491137, 0.4447620456062612, 0.3997447904021967, 0.25781086118270957, 0.2892890957494577, 0.2794178653857671, 0.3953218807873782, 0.25428074784576893, 0.9191671883066495, 0.25896189574684414, 0.39796530201676344, 0.3284693378955126, 0.05975473342308154, 1.0690731201320887, 0.3689126031542266, 0.23317558139873046, 0.2823293628791968, 0.3134851426507036, 0.18018839415578572, 0.37553161126420354, 0.30283535892764724, 0.17930837317059437, 0.33381584596324276, 0.384286729618907, 0.3841511685223806, 0.3239242918789387, 0.14531714576975596, 0.2786331863452991, 0.21955607070898014, 0.29864161685109136, 0.18277074205356517, 0.2867246937184107, 0.28541428118478507, 0.08559905382571742, 0.47695333591634126, 0.19577462579278898, 0.38828389592130075, 0.15473464335412823, 0.39070194667826097, 0.5299964007877168, 0.21710982297857603, 0.334506390156684, 0.2509159702652444, 0.4773550528722505, 0.2990060839802027, 0.19312146878898298, 0.5151604802480766, 0.25667970596502226, 0.3320192056042808, 0.24190828139849363, 1.013382351025939, 0.2901231154799461, 0.1259341095928297, 0.34782591089606285, 0.3563051994269093, 0.42487126773630735, 1.2439622697517432, 0.9505756282735438, 0.12696721359873966, 0.4589846357703209, 0.20483288607959235, 0.6138950352157866, 0.2022760094453891, 0.6368169417604804, 0.3335446667236586, 0.3787331247258754, 0.4046489978209138, 0.22949610876717738, 0.4336848706007004, 0.2270516145297072, 0.21713198646570422, 0.4271721972230201, 0.22538869181603546, 0.4577854509775837, 0.09536831236910075, 0.26597067465384805, 0.13547557340934874, 0.8215703787627043, 0.34091684967279434, 0.3320639953017235, 0.31279371372268844, 0.12489406190191707, 0.0992271148134023, 0.41875272066820235, 0.3416195673799073, 0.3384606758201564, 0.18678709239854166, 0.697227340657264, 0.08985388590372168, 0.31992521700104354, 0.2668570355719162, 0.07713636895641685, 0.0629886159634528, 0.6086443144983301, 0.43296902357515965, 0.07420467942332229, 0.618902525068684, 0.31713704332107245, 0.2659151735888035, 0.19281614560168236, 0.724637834195164, 1.3955958783626556, 0.1562567142342838, 0.44304101620480496, 0.10727790178498253, 0.4393172144061989, 0.327852499526408, 0.2066361035996427, 1.00309469550848, 0.4150436408817768, 0.35577919686006176, 0.06196357496082783, 0.701788205653429, 0.12699526101350783, 0.09321060062696537, 0.2421435337621785, 0.32752023285461795, 0.2244171816855669, 0.5046373649189869, 0.34881740911967224, 0.29985617889712257, 0.34172667549164204, 0.25634323140709764, 0.4594331325756179, 0.25687162966846866, 0.3667354819675287, 0.3149609473844369, 0.1939318154278832, 0.46329186198862915, 0.316778514534235, 0.28075426568587625, 0.13092223656519006, 0.7193510742350058, 0.27508592593173187, 0.37930096220914966, 0.23589839579847952, 0.42626256347885205, 0.2542616662103683, 0.5475518780450026, 0.3088161869063264, 0.18974393860747418, 0.5801842739184697, 0.5055273334894861, 0.42207414905230206, 0.3971939180144872, 0.2847643174075832, 0.5443503646800916, 0.30640998921756235, 0.5185369377334913, 0.289629760226517, 0.35776087351971203, 0.35777804255485535, 0.3449741266667843, 0.34793268463441307, 0.3928371041806208, 0.3917777296155691, 0.31368845949570334, 0.33151186315032344, 0.2804567730497746, 0.19347465069343645, 0.27598986575113876, 0.31020464783623103, 0.24103588606452658, 0.30350190498644397, 0.306119208810506, 0.33271564319729807, 0.21592045053128256, 0.25483574635452694, 0.2546656471366684, 0.30899240186920873, 0.4260801385072145, 0.3104218327928157, 0.4828325933353468, 0.39184156010548277]
2025-11-11 18:36:30 - ffalora - INFO - loss data:
2025-11-11 18:36:30 - ffalora - INFO - [0.44799315585340893, 0.10581464242811005, 0.1963327142927382, 0.40067107416689396, 0.7504841748763014, 0.5078459674758571, 0.3631089764901183, 0.5524331779529651, 0.6293560341000557, 0.48911862980042187, 0.11607102717627843, 0.6907005980610847, 0.3159875805112755, 0.2719310808762977, 0.49002073953549063, 0.2918256970588118, 0.48930684430524707, 0.32742122665513307, 0.4969765336977111, 0.25717483969977667, 0.3077062318053712, 0.19308445767722637, 0.1348883376692053, 0.5596011554201443, 0.20176905327890482, 0.5084549145152172, 0.30121645374844475, 0.44997426873398205, 0.4412828314872015, 0.30401064785906956, 0.3590986182292303, 0.31886901481387514, 0.4366507097147405, 0.2932341844571056, 0.9387256801128387, 0.2895963287779263, 0.4052563329005525, 0.38251444084259373, 0.05619330506760889, 1.281502652913332, 0.39011019882228637, 0.3081764876221617, 0.2836301994820436, 0.3715483815719684, 0.20499843200585538, 0.37540419789764917, 0.3432055064255283, 0.24970177394182733, 0.379947466412922, 0.40746503778629833, 0.4483659483847164, 0.38121915898389286, 0.1461085190739444, 0.3702315562715133, 0.16451513967040227, 0.2965446355353509, 0.2324776515763785, 0.34166356992153896, 0.2652659670760234, 0.13837481751882783, 0.49267290983574863, 0.20024512325956795, 0.387478094547987, 0.17269722906657436, 0.6265239847823978, 0.5407812794049581, 0.31949128583073616, 0.3845281005389505, 0.28804486159545684, 0.42879021311334026, 0.3601395236328244, 0.21225151968004258, 0.7792185287745226, 0.25520167585151887, 0.3841887719574429, 0.2769776846193487, 0.8618356725201011, 0.3154868856486347, 0.11917384098972736, 0.4631294695427641, 0.31645061206072567, 0.3801073663053103, 1.2308561357785948, 0.7762436123476142, 0.13101991244378344, 0.5201083719730377, 0.2331808013398023, 0.5960788897105626, 0.22936046433945495, 0.7101025174061457, 0.4711387185379863, 0.3863788071487631, 0.3733897351194173, 0.23241241374940036, 0.3899680574735006, 0.21725757409479807, 0.24614189259175742, 0.5772142445202917, 0.2288829216600529, 0.4182489140580098, 0.12157963765785099, 0.30400440841913223, 0.1438488933102538, 0.6663976935324846, 0.46874145418405533, 0.43851834535598755, 0.33430880766051513, 0.12603149633699406, 0.13726591489588222, 0.4839075558951923, 0.34283204389115174, 0.5264984715591978, 0.11605137171378979, 1.1666670125598708, 0.12695441581308842, 0.3100770713494125, 0.2685957845507397, 0.09261000614302853, 0.06503658664102356, 0.6442999458716562, 0.48268896909712844, 0.08672441216185689, 0.6058582702595177, 0.3402469807652512, 0.2594777710597824, 0.18038713295633596, 0.6407368103682529, 1.249492384493351, 0.06134505048491216, 0.4544177304105784, 0.10495848109066072, 0.430774533983182, 0.3229855130530066, 0.20567384688183665, 0.7372031724080443, 0.4082572900436141, 0.47638237108993864, 0.06962767305473486, 0.7000326439738274, 0.12143804536511502, 0.08794745569401938, 0.2625650610176048, 0.3842680195553435, 0.24951093023022017, 0.6328896468298303, 0.34907024408932086, 0.34609356919924417, 0.3861170532526793, 0.25734806893807316, 0.49013970171411836, 0.25298983904498595, 0.3594331505397955, 0.3025293194999298, 0.24220288235422535, 0.48049289030759823, 0.49143708497285843, 0.2943791395674149, 0.1624099997803569, 0.7295554893260652, 0.27577581691245234, 0.3756593486225164, 0.22438150895759462, 0.4573458846185416, 0.2675203012768179, 0.4637052269652486, 0.35009430952015375, 0.3584626875196894, 0.6485057995344201, 0.54570147767663, 0.6023842826640854, 0.41194977672405975, 0.2925413563692321, 0.43148376159369944, 0.3835292395669967, 0.5227864388790395, 0.38215870884331793, 0.4662762934135066, 0.35189993941673525, 0.45585162813464797, 0.37277605579722495, 0.32326823679937255, 0.49916185811161995, 0.3558853550503651, 0.3339115316669146, 0.2755639434363397, 0.24290075122068325, 0.27928748088223593, 0.3451112299447968, 0.25452930377685423, 0.3255611548702868, 0.322484085129367, 0.3724980064978202, 0.3119787475249419, 0.3236222883893384, 0.24185794033110142, 0.35396291122392376, 0.41201694411310286, 0.31063783287055907, 0.3994129022414034, 0.4041825857013464]
2025-11-13 23:40:04 - ffalora - INFO - loss data:
2025-11-13 23:40:04 - ffalora - INFO - [0.45915228795141927, 0.1263859875034541, 0.2160358588107758, 0.475716242308004, 0.894500407355803, 0.5873275526932308, 0.4666331078518521, 0.9088069751858712, 0.8179349162512355, 0.5313162335327694, 0.14590308022484857, 0.8606993754704793, 0.36352733534849474, 0.31976809649279825, 0.54713370402654, 0.4669561429570118, 0.7098668664693832, 0.40784616209566593, 0.5971601666123778, 0.2603695285251888, 0.38298064849784297, 0.23316851392786098, 0.1572190533139898, 0.7617845344874594, 0.26215932296795974, 0.6379279188501338, 0.37335776984691615, 0.5067991004695023, 0.4828583122718902, 0.3669170568741503, 0.5456856439510981, 0.38066636165603995, 0.7077984950738028, 0.40780840325169265, 0.6308607045147154, 0.31734635064467076, 0.43498154142428014, 0.5180737941215435, 0.07786770530704719, 1.0181484892964363, 0.4526263544404948, 0.3486843449994922, 0.33709752845267454, 0.39101143640776476, 0.23206721053325705, 0.4126642818590908, 0.4213129115246591, 0.28163349748744315, 0.42052091711333817, 0.4698304082784388, 0.5431985361945062, 0.45557038568788105, 0.17635901707593196, 0.4821549492577712, 0.19427450250368566, 0.3512415217413079, 0.34943935142031735, 0.3872906170075848, 0.30679666716605425, 0.1599590185408791, 0.4714854736332641, 0.245903813202555, 0.38142508686745935, 0.19872083639656368, 0.7571942982574305, 0.5920651519582385, 0.3718576083580653, 0.39097045463594526, 0.37027574609965086, 0.34671411958212656, 0.49392472207546234, 0.25555079776677303, 0.9216701352880114, 0.5504909077038368, 0.421027350638594, 0.283808798076851, 1.138234693557024, 0.34589572960717807, 0.1557114800030831, 0.4600429355632514, 0.4339820431545377, 0.5196214459137991, 1.0121658359227392, 0.829674345396814, 0.15774539904814447, 0.5807361677289009, 0.25577513478134595, 0.7837393507361412, 0.2631569376681, 0.8423541008184353, 0.4217089471252014, 0.47037218266299796, 0.6075427597388625, 0.27563724099170595, 0.4553852205475172, 0.2604945306807305, 0.335663376642125, 0.4847268685698509, 0.29017272955250173, 0.5485593946029743, 0.15046441859255233, 0.3637524818380674, 0.15138344243944934, 0.8025798576849479, 0.553676038980484, 0.5043453946709633, 0.4043612081505772, 0.1687431783725818, 0.18120718778421482, 0.48170014861084165, 0.404631085390294, 0.5151030857253958, 0.18516490221372806, 1.1585593649496635, 0.16462236654479057, 0.3269506617518211, 0.3015636635840767, 0.10920131268600622, 0.075659673454033, 0.6751021555004021, 0.6112590482895912, 0.09937851053352156, 0.6934753682125698, 0.37819101373580366, 0.302062607008136, 0.2366747974107663, 0.6679272435139865, 0.9631556272506714, 0.09714951304097971, 0.5509976885384984, 0.14358794396523283, 0.4672284071092252, 0.37062460130287544, 0.2596162542390327, 1.0941664911806583, 0.5727538486773318, 0.3647693007563551, 0.0848647003682951, 0.7604466676712036, 0.16313760603467625, 0.10390784702677694, 0.32053100519780336, 0.4108616063992182, 0.32664662847916287, 0.5510027276145087, 0.398773691582459, 0.378607422982653, 0.4378982488479879, 0.3246429936132497, 0.5066785605417358, 0.30560364209943347, 0.46288646351207385, 0.3796720831344525, 0.2647242957803731, 0.5737138224345466, 0.6001066267490387, 0.45547099485993386, 0.17267828506301158, 0.8500152812762694, 0.3074323477637437, 0.46872744005587363, 0.3224854538838069, 0.6140907783475187, 0.33462772564962506, 0.677070177346468, 0.41555934896071756, 0.25319037965188423, 0.6970688844099641, 0.6212111567812306, 0.6195262847468257, 0.5192886731690831, 0.3874571955141922, 0.4855308260768652, 0.4390973904436188, 0.5974367546538512, 0.4489960609511896, 0.5131217787663142, 0.38549735038368793, 0.5024652431408564, 0.4535920637704077, 0.39164828488396275, 0.5134010997911295, 0.3745222677787145, 0.3772039922575156, 0.3347699711661017, 0.2736140008394917, 0.33252918619721655, 0.4017312728932926, 0.3113100180801536, 0.3771064686810687, 0.39927324569887584, 0.4064346658686797, 0.30407145768145305, 0.37238676307929885, 0.30286653584076295, 0.44192852162652546, 0.4746845259585164, 0.35536429596443975, 0.4351168281652711, 0.44529328842957816]
2025-11-14 13:39:35 - ffalora - INFO - loss data:
2025-11-14 13:39:35 - ffalora - INFO - [0.4823270245263028, 0.12615996234429377, 0.2142399264085624, 0.47880497238495284, 0.8858070279713031, 0.6190615754042352, 0.4751599356532097, 0.7995824630061785, 0.8120675314631727, 0.4837336992578847, 0.13026272630587402, 0.7730573068062465, 0.35530021772646003, 0.3063097638422968, 0.4983997642993927, 0.44725557981679837, 0.5282267928123474, 0.38601590253205764, 0.4266007418433825, 0.19029927651718026, 0.4002997484562695, 0.21536428087711101, 0.18124872878009532, 0.5673276848263211, 0.22575654769575015, 0.6115351861808449, 0.3659897216078308, 0.4907891579445392, 0.45689457654953003, 0.3405604643658513, 0.44902320951223373, 0.3596470744038622, 0.8463185582077131, 0.39179536374285817, 0.6657902325193088, 0.27831516858367694, 0.4056632292057787, 0.3288754019886255, 0.07275484145308533, 1.228017371147871, 0.4757986466089884, 0.2717799887682001, 0.33837855495512487, 0.4118275980154673, 0.2073223133920692, 0.4122803932846044, 0.41159863982881817, 0.297971019676576, 0.40543875838448473, 0.44733744321597946, 0.4218521788716316, 0.4345280196931627, 0.16627012501606564, 0.38714436764518423, 0.17861042909983857, 0.33874970375604574, 0.2634015485112156, 0.37553842472178595, 0.33781879891951877, 0.14644018607214093, 0.4567928967207219, 0.19472953413302702, 0.4702721220074278, 0.2224832905463479, 0.5327110146482785, 0.5747070454415821, 0.3551942358414332, 0.38677536347856767, 0.37489273616423213, 0.3946671496766309, 0.633287325501442, 0.2662730331600566, 0.9307949464945566, 0.3296814039349556, 0.37247183528684435, 0.265561815209332, 1.053454203531146, 0.32027191356238394, 0.1643663341839177, 0.42444372922182083, 0.26658982286850613, 0.3354386162245646, 1.2120460680259082, 0.8237562507745765, 0.1504855320090428, 0.4680597210923831, 0.2225992255400689, 0.76786250940391, 0.22178074046969415, 0.471294627400736, 0.46143833827227354, 0.4784397497595776, 0.4816504027694464, 0.2842009752279236, 0.40836766858895623, 0.2783304809620886, 0.3043245015931981, 0.36565902177244425, 0.2581502097281849, 0.4529352355748415, 0.12709907656535507, 0.32523705561955774, 0.15674978457391261, 0.9095244835372325, 0.38166186213493347, 0.31951771676540375, 0.24009672389365733, 0.1626964086977144, 0.13976375106722116, 0.45196332409977913, 0.3957329659550278, 0.39060812747036966, 0.21991590262041427, 0.9192342281341552, 0.14424743445124477, 0.33425469209302083, 0.29995397470063634, 0.11000228642175594, 0.06900055603020722, 0.6627279416813204, 0.6426996873465902, 0.09305007740234336, 0.7463344289497895, 0.38095215356184375, 0.3250277365247408, 0.2742098200445374, 0.5657411700231023, 1.0932788141071796, 0.07800133029619852, 0.5753154004850085, 0.14749974942403948, 0.5417051222865228, 0.36142474061085117, 0.2594152642413974, 1.1007302924990654, 0.6358678632161834, 0.34212021922899616, 0.088729695805038, 0.7905436418950558, 0.15518407101432483, 0.11117663022337688, 0.3161536247851992, 0.35632228706445956, 0.33042474929243326, 0.4037900289727582, 0.40546837862994933, 0.37532901217540104, 0.459314777067414, 0.3087188668756021, 0.5439311369425721, 0.32840999843621693, 0.49719624198747403, 0.3425248349706332, 0.2835978796938434, 0.5574643515639935, 0.41428297385573387, 0.4418655974169572, 0.2186541512608528, 0.8498099439523437, 0.2914916083216667, 0.4859258085489273, 0.2605087720323354, 0.5473380443891362, 0.363563149003312, 0.672773323704799, 0.3646714412385509, 0.24729796672084678, 0.4160445815573136, 0.6314156768577439, 0.546580394419531, 0.5234270712370594, 0.34789994545280933, 0.5404053111871083, 0.37868143232273205, 0.622306807173623, 0.39285321228883485, 0.44071330640602996, 0.45386287783858953, 0.3808477545777956, 0.38432424941233223, 0.3761327167352041, 0.41850765918691957, 0.40229498681922754, 0.3767537707462907, 0.3406186602004464, 0.2659665768345197, 0.33818428922030663, 0.42235335157740683, 0.4434834097711635, 0.33151820718887304, 0.42412236181122287, 0.4156040860960881, 0.4316528807911608, 0.3234241447514958, 0.29939123342434565, 0.3630489146819821, 0.49753342365676706, 0.3585380201952325, 0.4978225644339215, 0.4642277089258035]
2025-11-14 23:18:50 - ffalora - INFO - loss data:
2025-11-14 23:18:50 - ffalora - INFO - [0.4603594073264431, 0.13998618644351762, 0.21588224364030692, 0.468999751817642, 0.8690928353203667, 0.586335016148431, 0.4873305091803724, 0.8711501263082028, 0.7924360471467178, 0.5086011875952994, 0.13640275533624743, 0.6617286205291748, 0.3627889331297151, 0.32762423906199356, 0.4708665683865547, 0.42015738432916505, 0.5750107578933239, 0.35274399377198684, 0.44541656584651385, 0.27561291575572494, 0.37577735658089206, 0.21002363637720314, 0.14817471050506964, 0.6802014278040992, 0.2443188743096673, 0.6689459084688375, 0.36973099613355265, 0.4969748902533735, 0.43407710428748814, 0.36202521001299226, 0.3649742305278778, 0.3428644804516807, 0.6378058651462197, 0.3533798005664721, 0.6053748226000203, 0.2823906533553132, 0.43228747191883266, 0.36869099487861, 0.07138062077380405, 1.2073316872119904, 0.422197832553475, 0.3098912712186575, 0.27295326689879096, 0.37468521694342294, 0.23093700473795511, 0.4041702558371154, 0.3664579934307507, 0.2887332738221934, 0.3743927386383732, 0.43625856935977936, 0.4344045425809565, 0.3831045857320229, 0.16835588026879122, 0.38384463265538216, 0.39718596182453136, 0.3506422443581479, 0.2458460838533938, 0.325877135353429, 0.32569271155322593, 0.0886863103757302, 0.5006143485224157, 0.17874661025901634, 0.43787953356337367, 0.1823752997849872, 0.5380858967701594, 0.5552356448911485, 0.3060530908405781, 0.3666186359311853, 0.38818795389185345, 0.32333875354379416, 0.47674183174967766, 0.19703596714680316, 0.8086004147217387, 0.37749922244499123, 0.3894777329904692, 0.28859754250872705, 0.9972772262990475, 0.33377948353687925, 0.1559020656781892, 0.5556811429560184, 0.26596743501722814, 0.36581738549284637, 1.0627172921667807, 0.8691125746284212, 0.15391070943248147, 0.39075822134812677, 0.2290195630685914, 0.8954930497067315, 0.19849528515090545, 0.6322279189402858, 0.4414950118710597, 0.4966964136631716, 0.5160397291183472, 0.2787507145909504, 0.3146152769525846, 0.23381839595932624, 0.3343644563906959, 0.38026563489499193, 0.26694849635740475, 0.4635614611208439, 0.14152965415269136, 0.2227540723979473, 0.16207984065016112, 0.9407458164625697, 0.4029722586274147, 0.33246084302663803, 0.319071871202646, 0.1619277059022958, 0.07564659835770726, 0.4387289739790417, 0.4058623034093115, 0.4292543516666801, 0.19193341337571232, 0.812107243264715, 0.0758760052267462, 0.33741745401898193, 0.29967638548049663, 0.09796413422251742, 0.07951207997070418, 0.6938188398877779, 0.5600243295966224, 0.08318811701610684, 0.7988060374490239, 0.36098914913306335, 0.30476535147883826, 0.24411705633004505, 0.6210873746895231, 1.086181165650487, 0.11025207101677856, 0.5687606015375682, 0.14894244476454332, 0.5024736509140995, 0.36340069220297866, 0.26575002272923787, 1.2398915700614452, 0.6120652332901955, 0.302922030703889, 0.08000543333279589, 0.7075527403503656, 0.15925189045568308, 0.10872742541444799, 0.3147704670582676, 0.33605009193221724, 0.3036111928522587, 0.46043718771802056, 0.43095305161895575, 0.39823937428494294, 0.43926190998819137, 0.31511998052398366, 0.46261625529991257, 0.3110382423046287, 0.4231159085351409, 0.3965566040327152, 0.23855857539456338, 0.5166053366188825, 0.41370659321546555, 0.3825852304697037, 0.16155474234061937, 0.7596259130672975, 0.2992566366162565, 0.48248848399078403, 0.288271121121943, 0.5777950430555003, 0.26690267298060155, 0.6966069430112839, 0.37981824523636276, 0.35885987548778453, 0.460378924322625, 0.6462871900626591, 0.5992237326378623, 0.5115415941943567, 0.31204555556178093, 0.39687675635019937, 0.4240938281873241, 0.6410419166915946, 0.37495539766369446, 0.4761780671499394, 0.4363880795599134, 0.3521366616090139, 0.3923572255741982, 0.4411979474955135, 0.41912757191393113, 0.3922981254756451, 0.3667392197168535, 0.33988347531311097, 0.24750535003840923, 0.3465126621876917, 0.3721817831198374, 0.28545155356238994, 0.3441117641530813, 0.36034094059356936, 0.396173591290911, 0.348687540118893, 0.31878281633059186, 0.31531653474602434, 0.3460650766889254, 0.46626994758844376, 0.3678620432813962, 0.49272897196086973, 0.4757580431799094]
2025-11-22 10:28:21 - ffalora - INFO - loss data:
2025-11-22 10:28:21 - ffalora - INFO - [0.6871065317874863, 0.4939043579623103, 0.7434519010906419, 0.8213290319900908, 1.5625403642654419, 0.2847861868562177, 1.0878692665067826, 1.7851349141980921, 0.7039565271706808, 0.2549438397982158, 1.1414458150310176, 0.46940951670209563, 0.46328265468279517, 0.6683806779283958, 1.7621787968490805, 0.17636694568209352, 0.7096711982573781, 0.25798668366713595, 0.41084371449192986, 0.42464540533136386, 1.8540297448635101, 0.15650741213984373, 0.8633910749703217, 0.5494453326956807, 0.3286471592619394, 0.3719127857392388, 0.379342611382405, 0.2929482887581172, 0.3954317304043672, 0.3683212166900436, 0.16797774179951486, 0.9805353060364723, 0.09844902031201248, 1.4250966315822942, 0.3510418711230159, 0.26309047839317756, 0.39765367661363993, 0.2612751233391464, 0.36270883020811845, 0.40768153220415115, 0.4466741971671581, 0.175462595513986, 0.9709232656906048, 0.31657305525977425, 0.5840301721294721, 0.38280786524216337, 0.30153184588998555, 0.4699156022231494, 0.2757324733460943, 0.33025778130322847, 0.43813658727421645, 0.3401382611887086, 0.23702135436575522, 0.5273407274591071, 0.488753829151392, 0.39526143126810587, 0.25215280301248033, 0.254205237266918, 0.2058385031608244, 0.3791449305557069, 0.24014056103844314, 0.6193044870973579, 0.6984339639367092, 0.40817759808685095, 0.3704679529182613, 0.34479059186364924, 0.2647381277754903, 0.14836608571127802, 0.32249983847857666, 0.1836558817885816, 0.36908014060929417, 0.21606580222335953, 0.6265192935908479, 0.271809755709882, 0.5883322956506163, 0.34500973764806986, 0.4362762843072414, 0.24446202774665185, 0.28314566583269174, 0.3434188781394845, 0.22224426057627647, 0.45867722732946276, 0.5303710348904133, 0.41422003181651235, 0.3584878582817813, 0.5022647085466555, 0.3598009390135606, 0.16163671853465555, 0.7150308428598302, 0.18853654321999502, 0.2045058539447685, 0.22576970554054862, 0.596791988114516, 0.25372405694797634, 0.3179647228990992, 0.23464061069901435, 0.28099220455624163, 0.23348854728974403, 0.4416211323668471, 0.14771765160063902, 0.2003142926065872, 0.5109176861144424, 0.29337554844717184, 0.38461045335446087, 0.05259912309055734, 1.5247417668967198, 0.2833377807888956, 0.5866618963579338, 0.09987423182286036, 1.7524677976965903, 0.364958707043635, 0.24353540260702944, 0.40558720998732106, 0.3727628182712942, 0.33369474034224234, 0.27472379203471875, 0.3710468279973914, 0.3416930898092687, 0.24497581383523842, 0.32839986043050884, 0.22376192286921046, 0.4289915607798667, 0.25353101746489604, 0.5998182291320215, 0.5209632255136967, 0.25583812108621573, 0.7826074548065662, 0.27204884890715963, 0.2235702732940773, 0.8370484017900058, 0.35340083949267864, 0.26085586319603615, 0.4160109978346598, 0.1973387689360728, 0.9682882901813303, 0.3129959142065377, 0.1969891527357201, 0.7809348336997486, 0.17386074527238424, 0.9270356317006406, 0.6339570422257695, 0.2050089431926608, 0.5434989807095665, 0.24534896657403027, 0.28431321745738386, 0.17646436710030033, 0.32995093138888476, 0.13463111118147414, 1.6813545179154192, 0.4715253143305225, 0.528358974627086, 0.2840047835869094, 0.4512267065722318, 0.33817900586873295, 0.3905296325683594, 0.3842183857535323, 0.16473685381839975, 0.918765493023854, 0.34580053122980253, 0.2908571365204724, 0.39820735226385295, 0.3181222163648768, 0.3444426817198594, 0.33231154394646484, 0.5329519727577766, 0.3572665471685948, 0.5540978174124446, 0.39820883236825466, 0.2341602036657815, 0.8053131693830857, 0.38393648418642223, 0.3857737706885451, 0.4105049930512905, 0.37610809764691766, 0.35240444471128285, 0.3355334749267924, 0.25640855222940445, 0.5049776670283506, 0.38168487711547516, 0.12081005830222216, 0.7883050320829663, 1.3548335175101573, 0.7055783809807438, 0.9185778719186783, 0.16906020540744066, 0.5868746659201052, 0.42319291363159817, 0.5142941990246375, 0.6301720959267446, 0.6000590377952904, 0.17444497471054393, 0.5481340158014343, 0.3724763301304645, 0.3798478742201741, 0.1073638819759855, 0.2244444681952397, 0.27431554105132816, 0.5880225654868853, 0.15201298122040252, 0.13091086471039387]
2025-11-22 12:47:17 - ffalora - INFO - loss data:
2025-11-22 12:47:17 - ffalora - INFO - [0.48345745975772536, 0.8821293680053768, 0.7067933394150301, 0.4460856064947115, 0.5085979263401694, 0.4395818218613178, 0.42249733882231844, 0.43752882736069815, 0.49094254443648155, 0.5829482753902222, 0.4900056273769349, 0.3717876222577285, 0.6727204492146319, 0.2915586734138843, 0.5097537718149794, 0.27499018498906913, 0.7293128886570532, 0.13971822341166745, 0.4447072188599386, 0.4274576915235355, 0.4568240770841028, 0.13907341998225697, 0.738823022380346, 0.2652626833257576, 0.23474942600120596, 0.5563097893224134, 0.39226505899884434, 0.1114079547049995, 0.7197477663255701, 0.37378875290354097, 0.39853605364138883, 0.4305240986733765, 0.4893314987421036, 0.14540015892837094, 1.5133795375625292, 0.37479166344403186, 2.746704578399658, 0.8470861582706372, 0.4414750498465516, 0.46193171391884486, 0.2428380687041984, 0.4063765848676364, 0.32610744217203724, 0.3973050084868164, 0.4803743580622333, 0.21891027636793925, 0.35764700147814843, 0.42225907958936004, 0.36834516065816086, 0.3051784180725614, 0.21016186996259623, 0.0651144272285617, 0.918486931494304, 0.41765598361454315, 0.4067731359751806, 0.32113310656258987, 0.35133716743574406, 0.658478818833828, 0.39969904273748397, 0.22331816509152608, 0.25583484763693476, 0.32392691421426006, 0.4694093233491812, 0.3895350323757157, 0.3993915248041352, 0.24328462731992379, 0.24606790334089762, 0.22837781409993219, 0.49579124475518865, 0.3569861583681642, 0.39511746565500894, 0.23409090177637748, 0.5255127655608314, 0.2385148677147097, 0.399663343138638, 0.2615305113916596, 0.06419192048229484, 0.3337370853043265, 0.3432019418861736, 0.230083174032519, 0.6944343508644537, 0.2506613165605813, 0.27364906068383293, 0.28338822443038225, 0.262137856225088, 0.36927743009513336, 0.49734171790381276, 0.40196528372665247, 0.21819058524949167, 0.8076369343325496, 0.3153994089714589, 0.4049014709298573, 0.4114381027008806, 0.42628667982561247, 0.3626480950246971, 0.2112839642446488, 0.2381928803552176, 0.2593590770178517, 0.25418114506949985, 0.340607301188493, 0.4135356749696978, 0.4147057501599193, 0.1620347000619707, 0.5907075400153796, 0.38780556178905745, 0.3773111514747143, 0.2852936598782738, 0.381918986711432, 0.3202449411153793, 0.4610412488691509, 0.19573173841855834, 0.35459127409656055, 0.2699353390041439, 0.3801170962990499, 0.3254787804558873, 0.309265616375746, 0.4884779494787965, 0.3956741116427142, 0.5175642115729195, 0.3813539535975924, 0.312302074930363, 0.43724679036272895, 0.3601226349712174, 0.41063305235562475, 0.3826949530956792, 0.3178927621493737, 0.33940554621318975, 0.3404588619696683, 0.42025213156427654, 0.596927387373788, 0.3514146091239083, 0.12853080419461346, 0.47367580724536734, 1.0022043293667218, 0.24168779130102885, 0.28144263759912813, 0.6494113832712174, 0.27793322536163034, 0.9918466272453468, 0.3716330933606341, 0.45368596663077676, 0.2673832355067134, 0.5810463169796599, 0.335627698029081, 0.28423492765674985, 0.28909776094755313, 0.21871149723107616, 0.522458236414094, 0.3182500449142286, 0.23306500157784849, 0.661570905721274, 0.29717245166529976, 0.4624866307287224, 0.3572299571124592, 0.38475639171277487, 0.3695452742568858, 0.3753850580503543, 0.3554248998459015, 1.1844083216455248, 0.39275076003188547, 0.36682516731735737, 0.5305415426691373, 0.40720812645223403, 0.36907388386773127, 0.38811723249299185, 0.3661208704592072, 0.3919653108653923, 0.35286578690183573, 0.36618841594705975, 0.3745689611589792, 0.3458524350490835, 0.32711934431322987, 0.40988597557174433, 0.36819636209143536, 0.40133366708954177, 0.43536925848041264, 0.3900850271185239, 0.37419964398803385, 0.2128251747952567, 0.4737312398436997, 0.39630281821721125, 0.3916005637082789, 0.36804015856535954, 0.2841349852581819, 0.5041008189320564, 0.3407691241375037, 0.28580570721934584, 0.46387501414865256, 0.31254514331618943, 0.33913259415162933, 0.48086759479095537, 0.445189899733461, 0.373470533432232, 0.3711584657430649, 0.4007765334986505, 0.38789573429329766, 0.39546303434504404, 0.4359425457815329, 0.39224532449787314, 0.4311768151819706]
2025-11-22 15:07:51 - ffalora - INFO - loss data:
2025-11-22 15:07:51 - ffalora - INFO - [0.43357946053147317, 0.5434760604053736, 0.3669504412760337, 1.1066796036902815, 0.639366852119565, 0.6554998530894101, 0.38244300906856854, 0.49625813405887753, 0.4645058484127124, 0.45820539518061915, 0.18086374318227172, 1.0874468982219696, 0.3829268752738382, 0.40246178395642995, 0.2988116612735515, 0.21078004185110333, 0.6472234092652798, 0.13160523511469363, 0.5587315793459614, 0.5174780882540203, 0.38001694573710365, 0.5588614861170451, 0.23621678135047355, 0.492423261489187, 0.4847618563928538, 0.15000927132469688, 0.9805035316385329, 0.544375243649951, 0.3730594398143391, 0.2998518099669706, 0.2752015663427301, 0.5321901482012537, 0.39501111271480716, 0.2022512064456488, 0.15788429146729566, 0.40487080247690665, 0.30980545819426575, 0.34448536429912424, 0.633467453578487, 0.43216578467913414, 0.39679619055241344, 0.16284753237123367, 0.5690077142169078, 0.2970117919147015, 0.4369030596205482, 0.19349408822811465, 0.8300096315642198, 0.36216296725200886, 0.3305134429152878, 0.2518312862904912, 0.4980761007716258, 0.60694763623178, 0.34380261798699696, 0.2715115854206185, 0.43932757154107094, 0.40863733766052657, 0.4484479516035035, 0.5039643369471798, 0.24081011876357178, 0.5840890874656347, 0.2788679773608843, 0.2672960200121231, 0.2005379507318139, 0.22633839452259796, 0.36169712617993355, 0.44805221829344244, 0.36029167784487504, 0.381544956471771, 0.27115008110801375, 0.3798597678515272, 0.4906060213688761, 0.14411944967775922, 2.279356211423874, 0.3814079772728758, 0.18564404589415062, 0.29696092604038615, 0.5194116446244366, 0.3045670927191774, 0.34298676686982316, 0.36113119403849925, 0.43221527710556984, 0.12414230866019021, 0.45412196599451515, 0.3184238018718763, 0.1709150184780204, 0.4579719340739151, 0.39641754600840307, 0.308609542433762, 0.36369735124920094, 0.5907289884984493, 0.31680902042204423, 0.20386289594074092, 0.6031720885897384, 0.35843853739400705, 0.2837413453661344, 0.3395605180412531, 0.6947402138972566, 0.30291208426157634, 0.2860253548215109, 0.38065523317404304, 0.2571294347110849, 0.26863516767819723, 0.30886308243498206, 0.4414959354326129, 0.3238643132807577, 0.20942828198894858, 0.5163141278406749, 0.5549994719525179, 0.5331068916157597, 0.36116775772756055, 0.35850940365344286, 0.39026516759768126, 0.4759405930060893, 0.5037188776768744, 0.22574458747791748, 0.40347516700802816, 0.2983558423912678, 0.44821006004862923, 0.1813929873033582, 0.33772511721550613, 0.26752939767514666, 0.329029729307601, 0.30406734292981175, 0.39636827526347973, 0.2519408313726837, 0.37338748837786695, 0.23677113285909096, 0.5090061482042074, 0.311264470530053, 0.30154076498001814, 0.4742475449220165, 0.2545792214601534, 1.0295957457717686, 0.2915368823645016, 0.4710065665699187, 0.3872813774893681, 0.2625903398165423, 0.2406405539989161, 0.15241055852648888, 0.12449592341883825, 1.0799261348632476, 0.16270387545228004, 0.4406420402228832, 0.2969715351316457, 0.22691338628668478, 0.4763099164701998, 0.29622056801044555, 0.3411090208742863, 0.5079626561807734, 0.21580402503410975, 0.4779174148433787, 0.4046081554144621, 0.6025795369816478, 0.8261035258726528, 0.6154874593896025, 0.23896960435100856, 0.2938448900046448, 0.34653326465437806, 0.6266247843702635, 0.41704462468624115, 0.39830596577376126, 0.4543630292018255, 0.4337609748001255, 0.34588251685447713, 0.38615260273218155, 0.34876823837996695, 0.21263175029307604, 1.0447912136358875, 0.509515777025737, 0.42658344395458697, 0.3888901861694952, 0.2502091626326243, 0.569422510266304, 0.5320255667459042, 0.5904755797237158, 0.40203665063849514, 0.4490842599687832, 0.39446215230833603, 0.356124266050756, 0.6447192036345892, 0.3790713324848398, 0.41469647903360574, 0.34872770830988886, 0.3348395278677344, 0.5304867558802168, 0.5062310896326034, 0.2948893957278308, 0.4438277640535186, 1.2487032413482666, 0.4642202741323182, 0.8759550586342811, 0.906562719390624, 0.6427390288029398, 0.5387727857866724, 0.5629760418619428, 0.508038106902192, 0.44608021266758446, 0.6326869155413338, 0.3686335061543754, 0.4776051697554067]
2025-11-25 22:31:25 - ffalora - INFO - loss data:
2025-11-25 22:31:25 - ffalora - INFO - [0.6854108931053253, 0.5173059274752935, 0.7306402120739222, 0.8198538924347505, 1.505058678984642, 0.2823185358685441, 1.2423581657223015, 2.0156821326485703, 0.7641895676510675, 0.25828184928589815, 1.2208348251879215, 0.4795277820279201, 0.48537878443797433, 0.6901285717389188, 2.420257439446591, 0.19998381311694782, 0.8314987452966827, 0.3577004340809903, 0.4241344457468949, 0.7573668796043748, 1.35135153029114, 0.2034483563620597, 0.7672826737091074, 0.5176274357900883, 0.4260193109574417, 0.4788352382103247, 0.44309812573095164, 0.3944876716407534, 0.4659274932545372, 0.45342218841115633, 0.20126664034570707, 1.1782487072050571, 0.10527318569676329, 1.7609672046133449, 0.6607523730822972, 0.3488696018864329, 0.6263651698015822, 0.32884212397038937, 0.5546094458792117, 0.4783959835767746, 0.6747284181416034, 0.26991101585997224, 1.6270104917387167, 0.4060310400824571, 0.898533186117808, 0.46315465482572715, 0.36111780504385627, 0.6273797683949982, 0.3568481100102266, 0.4583125694291564, 0.5476191921957901, 0.4062935608660891, 0.2638422556814145, 0.6683123590690749, 0.6739038936793804, 0.48422783638040223, 0.30565889924764633, 0.30566220165540775, 0.2885319981724024, 0.4983382813277699, 0.3050070883028615, 0.8261816586175608, 0.6633020522339004, 0.5208614729699634, 0.5051172291859984, 0.4005274076972689, 0.3349007896147668, 0.18335296724185385, 0.3965983651220225, 0.294885809533298, 0.416619738265872, 0.26963829854503274, 0.7429994890865471, 0.31753211547262394, 0.8009609491564333, 0.5005328771658242, 0.5517452044572149, 0.28205808311362157, 0.41216301365445057, 0.417302421285283, 0.28730770561193664, 0.5790000196546317, 0.6853961922228337, 0.5746502412483097, 0.5135782659053802, 0.5337477101101762, 0.42704731896519665, 0.255059415637217, 0.9553802742489746, 0.25862074878762714, 0.24053622751186293, 0.29333945468533784, 0.7027306566635767, 0.34291288666427133, 0.4104317662882663, 0.2863005883698645, 0.2989791827276349, 0.28667479534633455, 0.6308896987521577, 0.18276215251535177, 0.1659627672440062, 0.6035289881041362, 0.3792787928879261, 0.44839000755122727, 0.09509123326279223, 1.4039151769441862, 0.35539551354235127, 0.7085464224219322, 0.1150157677822818, 2.1987942799925806, 0.49075803559805664, 0.306624325593565, 0.5371370107361249, 0.4393593222647906, 0.4104658732882568, 0.34800847412811386, 0.44825885485236844, 0.3784673446789384, 0.30336499310409026, 0.4236350936442614, 0.2843554611131549, 0.47441022461723714, 0.31608699404944973, 0.8043918608066937, 0.6592184118926525, 0.34989502468218026, 0.8949890974909067, 0.36852564829173107, 0.24074236022961604, 1.0527775415352414, 0.4840802811086178, 0.3711953534197713, 0.49350396224430626, 0.24059787357226015, 0.9467513156788689, 0.4065270821616312, 0.28969324093598586, 0.8266935799093473, 0.24811142432288483, 0.8900329658318133, 0.7821176411317927, 0.23823130434999862, 0.7645638599074804, 0.3258355257589193, 0.39673283391942576, 0.24163942113757514, 0.36756586253643037, 0.15073919127828309, 1.7831823525152037, 0.7091899859452886, 0.7324297020123118, 0.3612818160901467, 0.5110917758373987, 0.42369941230863334, 0.3936820738017559, 0.4445957218607267, 0.20988972311971163, 1.1139404158752697, 0.43955183854060514, 0.4045647475529801, 0.5057367131424446, 0.4000046499807275, 0.44241167294482386, 0.39901278602580226, 0.6611792628963788, 0.41338159399782565, 0.6441141686269215, 0.4663686826825142, 0.2958930730819702, 0.9307809732854366, 0.5037192757356734, 0.4617589187054407, 0.47851171592871344, 0.4570310089417866, 0.46115149897881424, 0.412849635462321, 0.3301892213275035, 0.5636063233656542, 0.4370642505037836, 0.17150940287571687, 0.7940347328462771, 1.2501819173877056, 0.7663387583138851, 1.0927685153484346, 0.20534408135339616, 0.6697707647664679, 0.511207424344288, 0.6090508872022231, 0.7201115732036886, 0.7235060608945787, 0.209836233407259, 0.6447446921553749, 0.39998524201412994, 0.4016892505952945, 0.1352727901047239, 0.2698235974336664, 0.3252424223503719, 0.6439475433457466, 0.18101039353870985, 0.1612591762509611]
2025-11-26 00:09:39 - ffalora - INFO - loss data:
2025-11-26 00:09:39 - ffalora - INFO - [0.4959514523959822, 0.8565091348055638, 0.7084669294682415, 0.4629159460051192, 0.5156224903961023, 0.4547778686350272, 0.44034785497933626, 0.4779012139354433, 0.5183892974342363, 0.6311918495392257, 0.5676017810049874, 0.4366968462469451, 0.7880413747872367, 0.36574465779380666, 0.6513441561901269, 0.36890621874410073, 0.8373555106421311, 0.25075512998996097, 0.5331195663498796, 0.5438225287118275, 0.6096256699632197, 0.21991656836536197, 0.8500923644594786, 0.39556747538348036, 0.2866511273468903, 0.7427529082573079, 0.4979320697743317, 0.1850016513425443, 0.8011468884469283, 0.5417698634167512, 0.5548423305153847, 0.5289801512237476, 0.5918766930699348, 0.23192472899487865, 1.2323383872707685, 0.3894302870741942, 2.937732458114624, 1.3581738028054435, 0.5504040271043777, 0.5274425933758418, 0.29160638137513567, 0.5022559547175963, 0.4640786374608675, 0.4819027066456549, 0.602361299097538, 0.2903536616849546, 0.4667286744289514, 0.5148366307974725, 0.4845830503230294, 0.36200466342270377, 0.35026579710344474, 0.08813982855321632, 1.4047118180564473, 0.5278321456696307, 0.507174254350719, 0.4190639757388641, 0.41620573241236636, 0.8687197764714558, 0.5138012036681175, 0.27906139539166663, 0.3180768672933078, 0.561533491851555, 0.767777047223515, 0.43360647223889826, 0.5327415070718243, 0.33558549698570683, 0.3125560068126236, 0.29953678600715317, 0.6782840879427062, 0.4472102386579997, 0.520135460793972, 0.3482576828578423, 0.6193954657231058, 0.3019985454156995, 0.5072947328111955, 0.36711986114581424, 0.09608042716152138, 0.43419874837725525, 0.4328012746970748, 0.3033506649162978, 0.7883597405312898, 0.3320042017758602, 0.3131220121613958, 0.33007090042034787, 0.32675778795494653, 0.4408414160211881, 0.612242054194212, 0.4664074352631966, 0.2758390795646442, 1.054135996227463, 0.4509106529471667, 0.48661754091107656, 0.5119631120136806, 0.48987945967486923, 0.4850904235388605, 0.27415760539265144, 0.30698491858795357, 0.39006702010245886, 0.3318099352841576, 0.4290704310470419, 0.539677496485669, 0.5205130947132905, 0.2587750288916545, 0.6431837618350983, 0.47762936106943465, 0.44939104254756657, 0.35795219925542676, 0.4992771204091421, 0.37721151635050776, 0.542359859123826, 0.2671697705197309, 0.428832445814543, 0.41322166592567816, 0.49161351276744225, 0.43741890490055085, 0.3733959662624531, 0.5453487653817449, 0.5007420197643082, 0.59443677429642, 0.4940482859128441, 0.41590335333569983, 0.5149559308257368, 0.4227016148413869, 0.536731280625504, 0.48187356690565747, 0.41352696393926935, 0.41861296898374956, 0.4244523116997604, 0.5573100786833536, 0.6263564101287297, 0.457127095111424, 0.16703728064894677, 0.5940903347970993, 1.2929808163926715, 0.3123455564978417, 0.3638969673008165, 0.8775152206420899, 0.32711860310907165, 1.1964398194104433, 0.5057619654706547, 0.6004841473574439, 0.324705416833361, 0.7248269071181616, 0.502265222536193, 0.42675320375710724, 0.40003043909122915, 0.3053052398479647, 0.6539031542649789, 0.4470317684113979, 0.30857545310365303, 0.7285571734686405, 0.3848927630082009, 0.5947491727724694, 0.5375461619761255, 0.44836122903859976, 0.456108163993854, 0.4753730937838554, 0.48511831814216244, 1.385104289982054, 0.5545943947080737, 0.3899647521889872, 0.6422545418143273, 0.5742686564723651, 0.4788904193715722, 0.4522498498199048, 0.45211137492548337, 0.5214603784390621, 0.45526382949031974, 0.4662300484875838, 0.4719986959415323, 0.448508828107653, 0.40292096980625675, 0.48907652641787674, 0.46612707699338596, 0.4697491479416688, 0.5044713009681021, 0.4881885305047035, 0.4885301815196016, 0.3139650377134482, 0.5253047558168571, 0.507835832114021, 0.47255270307262737, 0.4729573551094395, 0.37718985395299065, 0.5463630586862565, 0.4284318223595619, 0.39957542883025277, 0.5555981377139687, 0.38289452724986606, 0.4425322508646382, 0.5749554843124416, 0.5555542514519991, 0.46847024332318044, 0.4702648056877984, 0.492326903910864, 0.49806564185945756, 0.49668876661194694, 0.5064658607045809, 0.4942206924224829, 0.5029917674760024]
2025-11-26 01:44:08 - ffalora - INFO - loss data:
2025-11-26 01:44:08 - ffalora - INFO - [0.4264000728726387, 0.5340822724004587, 0.3591693609952927, 0.9224506374448538, 0.6154798173035185, 0.6686749599394011, 0.39233468448122344, 0.5072600700910769, 0.4943562962114811, 0.5757889374526162, 0.4204120127484202, 0.8708981864509129, 0.4764893080361865, 0.47278758676246907, 0.36502615905677277, 0.30231913837293783, 1.0339775315739892, 0.1607464661821723, 1.0597680901487667, 0.6787617872868266, 0.49458253967265287, 0.8595863627890745, 0.37369191174705824, 0.8630731865763664, 0.5877707684757533, 0.19707838553850623, 1.341034530972441, 0.8678063369223049, 0.45576701673368614, 0.49631555522368714, 0.45022569516939775, 0.6399427754459558, 0.5718601069723566, 0.26448785724174795, 0.23054760604475935, 0.45199356739146584, 0.3913650197908282, 0.5408667358016217, 0.6493531441548839, 0.5841199265354696, 0.5181843483199675, 0.22864193078130485, 0.6318648527686794, 0.389682125300169, 0.6222643632165812, 0.3518068051727658, 1.3052759883304437, 0.39596787869478717, 0.4458192302357583, 0.3782762407014767, 0.5590553467472394, 0.7983387164771557, 0.537302186091741, 0.33597719700386125, 0.5275093941362919, 0.7110379474127995, 0.5539474735657375, 0.3165076066775677, 0.3265245028650194, 0.8666081700999386, 0.3612668166557948, 0.33976185193398234, 0.28483746349811556, 0.2552541058303581, 0.49245975663264596, 0.49690770094885545, 0.457323784512632, 0.4428207927073042, 0.2693961077990631, 0.6308124543315409, 0.7077800845727324, 0.1988167734356979, 2.2768347561359406, 0.5559685492935853, 0.24778350853108955, 0.5440976510522887, 0.5376943515339756, 0.36717116764436164, 0.42972124336908263, 0.45092883143647045, 0.5339387024442355, 0.20175361949950457, 0.7615222679451108, 0.4453318678559019, 0.2691800330455104, 0.6471865374284486, 0.5043347096070647, 0.34119156415665186, 0.43807362005824135, 0.78909305119887, 0.3864972581732131, 0.2722175386423866, 0.8413443365517785, 0.49665313251316545, 0.3575971691047444, 0.405296195546786, 0.9493129934583391, 0.36856193939844767, 0.3305681212011863, 0.44985651845936225, 0.30782556755898094, 0.3093949875794351, 0.3859725818037987, 0.6940225400030613, 0.42981226095820174, 0.27230148237819474, 0.831248899023016, 0.4301303332904354, 0.6764114390881288, 0.4496913381098282, 0.4304746727769574, 0.4297759952489287, 0.5865250763483345, 0.6971008303974355, 0.40209304442008337, 0.5104430422985128, 0.3657544761036451, 0.5361917622241319, 0.2262644100546216, 0.6042817233705696, 0.37561311749741433, 0.41479608337536, 0.3681924699877317, 0.5214703551360539, 0.3354351402006366, 0.4699263531576704, 0.3071003875384728, 0.7916526021435857, 0.38062615754703677, 0.40026040212251246, 0.6312986085048089, 0.313347574758033, 0.9801940676268367, 0.39258999594797694, 0.5889248560581888, 0.47748948745429515, 0.3194581379436634, 0.3135458667219306, 0.19844295873560688, 0.1510279308144863, 1.4718973829100528, 0.13217766964808106, 0.6536292309562365, 0.30494155222550035, 0.27058308157310995, 0.6122355252238256, 0.3544195206283971, 0.43323491069559866, 0.6940051225324472, 0.3052556263282895, 0.8842157614143455, 0.5302750953550761, 0.5315186163100104, 0.7148750776425004, 0.6688016030718298, 0.3276742746146062, 0.3874567599656681, 0.44464744456733263, 0.7750026896595955, 0.41003867145627737, 0.4972512405676146, 0.5209477074444293, 0.5927311086672402, 0.4491651964339393, 0.3896539444103837, 0.43198203310078265, 0.2770658435920874, 1.1779170504638126, 0.6975186856353984, 0.6317882088944315, 0.43116997120281064, 0.6458853581299384, 0.7313126432709396, 0.7107107176312378, 0.8032721854746342, 0.4769017130934766, 0.5255573778413236, 0.553971085228302, 0.42725347081820164, 0.5973944853333866, 0.44499145461492895, 0.4742865635483873, 0.42143870964646335, 0.6480016255130371, 0.37195663691187897, 0.5901838125040134, 0.3655738323269522, 0.5697464592133958, 0.9262275114655495, 0.6020768680251561, 0.8289936015382409, 0.7893594953197021, 0.8231207021645137, 0.6832120181726558, 0.7082838597751799, 0.5915690523261825, 0.5517255958169699, 0.6072473568575723, 0.47331520436065533, 0.7569503650069237]
2025-12-18 02:14:58 - ffalora - INFO - loss data:
2025-12-18 02:14:58 - ffalora - INFO - [0.6869280124704042, 0.4954547334462404, 0.5689905965700746, 0.5208113411172473, 1.152744093702899, 0.29471471801710625, 0.6407631808835349, 1.0398028046199745, 0.6181887532273929, 0.11551763614309796, 0.40119635528669906, 0.5019262723624707, 0.4204012405127287, 0.439125154861055, 0.7977932625627588, 0.1567200294676392, 0.5610177534847305, 0.288167977036956, 0.32589089693889645, 0.34523016200206863, 0.9006443042308092, 0.16878508628681577, 1.0852670944428169, 0.5091024751740103, 0.30969728829804805, 0.336302402892556, 0.4158766411865751, 0.2791993633810004, 0.3756067525595427, 0.36919282395392655, 0.16328804514584289, 0.6848944700323045, 0.1800081626783746, 0.8472026400268078, 0.29035935909129107, 0.24382433972738604, 0.44201623181191585, 0.29668425081763417, 0.3179199815274049, 0.3619471052661538, 0.41153555080915494, 0.1865651846397668, 0.5627056731648432, 0.30559432829419775, 0.4780868684252103, 0.37543433022995787, 0.2738037197074542, 0.36572852513442433, 0.27361970332244206, 0.28994969038176355, 0.3777814525490006, 0.34229168407619, 0.23311801039769003, 0.38899147380808635, 0.3981348539236933, 0.3979676322390636, 0.2571793888229877, 0.24638887216957905, 0.18122035293684652, 0.3643309908815556, 0.22499229336099233, 0.47394227480883666, 0.9381859738379716, 0.4174857247620821, 0.3206810049712658, 0.33867467327841694, 0.26429261023489137, 0.1421809555729851, 0.2769873295444995, 0.1532503001547108, 0.3459576338451976, 0.1938828942074906, 0.4618227704356496, 0.2349840185372159, 0.39576638508588075, 0.3062720199581236, 0.3534670944898748, 0.2164534039950619, 0.1971380451256242, 0.32115925174827376, 0.2151726303286006, 0.42795512071914144, 0.4483938914620214, 0.3926926458564897, 0.2552495375487899, 0.6588893639544646, 0.33458462179534965, 0.11887577623516943, 0.32740712020505264, 0.16970372206429973, 0.2182704519868518, 0.21637807087604682, 0.6171544333299002, 0.2603577954073747, 0.3130880606671174, 0.21763043340373162, 0.20955513115040958, 0.2455966760860368, 0.2483720737763155, 0.15453253486581767, 0.3082253753770298, 0.44894177534927926, 0.24879715522013915, 0.3338907945102879, 0.03962273330056204, 1.7422945330540338, 0.28212317084738364, 0.4864514797925949, 0.11985631864808965, 1.318425178527832, 0.3396710240592559, 0.19627014806028456, 0.3517390207112886, 0.3460057216386, 0.3272381183646974, 0.21489461859797732, 0.4016528060038885, 0.23461760023298364, 0.22182197918494542, 0.31204882843400505, 0.21914319351781159, 0.38516928499475833, 0.2483601530548185, 0.49976036536196866, 0.42901593912392855, 0.21892707868246364, 0.6748799027409405, 0.2479548279972126, 0.2251978346146643, 0.6853275982519755, 0.3380366622004658, 0.24771496146807775, 0.414009132484595, 0.1440990712493658, 0.8973719270766846, 0.29052641602853935, 0.16364524516587456, 0.39748093454788125, 0.07524848314157376, 0.9974000231315119, 0.4482950202322432, 0.1920711033201466, 0.4949862039337556, 0.24577405768183946, 0.21930598233205578, 0.1640513073808203, 0.35596217786272366, 0.134289729336576, 1.3323618857810895, 0.28442321666695464, 0.3505419380294207, 0.2947269886576881, 0.42377557928363485, 0.306360301333997, 0.3680845517665148, 0.34452535392095646, 0.14429046227414088, 0.8624153001854817, 0.3192273734935692, 0.2628821523860097, 0.35680113062262536, 0.32508403606091935, 0.3214566971485813, 0.31402224077222246, 0.7037922061358889, 0.2509730555560617, 0.6659594371914863, 0.34918735741327206, 0.17992381372023375, 0.9163806748886902, 0.378558361530304, 0.3716503944247961, 0.3844194126625856, 0.3573862190225295, 0.2869779569407304, 0.3116151414035509, 0.2051035262023409, 0.5301319765977752, 0.4018770354179045, 0.11071511537302285, 0.7802410472709781, 1.2556710394720236, 0.6401807569277783, 0.7926546029746533, 0.19276729521807284, 0.4988317793700844, 0.3796164653300509, 0.4527515977621079, 0.5257983511457076, 0.5533182113120954, 0.19165902032206455, 0.5053104888492574, 0.332504626856569, 0.36141237372842927, 0.11306659579277037, 0.20264236573905994, 0.2789126449575027, 0.5678271150659947, 0.15575061182801922, 0.14054956632648027]
2025-12-18 03:36:22 - ffalora - INFO - loss data:
2025-12-18 03:36:22 - ffalora - INFO - [0.4372843752943856, 0.8987931820192361, 0.6720121368056252, 0.42987688153257797, 0.4796525339285532, 0.3896445236272282, 0.3918965910638993, 0.37763371953788477, 0.45729580211142695, 0.5325880483147644, 0.4607411437978347, 0.3534593251179017, 0.5453105497156611, 0.2556689027233469, 0.5064554646229134, 0.26194955323460617, 0.6366113315025965, 0.10396232445297453, 0.43332320390076473, 0.41772153258678457, 0.43855065614694644, 0.10914366149550511, 0.570830083798085, 0.24434083739304732, 0.24008593755813004, 0.5173025007049242, 0.37771248363313226, 0.08951814725479185, 0.5762176689292704, 0.33052245850364365, 0.37199708966848755, 0.41026839275398985, 0.4359692520151536, 0.1346847168460954, 1.004679338942314, 0.23291367365939852, 2.1044679433107376, 0.44031302861403676, 0.42471663066133947, 0.4188236576815446, 0.22939241951312764, 0.3985970365504424, 0.2854170443192642, 0.3989341807152544, 0.4155727823097736, 0.2257724524436829, 0.2903584107834225, 0.42270595787120036, 0.3335047148208579, 0.29978682971559467, 0.14109058427651797, 0.06440838076943894, 0.9373855330049992, 0.4253920373817285, 0.40791229590391503, 0.26519045700382793, 0.3644160905697693, 0.6849923410817333, 0.3995396017000593, 0.21948914268222222, 0.2434076844404141, 0.21524027537864943, 0.29854857703150417, 0.5208079662794868, 0.40491520977862505, 0.20496106849362455, 0.24354038649123227, 0.21813167145603574, 0.44530863542523647, 0.3400736981938625, 0.3493745159571884, 0.21618848052651932, 0.560119857868323, 0.22350368844345214, 0.38058552963279163, 0.2396648512995163, 0.0556127413532094, 0.29561815516402323, 0.3387679302444061, 0.21897657818460303, 0.5056166610520183, 0.23947935501704565, 0.23283808703223863, 0.24417000837570085, 0.22674668864970696, 0.3620179394348746, 0.4193316445065042, 0.43217657429390943, 0.21092805473994325, 0.5574217059959968, 0.27819299235319095, 0.3903251216525123, 0.4245958443997162, 0.4237807721697858, 0.3608716439633143, 0.21403253558137472, 0.18799674360255036, 0.22517713715924936, 0.25877257573107876, 0.3308570609827127, 0.3913294994582732, 0.39765392754697937, 0.11356387729368483, 0.4688689449181159, 0.35387731170547865, 0.37511997192333907, 0.27535382139806946, 0.36459651643499025, 0.2555034961240987, 0.4931064601159758, 0.17474916636225923, 0.3552423849701881, 0.22445147914775448, 0.3840183068066836, 0.27737239548207626, 0.2764243871245223, 0.4571016521917449, 0.38460549209266903, 0.48542517853470946, 0.3851311692347129, 0.32241517181197804, 0.41756942992409074, 0.33052165508056164, 0.3763406657569465, 0.3563100967641877, 0.26049608308821914, 0.31309494413435457, 0.3422925073446499, 0.3705319097366533, 0.46999023854732513, 0.3422293953774941, 0.11327355486379626, 0.3943645344774095, 0.5617635251187226, 0.21297520955170815, 0.2669710412233447, 0.4682015277445316, 0.33115923748248155, 0.6855727859057379, 0.35615927912294865, 0.3708849443122745, 0.2684674945039054, 0.46790365292758185, 0.27435333712720406, 0.2640499293183287, 0.2983816176652908, 0.18138957987996002, 0.36106069704087884, 0.2639853713767869, 0.21265168934727885, 0.5890100379370982, 0.2457617548792862, 0.4606289013599356, 0.3114191953920656, 0.38150687781827786, 0.3427986403749812, 0.3404207921897372, 0.25074748180599676, 0.5608821125080188, 0.30704184584319594, 0.3581222157097525, 0.5254388600587845, 0.3351526481263778, 0.3458180172395879, 0.36133986546388475, 0.3385210788143532, 0.361699160002172, 0.3848998812337716, 0.35205026030324504, 0.3359910432249308, 0.3694408165497912, 0.3065868175278107, 0.41063383645599794, 0.3770092989007632, 0.38317593100170294, 0.44235976384236264, 0.3780781678081567, 0.3398900492737691, 0.18686567745688887, 0.4810116437574228, 0.38061865589217003, 0.334320773018731, 0.36762454544418843, 0.3258141088329889, 0.43977925576754917, 0.37977103782961, 0.31991089079163826, 0.4261238227287928, 0.3397660644931926, 0.32601209261099207, 0.45123831431070965, 0.3933138998846213, 0.3747573807940382, 0.36977462522393345, 0.4085154655413368, 0.3643138370771678, 0.3910523152599732, 0.4744347353776296, 0.3721658814077576, 0.39407925568521024]
2025-12-18 04:51:24 - ffalora - INFO - loss data:
2025-12-18 04:51:24 - ffalora - INFO - [0.365093661208797, 0.5382941191395124, 0.3636247918348421, 0.8331623004128536, 0.5940701780219872, 0.63692337423563, 0.3031681888633304, 0.44276415043030726, 0.4070479629561305, 0.3426942225877252, 0.09630149615178299, 1.120333197925772, 0.3539408586538312, 0.3336069209966809, 0.24620830347661726, 0.22328771016457016, 0.3655823387777094, 0.12058826525592142, 0.46286011691360424, 0.42963333654084374, 0.34732663572455447, 0.4114787547021277, 0.21089547403001538, 0.35115370725148487, 0.4916907027363777, 0.13082613010897837, 0.5888315277174115, 0.48109177887321464, 0.36632667363931737, 0.22926202346218016, 0.2535463832651398, 0.5159388141085703, 0.3576691067467133, 0.18034560283307327, 0.1504282863859165, 0.3094539586827159, 0.32005397587393725, 0.2462767605335367, 0.3594301966846817, 0.4226072688897451, 0.3507940575376981, 0.12913602693782497, 0.525297795732816, 0.24152771318007984, 0.309969157829792, 0.21291473290572563, 0.44877041789392624, 0.22795359064457996, 0.33359716440151843, 0.21538228023564443, 0.4144172375739524, 0.34673979834963875, 0.21184136325027794, 0.27068671248853204, 0.4152571904162566, 0.41047068390374386, 0.41585166353200165, 0.33963558692485096, 0.21848066101332128, 0.4632117056225737, 0.2670182565149541, 0.2493566050970306, 0.1140131421516546, 0.21854856605059467, 0.3473303506150842, 0.44854525464276473, 0.33445421159267424, 0.3652304356296857, 0.20767858748117257, 0.21186983988568603, 0.48867478330309194, 0.12901862936860806, 1.2443211268294943, 0.21479966318319466, 0.1834063446399038, 0.18148896945058368, 0.39483129349149143, 0.3034526870896419, 0.3127534201255802, 0.3660882356266181, 0.35484802598754567, 0.0892780251626391, 0.4742413477933345, 0.2565345773162941, 0.1780564863010012, 0.30013042024026315, 0.38035385894278684, 0.27560638011482574, 0.37407869857159404, 0.3768685850004355, 0.31011889991128727, 0.2078134146123899, 0.5023986338327329, 0.29298613901870946, 0.2568934314418584, 0.3068213056772947, 0.4940400689308132, 0.2239167211445594, 0.2793470815444986, 0.365295584499836, 0.20632326093812783, 0.2723745730239898, 0.26188134138472374, 0.32132255297267076, 0.28380914422485864, 0.2062603465591868, 0.3021527781159702, 0.7555482297359655, 0.4459521088394381, 0.3306820620722198, 0.32998046401355946, 0.24735409495834676, 0.32472576977064216, 0.44005843260813327, 0.195820434189712, 0.380846306681633, 0.2721815992705524, 0.3947295299420754, 0.12516149177681654, 0.3770776454576844, 0.26824525908062546, 0.2576150213770399, 0.32200090783958635, 0.4087896171957255, 0.19788968040269206, 0.33518000729382036, 0.2731782345456027, 0.43542985872675977, 0.32148183966902166, 0.2790632720415791, 0.40125197888485026, 0.3178302174337053, 0.8371675907323758, 0.28710725727970854, 0.4414722091030507, 0.3121923206994931, 0.23952250202242847, 0.2317385260015726, 0.12854596118988337, 0.1192254185800751, 0.9006547785618089, 0.23316085471638612, 0.4152498622735341, 0.29634750212232275, 0.19293877703603357, 0.4805274315000999, 0.2952261159468132, 0.32195599369704725, 0.5209117423743009, 0.21971836950009066, 0.5369069586507976, 0.33463380163949397, 0.43199802444432867, 0.45594859275346, 0.39413469694554804, 0.22771464044228196, 0.3012544409569466, 0.3496940728276968, 0.6068104608191385, 0.3921015419065952, 0.4561131477355957, 0.3643012609125839, 0.406278715779384, 0.3492679400369525, 0.3608983057240645, 0.339634010878702, 0.20059435397781658, 0.9194321036338806, 0.427258754024903, 0.38555886235738557, 0.3951575034495556, 0.30360913009693224, 0.4927546515543428, 0.5015204125394424, 0.5026902345910905, 0.3959666599475202, 0.4007350766853917, 0.36743322014808655, 0.33938572158416114, 0.46393152164916196, 0.3954750103617294, 0.3884437040736278, 0.29990945619841414, 0.4522063108471533, 0.5014955777674913, 0.5122933347842523, 0.2902754412343105, 0.4280429308613141, 1.1224224037594266, 0.42336248338222504, 0.6911282603939375, 0.5699870114525158, 0.5679154193531426, 0.4457703530732986, 0.5064277633610699, 0.4732961854173078, 0.4151122057753982, 0.6116951743939093, 0.37776089025040466, 0.47993210289213395]
2025-12-19 21:11:06 - ffalora - INFO - loss data:
2025-12-19 21:11:06 - ffalora - INFO - [0.6876867378751437, 0.5063671259519955, 0.5629318609329251, 0.5669409439762448, 1.3452749744885497, 0.2948719014801706, 0.7510186631502234, 1.2653418369795921, 0.6756928950548171, 0.17404706313585241, 0.5982203145235122, 0.5358938354998827, 0.4841363750398159, 0.6168053986815115, 1.6211047197647748, 0.17873367513918006, 0.7929307692326032, 0.3113474511732467, 0.3620434788715405, 0.6551292711451727, 0.802133294637315, 0.17700281198246076, 1.098174837018873, 0.6280096238324707, 0.37611470711805545, 0.4543205565940111, 0.4604578866933783, 0.364037656392069, 0.46610976066440346, 0.4588592772372067, 0.20182678564451637, 1.051047196611762, 0.14041706337981547, 1.1317648536187934, 0.42155014551602876, 0.32529426413821055, 0.6396553704204659, 0.3366306278621778, 0.4348438741137775, 0.44433170557022095, 0.5696965374673406, 0.25604936633414277, 0.9600425019860268, 0.3933868236994992, 0.6937932163476944, 0.473734312173393, 0.35839402498677375, 0.48924722297069356, 0.333221039817565, 0.3715823502202208, 0.5186690978705883, 0.42027879171073435, 0.2730624377184237, 0.4875240842146533, 0.523645190987736, 0.5071523949503898, 0.3029228117627402, 0.2900125101829569, 0.2550077099353075, 0.48735619849628875, 0.28348870600263276, 0.7385294323223603, 0.892474057773749, 0.5221987520654996, 0.4135060623288155, 0.3978898687288165, 0.3221082387569671, 0.18156320105966492, 0.3590070262240867, 0.21521511768611767, 0.41291580503651254, 0.2210542855706687, 0.5777451204852416, 0.2682597693314569, 0.5717920499543349, 0.36610426966799425, 0.4386429087378276, 0.28827453868415875, 0.2537395429213111, 0.38136321813799445, 0.2775183673192491, 0.5636704321743713, 0.5810381583869457, 0.457107167939345, 0.4101583681014531, 0.6537994824970762, 0.4081260388510095, 0.16394094326145325, 0.46732290575260316, 0.22417886804263942, 0.2555965873024737, 0.27938021987325096, 0.7489833618203798, 0.33153897160664203, 0.4134636306514342, 0.27176865853058796, 0.462996031739749, 0.2871253365282124, 0.3856780279706865, 0.17470684670843184, 0.27728121892626706, 0.5858907599002123, 0.3189464896451682, 0.37773164734244347, 0.05335322985546572, 1.7392602446178596, 0.34187997781361146, 0.5549165192991495, 0.15024849148467184, 1.7118305042386055, 0.4351818349212408, 0.26676351173112217, 0.48269875530535594, 0.4418253703663746, 0.39439786742663097, 0.2758967374506242, 0.4849167540669441, 0.3707425445318222, 0.28610071723038955, 0.40062231132760645, 0.2684812745312229, 0.4455613115935453, 0.31382813981423774, 0.6407193356504043, 0.5633061518892646, 0.301472000979508, 0.8499036761932075, 0.3245992805808783, 0.2412057370346572, 0.8564330878166052, 0.3608461879193783, 0.30905305389399174, 0.49845068641006945, 0.2018970754618446, 0.925473020611597, 0.3596813887978594, 0.24818866769007097, 0.4491329453885555, 0.09846816431575764, 1.2307034582138443, 0.6339356506775533, 0.23501270993923146, 0.6617782777796188, 0.31653516735308446, 0.3070683753117919, 0.23269087842976052, 0.4459599538395802, 0.16079751334064418, 1.4937298404673736, 0.427648907697473, 0.5093341684494264, 0.36849351053436596, 0.5053441779067119, 0.39606909785005784, 0.377908194437623, 0.44012985362981755, 0.17927185547556365, 1.0944203414022922, 0.40201039199850386, 0.3474437531083822, 0.4584940372655789, 0.38637682379533844, 0.42454667467003065, 0.3676082734018564, 0.8559867983063062, 0.2884820067368093, 0.8026849935452143, 0.4208071598783135, 0.2355867252064248, 1.1091334310670695, 0.5122678647438685, 0.44122417668501535, 0.4543676463266214, 0.4349241336009332, 0.38371310854951546, 0.3847784690093249, 0.2751476173599561, 0.5909816325475008, 0.4441853422671556, 0.16064825265978772, 0.840867478106744, 1.2487293839454652, 0.7712097930411498, 1.0320220354530547, 0.21036060340702534, 0.6471907941514955, 0.4823754610603347, 0.5853102672224244, 0.6897179037093734, 0.703926238293449, 0.21200914066284895, 0.6219055944639775, 0.3866108647712013, 0.4225245267773668, 0.1397007207075755, 0.26045839820678035, 0.326368797570467, 0.6461063006271919, 0.17830704282969237, 0.15587391741939036]
2025-12-19 22:29:53 - ffalora - INFO - loss data:
2025-12-19 22:29:53 - ffalora - INFO - [0.44769954180125804, 0.8732420297336501, 0.6769780935276122, 0.4304654170810762, 0.4921022060016791, 0.4361286040757679, 0.4230759118631896, 0.44270047774681676, 0.5161670317252477, 0.6217875076191766, 0.545495730265975, 0.40539564428673613, 0.6733843935017261, 0.3205467673128142, 0.6274467281233042, 0.32614273980984254, 0.8727643450101217, 0.1560583094186667, 0.5050638607178611, 0.5193161959272056, 0.5777264043688775, 0.17325050698386296, 0.7856088455766439, 0.31209906554214806, 0.2790057827485725, 0.6408791876442376, 0.47988674080088023, 0.1571257434773192, 0.7175393919150035, 0.3912449749807517, 0.4562531449103161, 0.49316648335020613, 0.5629125036299228, 0.1834903302563665, 1.1761804477408013, 0.34689046123142664, 2.8406732330719633, 0.7895880354568363, 0.5252805480706519, 0.4977531799425682, 0.28089497690162646, 0.47966161668300633, 0.3558285811683163, 0.47417688327176233, 0.48172276791853785, 0.268630843816532, 0.431208851824825, 0.49333210737592936, 0.4550723757635316, 0.35549034339686236, 0.17433843324782655, 0.07503166268320961, 0.9637946641215911, 0.5005606711797771, 0.4982836078756895, 0.34655325875008625, 0.43688909610112503, 0.7426129958551864, 0.4951346044739087, 0.28206480608269985, 0.2941982946145193, 0.3883131669249897, 0.4120770539431011, 0.5443724379357364, 0.500885039468274, 0.2756290141803523, 0.2954390832505579, 0.2862713493584819, 0.557790742152267, 0.43201993413526435, 0.4520237540569285, 0.29135929780701797, 0.5546472055407671, 0.27913580718967645, 0.4830598282225953, 0.3235318216018307, 0.0737851004472331, 0.4514606611052942, 0.42588337423900763, 0.27476805627978007, 0.638727761286519, 0.282441866138361, 0.28590492338740403, 0.29949370887724386, 0.2892128565936305, 0.4382413876908166, 0.5061111217364669, 0.5078364549483033, 0.25985052714836193, 0.7069291109840075, 0.35584919701019924, 0.4885600076367458, 0.45808358463857857, 0.5087754065170884, 0.4452956888115122, 0.26029730321127265, 0.2437044846697473, 0.29350959324077064, 0.3184028685869028, 0.4086046227919204, 0.4287472533682982, 0.4764240222201608, 0.15627572692206337, 0.5387523201604685, 0.4548665808425063, 0.4315560251856462, 0.34501385376788674, 0.46676229107238, 0.35505332524577776, 0.5462691922154692, 0.2310805540299043, 0.4356222909121287, 0.3197456614388262, 0.48444080154101055, 0.3769889758818823, 0.3559750884305686, 0.5404046004653996, 0.4094322569668293, 0.5506877294526651, 0.4753911282867193, 0.4103704477349917, 0.5013309647639592, 0.4099265122122463, 0.4800829825656755, 0.44748440274390683, 0.3443915996079644, 0.3913205513109763, 0.414790427353647, 0.4772279706549615, 0.5966918447460884, 0.44323756724950814, 0.15568602543789894, 0.4932320351557185, 0.8463431699123202, 0.28329613151339195, 0.3279034379093597, 0.6015352800488472, 0.34926318970198433, 0.8329650489208491, 0.4370450930908704, 0.4812806998069088, 0.3249370384237005, 0.5765552937120632, 0.35307425345762883, 0.339825440539668, 0.37638560483853023, 0.2559668310278771, 0.4708567233421863, 0.3495013634807297, 0.2986237107731757, 0.6382177523854706, 0.32962971930511487, 0.5739794678986072, 0.4471252513310266, 0.4566604349939596, 0.4467798469676858, 0.4229236490403613, 0.3611841453446282, 0.796561633878284, 0.4095892415692409, 0.4031824797805813, 0.5919671253197722, 0.4459353753895152, 0.4588356092572212, 0.4496585840680005, 0.4319321535527706, 0.471448619539539, 0.4664531464378039, 0.4417772114654814, 0.4124362368136644, 0.4532458151380221, 0.3961311590213042, 0.4917767643218949, 0.46202159176270163, 0.46814198253883255, 0.5676717334068738, 0.4773675123778518, 0.4384196737160285, 0.28480716728501854, 0.5199775509536266, 0.49784305078395896, 0.43730101626780293, 0.4612987232276763, 0.41936117342484547, 0.49961166333592716, 0.4608145051277601, 0.4115108384732522, 0.5132931217551231, 0.41827226910326215, 0.4252759570768778, 0.5464717820286751, 0.5088701027135054, 0.4636973038201442, 0.4610278320078756, 0.4863725751160811, 0.4758719105782531, 0.4704424884584215, 0.4821228260795275, 0.4585170079732225, 0.5026000551879406]
2025-12-19 23:42:22 - ffalora - INFO - loss data:
2025-12-19 23:42:22 - ffalora - INFO - [0.37050878412720534, 0.5360848652819793, 0.36396656601943755, 0.731332062308987, 0.6173255654672781, 0.6607887158791224, 0.3484353720313973, 0.5097703009392276, 0.49598175870875516, 0.4696452071608016, 0.19315338437815033, 1.1191616998541922, 0.4356554334940897, 0.4411561735115494, 0.31890670573782354, 0.2868914713462194, 0.5693571237339214, 0.13698090969895324, 0.8309837916865945, 0.6048402175839458, 0.4684203192591667, 0.6499421811766095, 0.2650016072904691, 0.4621187010114746, 0.5975015625357628, 0.1734501835854837, 0.9222892567515373, 0.6866455800713054, 0.47069258174548545, 0.3412315827681486, 0.34100186359137297, 0.5970162801444531, 0.4339988225450118, 0.23468907136808742, 0.19819723239246134, 0.37155889960626765, 0.38914231956005096, 0.33059432935731653, 0.5626087060198187, 0.5550720172623793, 0.4736100301301728, 0.16165781590259737, 0.625281239549319, 0.3241608115999649, 0.4702404910077651, 0.36211141678645753, 0.6402882115294537, 0.3430398134768686, 0.4049557269417814, 0.28213981460695237, 0.5208862624667359, 0.5050568622847398, 0.31889240328843393, 0.33338751463840405, 0.5163196250796318, 0.5367113622526327, 0.5447873552995068, 0.37992822644611196, 0.27531269087727805, 0.6295232557877898, 0.31332318070215276, 0.2987136770089185, 0.12476636573749905, 0.2639536445533546, 0.45036850857237976, 0.5297025303045908, 0.42865669367214043, 0.4374019393076499, 0.2610451356171527, 0.32086305789804703, 0.728827887835602, 0.17561569183987255, 1.4888022203337061, 0.2647959331677041, 0.23250881553912123, 0.2999948575691734, 0.4450315491399831, 0.36830763903756936, 0.41796521571549505, 0.4524687306334575, 0.450279345528947, 0.12547529626383702, 0.8502846165560186, 0.3188441344474753, 0.23839868770187927, 0.42295487688647376, 0.48813330332438154, 0.3101989770632689, 0.5107141348843773, 0.5087561411162217, 0.3902719309597853, 0.25759847549665155, 0.6835717356039418, 0.37945497867961725, 0.3182312044728961, 0.38660771399736404, 0.7207224521963369, 0.30898525659935644, 0.33617705215389526, 0.44811935325463614, 0.26356501939396065, 0.3160785082106789, 0.3539287172133724, 0.4434487385054429, 0.361676946835536, 0.2592281408297519, 0.43519751308147203, 0.6011603771010414, 0.5731739037448451, 0.4319102494167043, 0.41009093405944963, 0.3451765771955252, 0.4118177591926522, 0.5849206126516774, 0.27099403503040476, 0.4786752666036288, 0.34755462400615217, 0.5091761669764916, 0.18538861631726225, 0.5787527130606274, 0.35660378677615273, 0.34000537850696483, 0.380077606048435, 0.49105767657359445, 0.2646931366232986, 0.40568039522816735, 0.34361501030091723, 0.628511306643486, 0.37619778028491774, 0.368072288731734, 0.5034983954259327, 0.3395395312497082, 0.9969900943338871, 0.3755687432871624, 0.5091605943051123, 0.387295876774523, 0.29194762366400523, 0.2938709369731239, 0.15517794059100326, 0.1434529464609093, 1.1840858587261403, 0.19987964556212462, 0.5499386285742124, 0.34666633379335204, 0.22729727197438476, 0.6032121666130565, 0.3701485864818096, 0.4213324076061447, 0.7153269112110138, 0.29692368221779664, 0.9276342004537582, 0.4382003749720752, 0.45708185075782237, 0.5123223685349028, 0.508388984700044, 0.31920031977196534, 0.39221896201823697, 0.41817182439068956, 0.7382524173292848, 0.4391555363933245, 0.5380940690636635, 0.49251498975273633, 0.5498298635085423, 0.42748415569464365, 0.41126719148208696, 0.41934219685693586, 0.2738642185531331, 1.039178536140493, 0.5721215777099132, 0.5253210757962532, 0.45097036411364877, 0.5142613337685664, 0.5806128956377506, 0.6312256654103596, 0.6718643817400175, 0.47314743048378394, 0.4935508077875489, 0.47147032283246515, 0.4132705591619015, 0.5370135200520356, 0.5171779785822663, 0.44524209772547085, 0.39775980909665426, 0.6363367901494106, 0.4256546434015036, 0.6047803542266289, 0.35277830107758446, 0.5218861598521471, 0.8498886223468516, 0.5566416608203542, 0.9078037884086371, 0.7109437634547551, 0.7174080293329935, 0.5898551195416422, 0.6393023100992044, 0.5628625185539325, 0.526546375227697, 0.6007069361706574, 0.4646277143309514, 0.6689229061206182]
