2025-11-06 08:30:11 - ffalora - INFO - loss data:
2025-11-06 08:30:11 - ffalora - INFO - [0.6336196400225163, 0.6316872239112854, 0.3801720906049013, 0.5826253319780033, 1.0813071317970753, 0.7089270800352097, 0.616770975291729, 0.8496270094599043, 1.1651779462893803, 0.6586259007453918, 0.4188638228923082, 0.5842681489884853, 0.8496006404360135, 0.6468577682971954, 0.6085523664951324, 0.47149001700537546, 1.5059896260499954, 0.48162873461842537, 0.5015687346458435, 0.5446033991873265, 0.5116691098238031, 0.8611983181908727, 1.079950808454305, 0.9563356538613638, 1.4343053437769413, 0.6965076625347137, 0.5561035135140021, 1.0517590045928955, 0.7457293570041656, 0.8435625831286113, 0.847517654299736, 0.6924186646938324, 0.6395435631275177, 0.5222109854221344, 0.745072141289711, 0.6909593045711517, 0.5857806248324258, 0.9727951548993587, 1.6109932959079742, 0.7770793922245502, 0.904560849070549, 0.6439783651381731, 0.6714678851089307, 0.642107218503952, 0.4651292897760868, 0.7078162655234337, 0.7067074030637741, 0.5110185891389847, 0.7275411635637283, 0.6530563135941823, 0.5895525341232617, 0.7263112167517345, 0.46944804601371287, 0.6627324638622147, 0.6479332633316517, 0.6274819175402324, 0.5219792574644089, 0.6871049553155899, 0.6335474252700806, 0.38899509608745575, 0.7708244994282722, 0.29540161043405533, 0.8169402256608009, 0.8768055379390717, 0.6305205263197422, 0.821418508887291, 0.7753496170043945, 0.635894738137722, 0.8290581703186035, 0.6545893847942352, 0.6604922264814377, 0.5278949800878763, 0.7088069518407185, 1.160866141319275, 0.7331377516190212, 0.6414726302027702, 2.0987457633018494, 0.7709276620298624, 0.6406968638300896, 0.7624778859317303, 0.9512389544397593, 1.0547337234020233, 1.4584014415740967, 0.6146216814716656, 0.5353867098689079, 0.5933576673269272, 0.7865786328911781, 0.6848677843809128, 0.47110198363661765, 1.5183293391019106, 0.8259361386299133, 1.1101954579353333, 0.5604521632194519, 0.6167889634768169, 0.6515210568904877, 0.6471797227859497, 0.7850876152515411, 0.660420373082161, 0.6535695791244507, 0.6897218525409698, 0.3914471585303545, 0.5114901289343834, 0.3379275403916836, 1.612820789217949, 0.8767999708652496, 0.8522740602493286, 0.8279455304145813, 0.36759510077536106, 0.18600740283727646, 0.8316990882158279, 1.127222369824137, 0.8136217966675758, 0.5886449664831161, 0.5850825808942318, 0.46174728125333786, 0.5968651846051216, 0.5659256063401699, 0.24804775044322014, 0.24015765450894833, 0.8319701682776213, 1.0394951928406955, 0.1704349722713232, 1.8428887533290046, 1.079962561527888, 0.9974454864859581, 0.5360037088394165, 0.7240408211946487, 0.6781240701675415, 0.45798226445913315, 0.8015546016395092, 0.6162446215748787, 0.7161329016089439, 0.5921315983647392, 0.9742214761674404, 0.7061042487621307, 0.6540319696068764, 0.842588521540165, 0.7191839814186096, 0.6816979199647903, 0.6676508150994778, 0.5312661677598953, 0.6097327992320061, 0.6377140531937282, 0.6780092567205429, 0.729336644212405, 0.6601839400827885, 0.5553464080606187, 0.6311727277934551, 0.8966520031293232, 0.6528638402620952, 0.6916485197842122, 0.7040807381272316, 0.668742944087301, 0.5507978782057762, 0.5832122676074505, 0.49720996618270874, 0.8997369296848774, 0.9104559868574142, 0.586100660264492, 0.7169335708022118, 0.6770573072135448, 0.587987978543554, 0.8897140249609947, 0.6168034851551056, 0.9886469058692455, 0.7271361698706944, 0.934708634018898, 0.6697767972946167, 0.6893137097358704, 0.687126949429512, 0.6918926313519478, 0.6869750320911407, 0.7068291072334563, 0.6487892866134644, 0.8129877299070358, 0.758749894797802, 0.798942007124424, 0.8022887073457241, 0.9134213775396347, 0.77560755610466, 0.7395758703351021, 0.6057154436906178, 0.7387563705444335, 0.7053001586880003, 0.7589976663390796, 0.8793510347604752, 0.7507247179746628, 0.7011906951665878, 0.745510811607043, 0.8126131892204285, 0.7040391750633717, 0.7276219546794891, 0.7543026357889175, 0.7551829069852829, 0.8057819604873657, 0.7737682498991489, 0.6215344369411469, 0.737004965543747, 0.610529363155365, 0.607222182410104]
2025-11-10 08:11:40 - ffalora - INFO - loss data:
2025-11-10 08:11:40 - ffalora - INFO - [0.6177855121592681, 0.6721506267786026, 0.3964964382350445, 0.6087042173991601, 1.0228630490601063, 0.6509042382240295, 0.6131077297031879, 0.8591238164475986, 1.1396375646193821, 0.6804816871881485, 0.4032409653067589, 0.6054743938148022, 0.8478862444559734, 0.6198161877691746, 0.5985348671674728, 0.4746061669928687, 1.2477906495332718, 0.45152485246459645, 0.5543248057365417, 0.5367104269564151, 0.5984361309558153, 0.6982235793024302, 0.8970532089471817, 0.8666965961456299, 0.9777374286204576, 0.6982286721467972, 0.5520620198299487, 0.8254442363977432, 0.621873249610265, 0.7679665337006252, 0.7494884431362152, 0.6155804097652435, 0.642664447426796, 0.636293813586235, 0.6959720502297084, 0.7036435902118683, 0.5791175642183849, 1.067501644603908, 1.7989140450954437, 0.808568898588419, 0.8650230579078197, 0.577216861397028, 0.7658616965636611, 0.6068176347762346, 0.4713857173919678, 0.7886022813618183, 0.7013486921787262, 0.49315130710601807, 0.7615358233451843, 0.6874457498391469, 0.5506340836485226, 0.7491494466861088, 0.4280048318207264, 0.6830337590404919, 0.5583024155348539, 0.5773711192111175, 0.5240077525377274, 0.6135823577642441, 0.5938314571976662, 0.3810214176774025, 0.7296159658581018, 0.369724377989769, 0.6542443186044693, 0.5423371084034443, 0.7485672980546951, 0.6620395580927532, 0.9148937612771988, 0.5794577561318874, 1.026628464460373, 0.5865997150540352, 0.603526882827282, 0.4778363848105073, 0.8053477456172307, 1.4162145256996155, 0.674330438176791, 0.5284465197473764, 2.3112801909446716, 0.7139187132318814, 0.44368003103882075, 0.7147083468735218, 0.7568640345707536, 0.918601281940937, 1.4201327994465829, 0.7024196684360504, 0.42538971118628977, 0.5045356601476669, 0.7920278832316399, 0.6725924760103226, 0.4042983528226614, 1.288802932947874, 0.655072532594204, 0.7520175164654141, 1.3948549628257751, 0.7644649644692738, 0.5111041143536568, 0.5863136574625969, 0.9464897364377975, 0.5345247983932495, 0.6047826111316681, 0.5540884472429752, 0.2753570470958948, 0.4311738424003124, 0.28712636828422544, 1.2319720312952995, 0.5576036050915718, 0.5032331123948097, 0.5066216625273228, 0.4366681408137083, 0.12212832644581795, 0.8442080020904541, 0.8855637711073672, 0.4237571731209755, 0.607932946830988, 0.522386366315186, 0.250955268740654, 0.5602969378232956, 0.4790306584288676, 0.16010657511651516, 0.14724047388881445, 1.0356965325772762, 1.1705975394695998, 0.14116666838526726, 1.5898128471204211, 0.5956327741344769, 0.5135321989655495, 0.8496901467442513, 0.5340081006288528, 0.6712920740246773, 0.5979364365339279, 0.620572039236625, 0.5510900296270848, 1.0376595482230186, 0.4809097303521065, 0.9407582938671112, 0.9877356737852097, 0.7489467337727547, 0.6041975691914558, 0.3923986479640007, 0.6019996330142021, 0.37449309788644314, 0.26434798166155815, 0.618710291882356, 0.4941462775071462, 0.44430016726255417, 0.6933088997999828, 0.6375721655786037, 0.492726209972586, 0.6140289269387722, 0.8658101608355839, 0.5640823344389598, 0.5261356092989444, 0.7704834789037704, 0.7832120656967163, 0.450164008885622, 0.4963226728141308, 0.393574595451355, 0.8166472613811493, 0.8220265284180641, 0.5575855746865273, 0.5125535289446513, 0.7481572154377187, 0.5721794675503458, 0.8886385932564735, 0.4670254297554493, 0.9904040694236755, 0.6539074331521988, 0.8851531535387039, 0.5766172502189875, 0.6721271649003029, 0.6105903014540672, 0.6877345566948254, 0.649313074350357, 0.6885863606418883, 0.5539160221815109, 0.712192565202713, 0.691215094178915, 0.7048367522656918, 0.7354876976460218, 0.9527511596679688, 0.7978104054927826, 0.7324904575943947, 0.4409824013710022, 0.6100386664271354, 0.6423567139676639, 0.6459799036383629, 0.7228261530399323, 0.6534703870614369, 0.5554007639487584, 0.7273269916574161, 0.7359493151307106, 0.5621101688593626, 0.6328848391771317, 0.641969124476115, 0.5675511012474697, 0.6977215968072414, 0.6747777685523033, 0.5940401926636696, 0.6455905611316364, 0.6068134531378746, 0.5694019028118679]
2025-11-10 22:20:41 - ffalora - INFO - loss data:
2025-11-10 22:20:41 - ffalora - INFO - [0.5905463757614295, 0.6193526685237885, 0.3812432173639536, 0.6212359219789505, 1.1120018884539604, 0.6952223032712936, 0.62199941650033, 0.8339718037417957, 1.6391806503136952, 0.6644491255283356, 0.4534619629383087, 0.6462340205907822, 0.8928286656737328, 0.690939161926508, 0.5947852730751038, 0.4929241176162447, 1.3355942964553833, 0.44550829256574315, 0.5324403867125511, 0.6032595001161098, 0.5387631418183446, 0.7848143618553877, 0.9369356940966099, 0.8796502028902372, 1.1249008234590292, 0.663381427526474, 0.5617713620265324, 0.7883299986521403, 0.5818772787849109, 0.7129597067832947, 0.8312584906816483, 0.6232274025678635, 0.6300439387559891, 0.607818216085434, 0.7234037319819133, 0.7080287486314774, 0.5699255615472794, 1.0343028381466866, 1.783054769039154, 0.8192247822880745, 0.8931906372308731, 0.6424409430474043, 0.6502476148307323, 0.6380738131701946, 0.4855511859059334, 0.694898460060358, 0.686761811375618, 0.546458974480629, 0.718967467546463, 0.6568137904008229, 0.5803501953681309, 0.7442309061686199, 0.47345911152660847, 0.6699993567807334, 0.617893086746335, 0.6214259440700214, 0.5692980214953423, 0.6446885615587234, 0.6269393265247345, 0.40073295682668686, 0.7756565399467945, 0.3070736676454544, 0.7657621055841446, 0.7662374898791313, 0.6348011940717697, 0.7427276521921158, 0.8771137744188309, 0.6065366938710213, 1.031031608581543, 0.6348510235548019, 0.6272457242012024, 0.5118696179240942, 0.8343343685070674, 1.5486654043197632, 0.7342353512843449, 0.5741839293390513, 2.700810968875885, 0.7465634724746147, 0.5675470814108848, 0.6890954785048962, 0.800106804817915, 0.8273430466651917, 1.3354111790657044, 0.7012871404488881, 0.4462357323616743, 0.563105221837759, 0.8318646773695946, 0.6263560950756073, 0.3542470559477806, 1.3399140490218997, 0.7451190389692783, 0.8477047823724293, 1.2064281105995178, 0.731153463323911, 0.5577713400125504, 0.6494724787771702, 0.9596502333879471, 0.5823219493031502, 0.6518346965312958, 0.5660760831087828, 0.31288660131394863, 0.42332174628973007, 0.31733150109648706, 1.3548589423298836, 0.5135293304920197, 0.511660635471344, 0.5306949727237225, 0.37879180163145065, 0.12523102201521397, 0.8269130289554596, 0.9326015173324517, 0.4874049723148346, 0.5710025697946548, 0.5266476411372423, 0.2519133649766445, 0.5640124324709177, 0.5293061761806409, 0.16400962322950363, 0.1593721965327859, 0.9934876468032598, 1.181867092102766, 0.15881319716572762, 1.6221162251063754, 0.7167170916994412, 0.6002550087869167, 0.8228040784597397, 0.5639296621084213, 0.5278681218624115, 0.5955338925123215, 0.64771934847037, 0.5744899496436119, 1.0234185047447681, 0.5524591285557974, 0.9512352965772152, 0.8556176722049713, 0.7363744527101517, 0.7281653061509132, 0.5366889610886574, 0.5929788947105408, 0.45604738406836987, 0.3011852204799652, 0.5834468913575013, 0.47465622549255687, 0.5415278002619743, 0.7626471668481827, 0.6049264185130596, 0.4844244697264263, 0.598875168710947, 0.8237071906526883, 0.61552894115448, 0.5615138001739979, 0.7879229560494423, 0.7113380219255174, 0.4831930994987488, 0.5440653972327709, 0.3807515874505043, 0.9095791578292847, 0.7565606608986855, 0.5626758709549904, 0.6032829542954763, 0.7468084309782301, 0.607043479170118, 0.8617733120918274, 0.6009976387023925, 0.9993859305977821, 0.6802981545527775, 0.7975041255354881, 0.5454499628394842, 0.7419517934322357, 0.6879574805498123, 0.6999365674952667, 0.5705707773566246, 0.6329244119780404, 0.602477103471756, 0.7553165058294933, 0.7536155469715595, 0.8061541467905045, 0.7212617099285126, 0.8667534440755844, 0.6031849881013234, 0.654451958835125, 0.5063585291306179, 0.6747560605406762, 0.6464688863073076, 0.6616776535908382, 0.779013067483902, 0.675946553548177, 0.6495521118243535, 0.6579470485448837, 0.7245146557688713, 0.6596487201750278, 0.6795359507203103, 0.6527405331532161, 0.7310713678598404, 0.6884026601910591, 0.5770065821707249, 0.6201924681663513, 0.6623433480660121, 0.5460069626569748, 0.6273043730429241]
2025-11-11 16:38:20 - ffalora - INFO - loss data:
2025-11-11 16:38:20 - ffalora - INFO - [0.5773629633088906, 0.5928990989923477, 0.3950856614857912, 0.6062525988866885, 1.068032082170248, 0.7491181492805481, 0.6500671580433846, 0.9360545692699296, 1.395550400018692, 0.6627895683050156, 0.415532997995615, 0.6193323060870171, 0.8589513599872589, 0.6890004836022854, 0.6092822104692459, 0.5096179598144123, 1.2644247114658356, 0.46322527900338173, 0.5365343801677227, 0.5771078124642373, 0.5465390882765253, 0.8018872620537877, 1.0516722895670683, 1.0302501718203225, 1.251624871045351, 0.6430301368236542, 0.5345009915530682, 0.9440207183361053, 0.6439094841480255, 0.8142802913983662, 0.8153644353151321, 0.64656201004982, 0.6497891917824745, 0.5935875475406647, 0.7234875112771988, 0.6818720251321793, 0.5930248349905014, 1.0555925779044628, 1.851046085357666, 0.8031499050557613, 0.8920220360159874, 0.5792812872678041, 0.7384334406150239, 0.6158068887889385, 0.46354908868670464, 0.7668899968266487, 0.6608393341302872, 0.5266661494970322, 0.7500914931297302, 0.6989396313826244, 0.5458048284053802, 0.7126490722099941, 0.48210180178284645, 0.6616683581045696, 0.7209941502660513, 0.6871269382536411, 0.6020043939352036, 0.6654901951551437, 0.6331831216812134, 0.4424493536353111, 0.7216856554150581, 0.3105347640812397, 0.7988926395773888, 0.8845196351408958, 0.571806849911809, 0.8632177710533142, 0.7149899303913116, 0.6435252875089645, 0.7735261172056198, 0.6533923894166946, 0.6460346281528473, 0.5299869298934936, 0.6510364512602489, 1.1148421168327332, 0.6972215821345646, 0.6171104595065117, 2.042033314704895, 0.7304137802372377, 0.6287266656756401, 0.7961812987923622, 0.9713893458247185, 1.0211622901260853, 1.382177895307541, 0.6470867941776912, 0.4845632739365101, 0.6181787773966789, 0.8741024658083916, 0.6189092546701431, 0.5024292949587107, 1.6345145655795932, 0.85323566198349, 1.0328187509661628, 0.6831712424755096, 0.6141815334558487, 0.6120974123477936, 0.6504600532352924, 0.8797655552625656, 0.6584341824054718, 0.6990384608507156, 0.6345406845211983, 0.3761445973068476, 0.4543599374592304, 0.3216490227729082, 1.6230640225112438, 0.8038624301552773, 0.7678395062685013, 0.7379863224923611, 0.3629391435533762, 0.1950240470468998, 0.7282049357891083, 0.9510598347655365, 0.598651185631752, 0.5946945998817682, 0.5670901063829661, 0.3968873769044876, 0.5648213513195515, 0.5076754937569301, 0.1876920871436596, 0.1720858234912157, 1.1115123014897108, 1.1954704105854035, 0.17452016472816467, 1.7332269102334976, 0.8148714353640873, 0.7175003588199615, 0.7778703793883324, 0.6651341021060944, 0.6406815946102142, 0.6657408624887466, 0.6681958958506584, 0.5682764545083046, 0.8996533416211605, 0.5362110808491707, 0.9650079712271691, 0.7235368937253952, 0.7226423621177673, 0.75901660323143, 0.6240595132112503, 0.6964040845632553, 0.5409294385462999, 0.3929278738796711, 0.5629078050454457, 0.5397809619704883, 0.5830879807472229, 0.7690369337797165, 0.6363460496068001, 0.4803495588047164, 0.6678981781005859, 0.8482679824034374, 0.6337286134560902, 0.620982614159584, 0.7147593796253204, 0.6756990296500069, 0.554955342411995, 0.5511696711182594, 0.48320236802101135, 0.8980805054306984, 0.9399910382926464, 0.5985870957374573, 0.635335203508536, 0.6893081649073532, 0.568935863673687, 0.8635397776961327, 0.6086039140820503, 0.9877751879394054, 0.6980170408884685, 0.8772126540541649, 0.6440337803214788, 0.7394519448280334, 0.6498808115720749, 0.6830203458666801, 0.65808185338974, 0.6642778068780899, 0.5951357930898666, 0.7243137210607529, 0.7375665605068207, 0.791353166103363, 0.7357968650758266, 0.9173573106527328, 0.743710458278656, 0.6557244211435318, 0.5497044573227565, 0.7309273108839989, 0.6623539019908224, 0.6891121516625087, 0.7802147716283798, 0.687328927218914, 0.6448121617237728, 0.7380754550298054, 0.7390790432691574, 0.6611946821212769, 0.7321991547942162, 0.6747908145189285, 0.6940421536564827, 0.6987835690379143, 0.7140272259712219, 0.6853813380002975, 0.6929303382833798, 0.5806477069854736, 0.6534139811992645]
2025-11-13 22:51:19 - ffalora - INFO - loss data:
2025-11-13 22:51:19 - ffalora - INFO - [0.5741102149089177, 0.5998744070529938, 0.4087577901780605, 0.716676934932669, 1.2695884816348553, 0.6829340904951096, 0.6792100518941879, 0.7816601161445891, 1.632494365175565, 0.7383058071136475, 0.5446877710521221, 0.7092483825981617, 1.0552190691232681, 0.7736021131277084, 0.620207890868187, 0.5159544125199318, 1.4045744985342026, 0.5058400159080823, 0.5058193355798721, 0.5803155921399593, 0.5000716998552283, 0.9384173594415188, 1.1447022207081319, 0.9271577149629593, 1.273769922554493, 0.727062851190567, 0.564566008001566, 1.1172845313946405, 0.7884893616040547, 0.7786059627930324, 0.8456320315599442, 0.6710249483585358, 0.6388228982686996, 0.548289455473423, 0.7444547514120738, 0.7026936262845993, 0.5792419708200863, 0.9281305521726608, 1.6259807348251343, 0.7875846326351166, 0.85545389726758, 0.5957568667829036, 0.7607937252947262, 0.6207173708826303, 0.47580064833164215, 0.7744081411510706, 0.7006850838661194, 0.5414255410432816, 0.7351855486631393, 0.6806027938922246, 0.5440474549929302, 0.7338111152251561, 0.4919154025614262, 0.6762362037386214, 0.7330025006085634, 0.7043063404659431, 0.6457220017910004, 0.6806991100311279, 0.640673466026783, 0.46006567776203156, 0.7242888733744621, 0.31909267604351044, 0.7944735810160637, 0.9259923756122589, 0.5927400328218937, 0.9130637844403584, 0.6992029994726181, 0.6609016731381416, 0.7436535507440567, 0.6593089252710342, 0.6621650904417038, 0.550308135151863, 0.6171287347873051, 1.043607160449028, 0.6971126000086467, 0.6394301868975163, 1.8558645844459534, 0.7104097505410512, 0.6731923516839742, 0.8476114645600319, 1.0744237173348665, 1.0719766803085804, 1.435517343878746, 0.6044056415557861, 0.49637029208242894, 0.6030031517148018, 0.8163686916232109, 0.6588959842920303, 0.5175449259579181, 1.5414665844291449, 0.8004966303706169, 1.0446397286085856, 0.6438240259885788, 0.6075702259937923, 0.619347833096981, 0.6488298997282982, 0.8464375287294388, 0.6556117832660675, 0.6934093832969666, 0.6200234815478325, 0.37989799305796623, 0.49187808483839035, 0.3116417571902275, 1.66017397493124, 0.9428880512714386, 0.8959637023508549, 0.8909437209367752, 0.36736487224698067, 0.2028433494269848, 0.7485924959182739, 1.0138958346630846, 0.7372822538018227, 0.6787993654608726, 0.5748862408101558, 0.4664834141731262, 0.574045155197382, 0.5392038352787495, 0.23629480972886086, 0.21409882232546806, 0.905556995421648, 1.0284292776137591, 0.176731638610363, 1.752171429140227, 0.9812433222929637, 0.9220971204340458, 0.5812134072184563, 0.6945589482784271, 0.6645111963152885, 0.495348259806633, 0.7537145564953487, 0.58898174315691, 0.7548770420253277, 0.5763400771788189, 0.9256852619349957, 0.6986947953701019, 0.6686915010213852, 0.7608908414840698, 0.6598666459321976, 0.6859949678182602, 0.6246066428720951, 0.493189312517643, 0.5925335139036179, 0.5951419671376545, 0.641646221280098, 0.7135966916879017, 0.6677118130028248, 0.5413799871291434, 0.5890969820320606, 0.82273913671573, 0.6306663205226262, 0.6520663797855377, 0.6837350577116013, 0.6749840485198157, 0.5462084382772445, 0.5680216550827026, 0.4801344498991966, 0.8298940286040306, 0.905851673334837, 0.5755876377224922, 0.6754574716091156, 0.6724859311112336, 0.5822710863181523, 0.831856980919838, 0.617837019264698, 0.9653786197304726, 0.7186423937479656, 0.8719798550009727, 0.6719098351895809, 0.6931855380535126, 0.6741116344928741, 0.6810722288986046, 0.6844261646270752, 0.7097538837364742, 0.6199547871947289, 0.7638656546672185, 0.6787248849868774, 0.7213473580777645, 0.781578041613102, 0.8919155299663544, 0.7653380433718364, 0.6986802890896797, 0.5752236644426982, 0.704222223162651, 0.6772649245602744, 0.718799315392971, 0.7736221104860306, 0.7173327406247456, 0.6592751294374466, 0.7230411221583684, 0.7559700459241867, 0.6813244111835957, 0.7133636265993119, 0.7240973164637883, 0.6800411939620972, 0.7434571422636509, 0.7530778497457504, 0.6213283315300941, 0.7206282392144203, 0.5835558325052261, 0.6109259596892765]
2025-11-14 12:49:41 - ffalora - INFO - loss data:
2025-11-14 12:49:41 - ffalora - INFO - [0.6494947175184886, 0.6228147596120834, 0.4210631508380175, 0.6918360025932392, 1.3200227096676826, 0.7112803161144257, 0.6086826100945473, 0.7440347926957267, 1.4381018082300823, 0.7174637541174889, 0.5154038909822702, 0.6830324344336987, 1.011626477042834, 0.7586043626070023, 0.6122905761003494, 0.4825260138937405, 1.5204144269227982, 0.5208110300203164, 0.4981696829199791, 0.606645542383194, 0.5463565756256382, 0.8607618167996407, 1.221986710652709, 0.9696765244007111, 1.4035585559904575, 0.6860245317220688, 0.6240363292396068, 1.1164173434178033, 0.8905988683303196, 0.7926876495281856, 0.836302861571312, 0.6686955690383911, 0.6493998169898987, 0.5343312099575996, 0.7550697078307469, 0.6854267567396164, 0.5840110560613019, 0.9869929924607277, 1.6446925699710846, 0.7737025991082191, 0.886667512357235, 0.6585960756987334, 0.734038522200925, 0.6139983031898737, 0.4407397024333477, 0.7875728346407413, 0.7190313935279846, 0.4824618473649025, 0.7580141425132751, 0.72054123878479, 0.5677498032649357, 0.7094312459230423, 0.48260386250913145, 0.6831135387931551, 0.7947503309696913, 0.7307977713644505, 0.6488066762685776, 0.6505497694015503, 0.6482798382639885, 0.413912795484066, 0.7409606594592333, 0.23587698489427567, 0.8958064615726471, 1.0571912184357644, 0.5982311014086008, 0.9053218265374501, 0.6513038128614426, 0.6702686548233032, 0.6814242899417877, 0.6671282798051834, 0.6806354373693466, 0.5567312240600586, 0.6124390562375386, 0.9711690247058868, 0.6670572410027187, 0.6316035263240337, 2.019229471683502, 0.7342024197181065, 0.6301361210644245, 0.820082999765873, 1.0039083175361156, 0.9255343154072762, 1.202922734618187, 0.6385548065106075, 0.4938368134200573, 0.5647876784205437, 0.8502148911356926, 0.6465348154306412, 0.5200574997812509, 1.3248630575835705, 0.7399449348449707, 1.0277322502363295, 0.6556110680103302, 0.608318602045377, 0.5965372547507286, 0.6766296029090881, 0.8325388580560684, 0.6511431038379669, 0.6773668378591537, 0.6256686337292194, 0.38265911117196083, 0.5253744348883629, 0.3209845721721649, 1.6198897138237953, 0.8270474188029766, 0.8002106621861458, 0.7665673866868019, 0.3618088662624359, 0.16835103183984756, 0.8018727749586105, 1.116457394191197, 0.7625511176884174, 0.618637389689684, 0.5830781862139702, 0.4136833921074867, 0.5733113810420036, 0.5506405166039865, 0.22604235261678696, 0.2031870260834694, 0.8852141723036766, 1.097591321915388, 0.19430825486779213, 1.672571410025869, 0.9423403392235439, 0.8409751728177071, 0.6563864126801491, 0.6623064279556274, 0.6546683609485626, 0.5665133744478226, 0.699265044182539, 0.5872941195964814, 0.790528018027544, 0.5701595385159766, 0.9259603902697563, 0.7477235794067383, 0.6601688712835312, 0.809767059981823, 0.6779592484235764, 0.6324346363544464, 0.6219674348831177, 0.48681947961449623, 0.5630883425474167, 0.5750857045253117, 0.6239571571350098, 0.7504730671644211, 0.672270867973566, 0.57322382075446, 0.6139869876205921, 0.8282372032602627, 0.6303310592969258, 0.6488579913973809, 0.7073200568556786, 0.6685922401291984, 0.528992959856987, 0.5729495733976364, 0.4622070714831352, 0.8107443563640118, 0.8881329745054245, 0.5896035134792328, 0.672147857149442, 0.6566810331174305, 0.5815007367304393, 0.8558881282806396, 0.5964835077524185, 0.9682167433202267, 0.6913445045550664, 0.8974858373403549, 0.6217722781002522, 0.645111158490181, 0.6932130455970764, 0.6630285953481991, 0.6355281710624695, 0.7024219674723489, 0.6250425726175308, 0.7782970865567524, 0.7484704703092575, 0.7800005190074444, 0.7562134340405464, 0.8329572975635529, 0.7215660462776821, 0.7212738990783691, 0.5786310533682506, 0.7078210055828095, 0.6720160671642849, 0.7125137448310852, 0.8373349159955978, 0.7055406247576077, 0.6542356759309769, 0.733326901992162, 0.7448102310299873, 0.6767526529729366, 0.6963838651776314, 0.7636715720097225, 0.7128663609425228, 0.7454377450048923, 0.7293699383735657, 0.6052634343504906, 0.6987948939204216, 0.6303974464535713, 0.5894178726843425]
2025-11-14 22:24:33 - ffalora - INFO - loss data:
2025-11-14 22:24:33 - ffalora - INFO - [0.59551702439785, 0.6055423766374588, 0.4082833681255579, 0.7038135795543591, 1.3330310098826885, 0.678073525428772, 0.6452912911772728, 0.7254403574126107, 2.0212677667538324, 0.7031954824924469, 0.5590803574770689, 0.7388024013489485, 1.093941072622935, 0.816776692867279, 0.6111991330981255, 0.4802877072777067, 1.3681989461183548, 0.4879841096699238, 0.49290453270077705, 0.5449791498482227, 0.5252595809598763, 0.7925860580056906, 1.1171901993453504, 0.8612164755662283, 1.3193987235426903, 0.6624587625265121, 0.5730258833616972, 1.188946078221003, 0.8045793324708939, 0.7612036565939586, 0.8357158303260803, 0.6617853045463562, 0.6417795121669769, 0.5585656315088272, 0.7477037111918132, 0.6782530695199966, 0.5898982180016381, 0.899402279406786, 1.5397357046604156, 0.7785631418228149, 0.8601309396326542, 0.6373095974326134, 0.7853881865739822, 0.623281080275774, 0.4976029470562935, 0.7795903366059065, 0.6848897337913513, 0.5016645640134811, 0.8021700158715248, 0.7184823155403137, 0.5802510976791382, 0.7172432939211528, 0.4900090925395489, 0.6963148329939162, 0.7666816730052233, 0.7249730428059895, 0.6456168591976166, 0.6434019953012466, 0.6660595312714577, 0.41782253980636597, 0.7589152436703444, 0.27803703397512436, 0.8100888505578041, 0.9482459560036659, 0.5878863763064146, 0.8877446701129277, 0.6739556044340134, 0.6782791316509247, 0.7201478183269501, 0.6583327502012253, 0.6610717177391052, 0.55656808167696, 0.6194056173165639, 1.0752846598625183, 0.6836311320463817, 0.6420456316322088, 1.9822618663311005, 0.7251813026765983, 0.6358709421008826, 0.7463946901261806, 0.9865196477621794, 0.8067413456737995, 1.2597889214754106, 0.6274833530187607, 0.4905623871833086, 0.5769394934177399, 0.8590604811906815, 0.6574954390525818, 0.4857355449348688, 1.317838165909052, 0.7915014438331127, 1.015742621251515, 0.6598998457193375, 0.5968620826800664, 0.6030363515019417, 0.6360866241157055, 0.870885968208313, 0.5941100865602493, 0.6625210791826248, 0.5859958939254284, 0.38683560863137245, 0.4440075010061264, 0.3004099830985069, 1.5057196952402592, 0.7347548641264439, 0.7159204743802547, 0.7218281831592321, 0.35787508264184, 0.18733083084225655, 0.7219555974006653, 0.9820789359509945, 0.6264160200953484, 0.6378530524671078, 0.5461930964142084, 0.3830040991306305, 0.5699518248438835, 0.5388629960517088, 0.22075718641281128, 0.2128137368708849, 0.892509438097477, 1.0975531440228223, 0.17967402935028076, 1.721483126282692, 0.967506359020869, 0.8410711213946342, 0.6302517652511597, 0.5836349427700043, 0.6049718335270882, 0.5251146256923676, 0.7002603026727836, 0.5859688147902489, 0.8295007459819317, 0.5916216958846365, 0.9150093235075474, 0.7455418854951859, 0.6904874071478844, 0.7867529764771461, 0.6548319905996323, 0.6017726436257362, 0.5534247420728207, 0.43785206228494644, 0.5781774347027142, 0.5450806866089504, 0.6121321320533752, 0.6850862801074982, 0.6600383706390858, 0.5629662424325943, 0.6009863950312138, 0.8094093973437946, 0.630762626727422, 0.6512630350887776, 0.7153229415416718, 0.669824481010437, 0.5257248982787133, 0.5656042359769344, 0.4386482834815979, 0.9105851501226425, 0.8347737975418568, 0.534061424434185, 0.6926522796352704, 0.661929867629494, 0.5859001385314124, 0.8455906808376312, 0.615176260471344, 0.9129648990929127, 0.6922372629245122, 0.839928711950779, 0.5708324834704399, 0.7006788402795792, 0.6564601212739944, 0.6589112256964047, 0.602231365442276, 0.6578261171068465, 0.6105279475450516, 0.7683319399754207, 0.7729577794671059, 0.7988208159804344, 0.7585490867495537, 0.8371745198965073, 0.6573664098978043, 0.7008485794067383, 0.5450141876935959, 0.7196593210101128, 0.6786025645477431, 0.7076395476857822, 0.8656071573495865, 0.713304340839386, 0.6884914288918178, 0.700108215212822, 0.7693502753973007, 0.7029650434851646, 0.7069064363837242, 0.704111357529958, 0.7642119626204174, 0.7617708183825016, 0.6545128673315048, 0.6245179250836372, 0.7027633488178253, 0.6036813482642174, 0.6225627256291253]
2025-11-17 05:19:08 - ffalora - INFO - loss data:
2025-11-17 05:19:08 - ffalora - INFO - [0.517918158788234, 0.45013149827718735, 0.3352717773400639, 0.5997231405228376, 0.887615042073386, 0.6634543091058731, 0.551662445999682, 1.3610503285058908, 1.2281367868185042, 0.6878834366798401, 0.34183729062270785, 0.6742774415761232, 0.8500324717412393, 0.6193391382694244, 0.6050548553466797, 0.49413893983832424, 1.0716112181544304, 0.460430596023798, 0.5779576301574707, 0.5711489350845417, 0.5517891335508062, 0.6021997394808938, 0.7392279491759837, 0.9230854541063309, 0.6265481412410736, 1.106861313804984, 0.5923115512258128, 0.744243735074997, 0.5777718399961789, 0.7869162634015083, 0.8748887926340103, 0.5659688599407673, 0.7701896391808987, 0.8954533934593201, 0.6932595133781433, 0.6013240739703178, 0.5858146066644362, 0.7249183394014835, 0.7782758921384811, 0.6714016273617744, 0.7070757065500533, 0.593075716770009, 0.3570508472621441, 0.7445519747478622, 0.48758894950151443, 0.6391743905842304, 0.6589200049638748, 0.5258193388581276, 0.680082531645894, 0.614278894662857, 0.5825043097138405, 0.7197321146726608, 0.4270643161254979, 0.7631929684430361, 0.4750603921711445, 0.6394504487869286, 0.598136655986309, 0.6518609300255775, 0.6409037038683891, 0.346054270863533, 0.6785653896097625, 0.29399303160607815, 0.7095202184282243, 0.5734171904623508, 0.8031409457325935, 0.6985540265838306, 0.9289981573820114, 0.5823020879179239, 1.2098639905452728, 0.6464370787143707, 0.6608489602804184, 0.5243895183731284, 0.8051625043153763, 0.8211014270782471, 0.6672582924365997, 0.5662270037359313, 1.7014488875865936, 0.611580502135413, 0.34616876515554407, 0.6742991246283054, 0.7467787595731872, 0.7649222649633884, 0.9201981847484906, 1.1402394498387973, 0.45311960997799083, 0.6005929261445999, 0.8008466828614473, 0.7587909251451492, 0.38700783674262074, 1.1904618410127503, 0.7055312776938081, 0.8262190034701711, 1.6814274191856384, 0.9298173512021701, 0.621249757707119, 0.5975373452529311, 1.0942445322871208, 0.6477737128734589, 0.6625339016318321, 0.6861512586474419, 0.3393758365086147, 0.45684802532196045, 0.2797643864331277, 1.4225271110023772, 0.6581637263298035, 0.6338974386453629, 0.5479776617139578, 0.4036703679178442, 0.1452028602361679, 0.7928249686956406, 0.8133856547730309, 0.4519373487148966, 0.5367740077070065, 0.5464382120408118, 0.22291718050837517, 0.589078546235604, 0.53977562740053, 0.16930463630706072, 0.1537351831793785, 1.1328861694782972, 1.245411276621254, 0.1345911417156458, 1.5504560566374233, 0.6026298426091671, 0.5394084740962302, 0.7650298625230789, 0.7003091499209404, 0.6685355380177498, 0.5039336681365967, 0.7366104729118801, 0.5258970678680472, 1.1099020732300622, 0.5541120929909604, 0.970284326352123, 1.0789831578731537, 0.8600157052278519, 0.5780990179628134, 0.44163908809423447, 0.6755980625748634, 0.42236497146742685, 0.3329495768994093, 0.650893351684014, 0.5671406283974647, 0.5392556264996529, 0.9373414129018783, 0.7388617587941033, 0.5195195616355964, 0.6658382671219962, 0.9327040404081345, 0.6468310117721557, 0.6016492831863856, 0.8604417629539967, 0.7657814850764615, 0.4350667852494452, 0.5596975732062544, 0.40469419583678246, 1.1005025953054428, 0.9346306600740978, 0.6260839477181435, 0.6498584479877824, 0.7667539268732071, 0.5767064972647599, 1.0572279542684555, 0.5932358846896224, 1.2897818801658494, 0.8038434262077014, 0.9655347497839677, 0.7046390165175711, 0.7550873011350632, 0.7771760933101177, 0.7866827597220738, 0.659718405869272, 0.6704639739223889, 0.6321871802210808, 0.8288388222455978, 0.7457319907844067, 0.8216059335640499, 0.8166175122771944, 1.0207751393318176, 0.8166316027442615, 0.7430185154080391, 0.5900890678167343, 0.7084640640961497, 0.6680406395878111, 0.71970334649086, 0.8082684576511383, 0.7220968293646972, 0.6887523954113324, 0.7533370330929756, 0.7751965969800949, 0.7039650976657867, 0.7183733676609241, 0.742297476530075, 0.7147851139307022, 0.7482370351042067, 0.7178544338260378, 0.6356527209281921, 0.7187394040326278, 0.6170042715966702, 0.6477583976728576]
2025-11-17 06:40:08 - ffalora - INFO - loss data:
2025-11-17 06:40:08 - ffalora - INFO - [0.5743447933346033, 0.4615992158651352, 0.308705041062479, 0.5929247739724814, 0.8940465705735343, 0.6390518173575401, 0.5630835480988026, 0.9171530849167279, 1.317350235581398, 0.6741526052355766, 0.33460361174204284, 0.8297104854136705, 0.9301871185501416, 0.6124304405280522, 0.6062647551298141, 0.47220312990248203, 1.1356769502162933, 0.4682025745511055, 0.575860470533371, 0.4886494724390408, 0.6033043294317193, 0.6039328887053426, 0.58696925202902, 0.9242578893899918, 0.6364308151283434, 0.9467012640088797, 0.6184549141871302, 0.8362752348184586, 0.5464236537615459, 0.8385261967778206, 0.7880822122097015, 0.6176455467939377, 0.7002051472663879, 0.7748829424381256, 0.7050717294216156, 0.5566205568611622, 0.5815818000451795, 0.9323438387364149, 1.2072526589035988, 0.6233071312308311, 0.7226147140775407, 0.5847222632483432, 0.39605187837566647, 0.8065565856439727, 0.4115997143089771, 0.5698556894702571, 0.6515181958675385, 0.5401884838938713, 0.6314467461779714, 0.6097421228885651, 0.6209600170453389, 0.7172003239393234, 0.387286706236265, 0.7343178042875869, 0.4843683381165777, 0.5998787713192758, 0.5880920141935349, 0.6460287198424339, 0.644435316324234, 0.4061937928199768, 0.6971783638000488, 0.36004550009965897, 0.7534107146784663, 0.5835691607660718, 0.7759373486042023, 0.7583003714680672, 0.9447633028030396, 0.5877028917893767, 1.2130966484546661, 0.6120204776525497, 0.660406157374382, 0.5296025244105194, 0.8430831258495648, 0.9502070248126984, 0.6787980670730274, 0.5559449305659846, 2.0014931857585907, 0.6259094304272107, 0.3675888519167726, 0.6582802012562752, 0.7598996141127178, 0.9165597148239613, 1.1113062248461776, 1.1305695076783497, 0.42238628972203485, 0.5780863203108311, 0.7449151258915663, 0.8087267875671387, 0.3901405579557544, 1.2497680197869028, 0.7593619357794523, 0.8454525688929218, 1.4265144765377045, 0.8719315255681674, 0.6221534833312035, 0.6949718110263348, 0.9867408946156502, 0.6546133682131767, 0.6859587654471397, 0.6534475950258118, 0.30853153871638433, 0.45772315189242363, 0.29997021704912186, 1.434714783515249, 0.6952753961086273, 0.6820940747857094, 0.6378714181482792, 0.3876730930060148, 0.15499352291226387, 0.8271256759762764, 0.8602094597050122, 0.5594532926167761, 0.6014996456603209, 0.5367751911674675, 0.19259104132652283, 0.5892810845481498, 0.5530146673321724, 0.165259406901896, 0.16699989885091782, 1.0480689257383347, 1.15722257369443, 0.2210338357836008, 1.4252066149243285, 0.598995990306139, 0.5317049888627869, 0.8146005682647228, 0.6789455562829971, 0.6557202488183975, 0.5145600400865078, 0.7115522399544716, 0.5272657277269496, 1.1618890975202834, 0.5570771462683166, 0.9840804917695827, 1.0733690112829208, 0.8539878278970718, 0.5804334860295057, 0.4247189573943615, 0.6274130716919899, 0.4074002110532352, 0.24973353371024132, 0.6610987453411022, 0.5424264386296272, 0.5469112060964108, 0.9427805751562118, 0.7021369401897704, 0.5016015959637505, 0.679181803550039, 0.8998916782438755, 0.6239295840263367, 0.5792616618923228, 0.9060309678316116, 0.8054197638162545, 0.4221307920912901, 0.5521146337102567, 0.3733927309513092, 1.0825752339192798, 0.9070095292159489, 0.6557905673980713, 0.6158202925795002, 0.8108250722289085, 0.5797213933297566, 1.0585100948810577, 0.5989612129827341, 1.3291094665016447, 0.8133297214905422, 0.8616827106789539, 0.7180126649992806, 0.7867864519357681, 0.7601650841534138, 0.8218288630956695, 0.6286626673407025, 0.6045969873666763, 0.6332882270216942, 0.8023813933134079, 0.7153917346149683, 0.7710161805152893, 0.7727911855493272, 0.92181296646595, 0.7538671270012856, 0.7213458269834518, 0.6163407742977143, 0.6828806039534117, 0.6482038221188954, 0.6964685991406441, 0.7465304285287857, 0.6988692755500476, 0.6961493790149689, 0.6773980905612309, 0.7481295168399811, 0.7053933164903096, 0.686859487702972, 0.6699270814657211, 0.6863897174596787, 0.7020527747060572, 0.6504602049078261, 0.6528769992291927, 0.6870006000002224, 0.6691317223012447, 0.6411232565130507]
2025-11-17 07:22:58 - ffalora - INFO - loss data:
2025-11-17 07:22:58 - ffalora - INFO - [0.5650180485099554, 0.46422116458415985, 0.32525751033895894, 0.5839485419448465, 0.8022699036768505, 0.6398953571915627, 0.5095396405085921, 0.9885707710470473, 1.2828019112348557, 0.6863749772310257, 0.32177710884975064, 0.7191675677895546, 0.8289255108684301, 0.6356271377631596, 0.5818033516407013, 0.48206931432443006, 1.0925415754318237, 0.46069156005978584, 0.5644656068512371, 0.5127446982336955, 0.5921563600293465, 0.5242228416415552, 0.5901543092396524, 0.7808127224445343, 0.5582927747496537, 1.020749875344336, 0.6696339399896953, 0.7395502184828122, 0.5632943958044052, 0.8092080826560657, 0.7769538164138794, 0.5301262252032757, 0.7213996984064579, 0.8342385292053223, 0.6367916077375412, 0.6550590917468071, 0.5594725582216467, 0.8038879316300154, 1.2037151381373405, 0.6281494498252869, 0.7197916486433574, 0.6691326083321321, 0.4413443404648985, 0.827395036816597, 0.40933431312441826, 0.5289705273961383, 0.6745857298374176, 0.5484378784894943, 0.7033724375069141, 0.6193068861961365, 0.6246589794754982, 0.7472841650247574, 0.3939058041451351, 0.83758618815669, 0.4393169249274901, 0.6321392625215507, 0.5807141438126564, 0.6873326748609543, 0.6234443485736847, 0.42009294778108597, 0.6362951509654522, 0.3898190716281533, 0.6109919738955796, 0.406423712718404, 0.8782914546983582, 0.9767990534504254, 1.0446705967187881, 0.5631515271961689, 1.4447599053382874, 0.688573881983757, 0.6878467500209808, 0.5427126372233033, 0.9111654063065846, 1.1673141717910767, 0.6935880209008853, 0.540953342067568, 2.003978580236435, 0.6253188101308687, 0.3306062015710257, 0.6748266369104385, 0.7750816361180374, 1.130549719557166, 1.2025814172294405, 1.3019046535094578, 0.414664791216926, 0.5844571590423584, 0.7225155141204596, 0.8452868647873402, 0.3527327823011499, 1.2950124921543258, 0.7116080243140459, 0.8265207019590196, 1.723945438861847, 0.9882303376992543, 0.6073268428444862, 0.6335593461990356, 0.8561763241887093, 0.6275707930326462, 0.5838998518884182, 0.7515711997236525, 0.32114330200212343, 0.4869368188083172, 0.27338717642583343, 1.4612210094928741, 0.6385157108306885, 0.6415432542562485, 0.5726665519177914, 0.43189735843666965, 0.1523076668381691, 0.8598001897335052, 0.8331220799258776, 0.45067655720881056, 0.5390507140093379, 0.5313852850445792, 0.21622462570667267, 0.5808815777833973, 0.5487381653566109, 0.35611492209136486, 0.19942357996478677, 1.0528847202658653, 1.1043733778948845, 0.1387141700834036, 1.5470671196069037, 0.5825588578358293, 0.54103172570467, 0.8268471024930477, 0.6889380812644958, 0.6348777413368225, 0.5099689327180386, 0.7320156569282215, 0.5104168521033393, 1.1973910140139716, 0.5526277797562735, 0.9341516282437439, 1.200042873620987, 0.9473446905612946, 0.5480349585413933, 0.3595789298415184, 0.6969107240438461, 0.447383315967662, 0.25783112086355686, 0.6770774548252424, 0.5459260195493698, 0.5906203575432301, 0.9102183431386948, 0.6890889321054732, 0.5099134067339557, 0.7099750765732357, 0.9141568303108215, 0.642577251791954, 0.589243344122306, 0.878713808953762, 0.7916081356150764, 0.43142949003312325, 0.5629129855494415, 0.3915802724659443, 1.1164734320981162, 0.968441516160965, 0.6448414288461208, 0.6238878672060213, 0.8069157568471772, 0.5834090443594115, 1.1385291740298271, 0.5894080582592223, 1.3687497568981988, 0.7968678499261539, 0.9505864154351384, 0.7349236980080605, 0.8178773820400238, 0.7525490894913673, 0.8248029486054466, 0.6451099647416009, 0.6263782988701547, 0.6319643333554268, 0.8248165041208267, 0.7344179190695286, 0.8310006303446633, 0.8171161455767495, 0.9527892172336578, 0.7829473689198494, 0.7281491719186306, 0.5860672131180763, 0.7029432795549694, 0.6600521802902222, 0.7115790011982124, 0.7919005304574966, 0.7128325576583545, 0.7134986519813538, 0.7329734240969021, 0.7799243032932281, 0.6845389412982124, 0.7110843603548251, 0.6881110787391662, 0.7051241874694825, 0.7274387207414423, 0.7079466560057232, 0.672221802175045, 0.7105419288078945, 0.62287987023592, 0.6463955896241325]
2025-11-17 08:14:20 - ffalora - INFO - loss data:
2025-11-17 08:14:20 - ffalora - INFO - [0.578666627407074, 0.6314052492380142, 0.5710224558909733, 0.5729231983423233, 0.6124226065973442, 1.094152247843643, 1.5363772600889205, 0.7253045539061229, 0.5382427138586839, 0.7177133977413177, 0.46382292903338873, 1.0287378827730813, 0.6346946756045024, 0.4912260348598162, 0.682513665407896, 1.514227718114853, 0.7306591287255286, 0.7093543961644173, 0.5924230217933655, 0.5375533505963782, 0.5016780774574727, 0.6829609602689743, 0.5373314549215138, 0.9305339008569717, 0.6240985641876857, 0.8045198942224185, 0.474412066799899, 0.8172011852264405, 0.575473241508007, 0.5326113300397992, 1.2659196202953658, 0.6327154686053593, 0.5257545678565899, 0.9034642115235328, 0.6292748892058928, 0.7429894028852383, 1.979663997888565, 0.9005021800597508, 0.5875147469341755, 0.7702163323760033, 0.5673477637271087, 0.8504378974437714, 0.6789546956618626, 0.715206469098727, 0.6075489769379298, 0.6098980809251467, 0.5209253939489523, 1.7453159391880035, 0.19608439163615304, 2.211110641558965, 1.1286363303661346, 0.8230140258868535, 0.6608651677767436, 0.6632085412740707, 0.5920934945344924, 0.6944019645452499, 0.613196785748005, 0.673450693488121, 0.6069040447473526, 0.6860622957348823, 0.49014773530264694, 1.5943542420864105, 0.21468388894572854, 1.0463159332672753, 0.4336031867812077, 1.2367295424143474, 0.6217771569887798, 0.5483862236142159, 0.6865370869636536, 0.7489975839853287, 0.6082528173923493, 0.4507468927651644, 0.5540212616324425, 0.9110313147306442, 0.5037111186732849, 0.37870686650276186, 0.7296209434668224, 0.56233166406552, 0.616077256699403, 0.5397243363161881, 0.7521926259001096, 0.5056107963124912, 0.6686121548215549, 0.23497499742855626, 2.1181615591049194, 1.1792979656408231, 1.758940577507019, 0.6487348219379783, 1.0304713351652026, 0.6701634253064791, 0.7696978876988093, 0.6381530165672302, 0.5187198668718338, 0.5719526472191017, 0.9412831544876099, 0.4651664197444916, 0.5140148103237152, 0.5407401323318481, 0.49072886630892754, 0.6033938061445951, 0.6652451396609346, 1.3915311262011527, 0.5795238763093948, 0.5794628858566284, 0.519992882013321, 0.5877978305021921, 0.5478277713060379, 0.4946799917767445, 0.5504013989120722, 0.8188929870724678, 0.5909555350740751, 0.6000686287879944, 0.6317073851823807, 0.7499063288172085, 0.530415453016758, 0.6558310190836589, 0.599029965698719, 1.058610846598943, 0.7035164386034012, 0.41234789354105794, 0.5051129295801122, 0.9035474707682927, 0.439471181606253, 0.4459829678138097, 0.4422203076382478, 0.5530425707499187, 0.5287779440482457, 0.47150693436463675, 0.4780776146799326, 0.568734229542315, 1.1333764173090457, 0.4563736251244942, 0.4382557224482298, 0.550368644297123, 0.2632038090378046, 1.5434852043787637, 0.5197161237398783, 0.159151422791183, 1.504959325492382, 0.5643558353185654, 0.5357257053256035, 0.8808701634407043, 0.6382850805918376, 0.6004597477614879, 0.5853456941743691, 0.6111426055431366, 0.5936019517481327, 0.5502316306034724, 0.6246864447991054, 0.5477016940712929, 0.6654210656881332, 0.66153584420681, 0.6027448326349258, 0.5500655770301819, 0.6815946623682976, 0.549622181802988, 0.646211564540863, 0.4623584680259228, 0.597565608471632, 0.5960128232836723, 0.5854024291038513, 0.5186645984649658, 0.6110708142320316, 0.4931533535321554, 0.8849216401576996, 0.7223682999610901, 0.7137639820575714, 0.6099136471748352, 0.4970781244337559, 0.6236562564969063, 0.6328119784593582, 0.596779113014539, 0.5513704419136047, 0.60639788210392, 0.5267660220464071, 0.6086916022002697, 0.6093570783734321, 0.5637065209448338, 0.47412991250554726, 0.6802044957876205, 0.6392074137926101, 0.5054761290550231, 0.512808981537819, 0.5639327019453049, 0.6212350279092789, 0.5367221429944038, 0.49341472486654914, 0.6233596156040828, 0.6088244423270226, 0.5593652337789535, 0.5919624119997025, 0.5401093631982803, 0.516000784933567, 0.6683062314987183, 0.5153818075855573, 0.5319173025588195, 0.5654518753290176, 0.5518259232242901, 0.6493313163518906, 0.5273874931037426]
2025-11-17 15:56:12 - ffalora - INFO - loss data:
2025-11-17 15:56:12 - ffalora - INFO - [0.5968175083398819, 0.6155181229114532, 0.5526671707630157, 0.5755322575569153, 0.5857306892673175, 0.9523685018842419, 1.6512886375188827, 0.7778570105632145, 0.5749564656366905, 0.6841006010770798, 0.47669888714638853, 0.9557011077801386, 0.6396495848894119, 0.48984663685162866, 0.7524820771068335, 1.6511390805244446, 0.7202260717749596, 0.7185176402330399, 0.5719801753759384, 0.5197409147707125, 0.5105634364299476, 0.6739659627278646, 0.5164623968303204, 0.9408665731549264, 0.6105819096167882, 0.7835249565541744, 0.44231787418636187, 0.8717709789673487, 0.5588214434683323, 0.5073339141284426, 1.2725207949678103, 0.5875810136397679, 0.49780058922866977, 0.8963933140039444, 0.5805675561229389, 0.7053424355884393, 1.8542324056228003, 0.8505934228499731, 0.5826424174010754, 0.7107863873243332, 0.47597201401367784, 0.8585207402706146, 0.6130355502168338, 0.6290953556696575, 0.5809383715192477, 0.6065044820308685, 0.4754321794801702, 1.9106600880622864, 0.20780010661110282, 1.5038662453492484, 0.533564493060112, 0.4782031973203023, 0.5779027690490086, 0.6904825687408447, 0.5323228222628434, 0.6288185305893421, 0.5996069811284541, 0.5991823673248291, 0.5534936636686325, 0.6860779866576194, 0.48237731913104653, 0.8889409154653549, 0.24289493402466178, 0.9741939802964529, 0.37564081597762805, 1.2249037772417068, 0.46508284906546277, 0.4821148179471493, 0.5679572075605392, 0.6576033234596252, 0.5243335867921511, 0.4307247642427683, 0.5742166247218847, 0.9175497032701969, 0.405984164836506, 0.3679976459592581, 0.6343969230850537, 0.46728502213954926, 0.5128637452920278, 0.40266898150245345, 0.8327876235047975, 0.40298788994550705, 0.504893358796835, 0.14812016921738785, 1.7455559372901917, 0.7425551535561681, 1.4644977301359177, 0.42944137612357736, 0.8187301093712449, 0.4791153312350313, 0.5256115178267161, 0.6103745177388191, 0.3509299010038376, 0.6682369618987044, 1.1438762538135052, 0.30383050069212914, 0.3541814684867859, 0.33909232169389725, 0.3602134333923459, 0.6296114083379507, 0.7357762974376479, 0.8629304744303227, 0.41225603967905045, 0.6243059635162354, 0.4440018177032471, 0.47986824313799537, 0.4268685556948185, 0.43401822820305824, 0.49287949145461124, 0.6627488017082215, 0.49658760478099184, 0.5412765815854073, 0.5767038464546204, 0.7069609761238098, 0.49162596091628075, 0.5804645791649818, 0.5568713064615926, 0.8467309921979904, 0.6450874358415604, 0.32962852871666354, 0.49811899196356535, 0.755059430996577, 0.35513411903132996, 0.35557940540214383, 0.34605433369676275, 0.4863402724266052, 0.43998251458009086, 0.41016492297252016, 0.546717818826437, 0.40050300878162187, 1.1231112524867057, 0.35370328836143017, 0.37295098826289175, 0.41510675847530365, 0.17223837614680332, 1.5110560605923333, 0.41572672687470913, 0.11592055981357893, 1.2546009249985217, 0.3292023204267025, 0.5017974843581517, 0.7212918549776077, 0.6079110130667686, 0.6206101194024086, 0.5236510001122952, 0.4297232925891876, 0.5393865548074246, 0.4859683675070604, 0.5528073360522588, 0.4038218021392822, 0.6139122672379017, 0.5501088127493858, 0.5706401541829109, 0.41413456946611404, 0.6010708659887314, 0.4837144985795021, 0.6256617829203606, 0.38005992472171785, 0.5018384881317616, 0.5331330597400665, 0.5089075043797493, 0.4518752694129944, 0.47161072740952176, 0.32727478692928946, 0.7326517850160599, 0.5411652699112892, 0.5684992522001266, 0.46405493716398877, 0.37612450743714965, 0.5223701015114784, 0.41103871166706085, 0.39346789568662643, 0.3993712166945139, 0.5397125855088234, 0.4256933405995369, 0.4834939554333687, 0.694180503487587, 0.5189427211880684, 0.3832332782447338, 0.506184495985508, 0.5087591737508774, 0.4859112620353699, 0.4375115193426609, 0.4820506155490875, 0.685135580599308, 0.4383000820875168, 0.4055914034446081, 0.502646276106437, 0.6217402935028076, 0.4504927222927412, 0.42744941636919975, 0.43379195431868234, 0.4539031535387039, 0.6874682009220123, 0.4062307305634022, 0.45980225006739295, 0.4760630041360855, 0.4267529125014941, 0.5658121332526207, 0.43535014018416407]
2025-11-22 09:28:50 - ffalora - INFO - loss data:
2025-11-22 09:28:50 - ffalora - INFO - [0.562303567145552, 0.77449785421292, 0.5968377083539963, 0.6748597621917725, 0.6944730654358864, 0.5998918024202188, 0.5800072526825326, 0.83212415377299, 0.5943756767681667, 0.6260557393232982, 0.6424308322370053, 0.6045379926051413, 0.6786043991645176, 0.5897438251546452, 0.7812212035059929, 0.5860532887279988, 0.7368303333009992, 0.5772480668766158, 0.600313164293766, 0.7639096848666669, 0.6099931836128234, 0.5914071455597878, 0.6741884964562598, 0.5409713300565879, 0.8137090548872947, 0.7078925624489785, 0.5253056855073996, 0.4556528143584728, 0.6544092890052569, 0.4703647465578147, 0.5298670542027268, 0.6009980089962482, 0.7373469663517815, 0.4880025002573218, 0.6120123401284218, 0.7127613171935081, 0.6819592763980229, 0.5826341465115548, 0.5944705901046594, 0.6035916730761528, 0.5054166382976941, 0.51108461192676, 0.5421375035175255, 0.6350420301159223, 0.47844506959830013, 0.7270572073757648, 0.5941121857613325, 0.6599184304475785, 0.6347002262870471, 0.583377891778946, 0.6247879438102245, 0.5689857788383961, 0.6333519100610698, 0.5959250181913376, 0.5643684764703114, 0.5320739421461309, 0.5265571844010126, 0.7393720895051956, 0.5970095584080333, 0.45412651853902, 0.6770087952415148, 0.6859557263553142, 0.5981123107175033, 0.44289681932755876, 0.5399748980998993, 0.6051017694175244, 0.6584884730123338, 0.5991765044629573, 0.5735133712490399, 0.5684681586921215, 0.5445994883775711, 0.5631397406260172, 0.5638120584189892, 0.8475541450083256, 0.7017446284492811, 0.5280330125774656, 0.5148101535758802, 0.5144465046624342, 0.47407477072307047, 0.6572644270956516, 0.7374274241072791, 0.4449087704930987, 0.5551872601111729, 0.4506985149568036, 0.45227620037538663, 0.6183834647138914, 0.6295006844614233, 0.4612859158643654, 0.5103421244947683, 0.5513881877064705, 0.5536773160099984, 0.5225134924054146, 0.4716154273599386, 0.6099502825311252, 0.37974024883338386, 1.2997049540281296, 0.7774941436946392, 0.6717962771654129, 0.5914785817265511, 0.517692701270183, 0.5197752892971039, 0.5551445965965589, 0.5030738539993763, 0.4818028469880422, 0.48051540553569794, 0.48774783723056314, 0.48693654462695124, 0.42772660329937934, 0.4686359390616417, 0.5725725196301937, 0.5071245735245091, 0.7051351606845856, 0.5248339034616947, 0.510960653424263, 0.6428421847522259, 0.5191205975910027, 0.4199791772379762, 0.8600529424846173, 0.4998989711205164, 0.5515847466886044, 0.49269094628592336, 0.4591605141758919, 0.5722091639680522, 0.5678032402481352, 0.519408289094766, 0.4933326148561069, 0.47416665628552435, 0.5397626695533593, 0.40204571698393143, 0.41041336112788745, 0.5558954296367509, 0.7294031269848347, 0.5026865224043529, 0.5048314541578294, 0.49655737231175107, 0.5655675746500493, 0.6148726205740656, 0.6064482836851052, 0.8032251745462418, 0.4744876153767109, 0.445943708717823, 0.7780068197420665, 0.5712786443531513, 0.41778086711253437, 0.5125717349350453, 0.46172356978058815, 0.5735342449375561, 0.45119402131864006, 0.6911714188754559, 0.42710503510066444, 0.5777178750506469, 0.44505599471075197, 0.5199918208022912, 0.5282853215932846, 0.5417082250118255, 0.5832899510860443, 0.48059112975994744, 0.5389714635908603, 0.5090595004459222, 0.5282655172049999, 0.5332119060059388, 0.5622721031308174, 0.45650438517332076, 0.6270719914564065, 0.48512935638427734, 0.6878232844173908, 0.504656487171139, 0.5216748419616903, 0.5656604401767253, 0.47855072617530825, 0.6302392339067799, 0.48337290063500404, 0.47758250509699185, 0.47972921207547187, 0.6902550692004816, 0.5466495353196348, 0.48167624697089195, 0.5904652667897088, 0.45601803561051685, 0.5088330234800067, 0.5806393953306335, 0.6530536363522211, 0.5198339283466339, 0.5392049669155052, 0.48559815113743143, 0.5115322094588053, 0.5309038914740085, 0.5595384486019611, 0.5707423701882363, 0.5530266325388635, 0.5180804237723351, 0.574814897030592, 0.6006374813616275, 0.5523519851267338, 0.5973450566331545, 0.536982174962759, 0.5314723640680313, 0.5178765913205488, 0.4930091142654419, 0.5399519670222487]
2025-11-22 11:52:42 - ffalora - INFO - loss data:
2025-11-22 11:52:42 - ffalora - INFO - [0.444916820526123, 0.6634207740426064, 0.6127812534570694, 0.7995735496282578, 0.7573080882430077, 0.6723187863826752, 0.8472100794315338, 0.5154764547944068, 0.6510053964952628, 0.5829459503293037, 0.4790373980998993, 0.6152702867984772, 0.4790245132520795, 0.6518287323415279, 0.6679912894964218, 0.4447537580505013, 0.7053887039422989, 0.7495970286428928, 0.5831906087696552, 0.5893343463540077, 0.44700982347130774, 0.7986144363880158, 0.6417139774809281, 0.60942597463727, 0.5224229730665684, 0.9864231318235397, 0.4247889474034309, 1.123120728880167, 0.615804472193122, 0.6479191517457366, 0.43491789400577546, 0.6491869613528252, 0.6374920457601547, 0.5556233160197734, 0.8312530100345612, 0.6054862920194864, 0.5831536985933781, 0.5572783109835453, 0.7424831390380859, 0.7303012132644653, 0.6012512728571892, 0.48677432239055635, 0.7731688097119331, 0.6498764269053936, 0.5479410797357559, 0.5727572258147928, 0.6047467134892941, 0.6369887374341487, 0.7752200864255427, 0.5473413899540902, 0.5626997026718326, 0.6031471289694309, 0.6601180844008923, 0.4178297075132529, 1.347685920074582, 0.5786719288676977, 0.6182955503463745, 0.3501412235200405, 0.3451383141800761, 0.8888420224189758, 0.5413010232150555, 0.6196233794093132, 0.6401549940928817, 0.47813991121947763, 0.6458206556737422, 0.6724401972360081, 0.6610512968152762, 1.0130660861730576, 0.5230700992047786, 0.33575015440583234, 0.521330714225769, 0.4525331043534809, 0.4141892269253731, 0.4683818385004997, 0.45561926737427716, 1.0953325293958187, 0.5070349261164665, 0.48830489524536663, 0.4007768087089062, 0.5530781332403422, 1.0221263095736504, 0.8543251659721136, 0.5346675193972057, 0.5215350724756718, 0.541452331840992, 0.4550787823067771, 0.75878790859133, 0.7121892012655735, 0.5190232418477535, 0.7318245396018028, 0.5451072955504059, 0.5342552213205232, 0.6327053025364876, 0.5279797385964129, 0.7502622582018376, 1.0241345763206482, 0.4766726214438677, 0.5960528269410134, 0.6045948209034072, 0.5400375563651323, 0.5281135961413383, 0.5058326076716184, 0.39515110788246, 0.6068771881982684, 0.7331498920917511, 0.6253836721181869, 0.5649905122816563, 0.5993923416568173, 0.48371691852807996, 0.8034691054373979, 0.48093568831682204, 0.5088358439505101, 0.6106871096417308, 0.6508640125393867, 0.5517028876476817, 0.4928228474325604, 0.4416544534265995, 0.5692831031978131, 0.6069563353434205, 0.6094260215759277, 0.39428167425923877, 0.6050964340567588, 0.7620752856135369, 0.5364925980567932, 0.7272726710885763, 0.474260613694787, 0.7144313991069794, 0.39803879857063296, 0.40897446746627486, 0.27286624535918236, 1.0859468378126622, 0.5487934071570635, 0.41306005995720624, 0.31869783736765384, 0.6942778397351503, 0.4667503144592047, 0.42224791906774045, 0.8373972842469811, 0.6556505713611841, 0.8243712171912193, 0.6007654782798555, 0.4206081695854664, 0.7667785986430116, 0.5998552277684212, 0.528743616408772, 0.7437893033027649, 0.38297841846942904, 0.5268913581967354, 0.5753175169229507, 0.5124634746462107, 0.6098212867975235, 0.5681646466255188, 0.5798418232136302, 0.4117701085284352, 0.232857905038529, 0.9303919449448586, 0.6090102251619101, 0.5156845569610595, 0.531409806592597, 0.5002755830064416, 0.5045525684952736, 0.45236445385962726, 0.46494377721101043, 0.6232814338058233, 0.6982888625727759, 0.5574313171207905, 0.5940276056528091, 0.5186455643011464, 0.595873523503542, 0.483700517565012, 0.4714137358590961, 0.5394523347417514, 0.5752696163952351, 0.5386883699231677, 0.5728684347122908, 0.5020875461399555, 0.7429715052247048, 0.489506047964096, 0.5751238271594048, 0.5654154112562537, 0.6221572577953338, 0.5338109891861678, 0.42974709905683994, 0.8018639326095581, 0.6203866058753597, 0.5704304889672333, 0.5557488180696964, 0.5567842274904251, 0.5353821292519569, 0.6297614067792893, 0.599640965461731, 0.603939125686884, 0.5626149475574493, 0.5957196176052093, 0.552570678293705, 0.4960832614451647, 0.5462135836482048, 0.6371452428400517, 0.5762078709900379, 0.5890156768262387]
2025-11-22 14:13:36 - ffalora - INFO - loss data:
2025-11-22 14:13:36 - ffalora - INFO - [0.5866294992821557, 0.7145635575056076, 0.5179574910019125, 0.5525294159139906, 0.8406639017164708, 0.5398379020392895, 1.2552215129137039, 0.6851177699863911, 0.7070359103381634, 0.689069214463234, 0.685101467370987, 0.5026443021105869, 0.7057059220969677, 0.4976297657936811, 0.41874348260462285, 0.51139536978943, 0.7915609136223793, 0.8060702867805958, 0.6300908697303385, 0.7477947264909744, 0.6642600744962692, 0.461003399733454, 0.6021549912169576, 0.6018911004066467, 0.7058627314865589, 0.585065417457372, 0.3794717994518578, 0.4702631041407585, 0.7592385821044445, 0.4073424066816057, 0.7514619119465351, 0.5282003417611122, 0.3495075149461627, 0.32946585803957923, 0.8409631196409464, 0.5609066374599934, 0.5187765520066023, 0.9271369986236095, 0.4996730536222458, 0.2824611565364259, 0.7807924285531044, 1.0981715321540833, 0.29525442998856305, 0.8278747405856848, 0.37949416621455123, 0.6211688682436943, 0.46813650948128527, 0.5064144797090974, 0.8202622592449188, 0.6231573708355427, 0.42350826625313076, 0.7235849425196648, 1.1002702489495277, 0.5366990366019309, 0.4787268734404019, 0.3156637102365494, 0.44285448933286325, 0.44576329216361044, 0.6783713206648827, 0.45283464081585406, 0.2540943115949631, 0.4968327624457223, 0.787449300289154, 0.5215622906573116, 0.599267577273505, 0.8691939398646354, 0.33331024800427256, 0.5389296874403954, 0.7900290125980973, 0.5800612691789866, 0.48298036530613897, 1.0257019244134427, 0.8250331003218889, 0.470388101413846, 0.6619521632790566, 0.6652556180953979, 0.5939700854942203, 0.2998399197123945, 0.450486238447151, 0.6445796750485897, 0.45526976604014635, 0.3991532545536757, 0.8189415633678436, 0.55777249597013, 0.4243996227160096, 0.7797010079957545, 1.0459764048457145, 0.4686016466468573, 0.42873957274215563, 0.6885882313363254, 0.6282237190753222, 0.6129543911665678, 0.4151668649166822, 0.4353446740657091, 0.41502533201128244, 0.6367273360490799, 0.5814719781279564, 0.5137816206552088, 0.6337093576788903, 0.7014960572123528, 0.6522809460759162, 0.22730597304180264, 0.7786670675501227, 0.4655769057571888, 0.42372779324650767, 0.41875592269934714, 0.3922067724966577, 0.508959355764091, 0.5625233706086874, 0.7948122918605804, 0.5824361070990562, 0.40726762485823464, 0.8029651794582605, 1.300530232489109, 0.36091102824679444, 0.8445425741374493, 0.4614697052165866, 0.41317591834813355, 0.463069504446217, 0.43947744462639093, 0.6596719540655613, 0.22524186910263128, 0.24568498488515617, 0.6001230534166098, 0.3076571997255087, 0.42945754081010823, 0.3774117399007082, 0.5636371241416782, 0.73219013819471, 0.6804919600486755, 1.0279415667057037, 0.6368032518774271, 0.7898578951717354, 0.47044139887605396, 0.499135013337114, 0.1800990652559059, 0.8832822382450104, 0.411793371476233, 0.5477587355300784, 0.38506132233887913, 0.5067687472328544, 0.9761512936092913, 0.7335226833820343, 0.4863794852048159, 0.9403944253921509, 0.8649435997009277, 0.402951936610043, 0.542794794216752, 0.575599879398942, 0.41627617962658403, 0.5337495222687721, 0.5621947981417179, 0.6760836891829967, 0.48807972436770797, 0.6467269368469715, 0.42791304616257547, 0.5932863596826792, 0.6347322408109903, 0.41754837786512716, 0.5069700675085187, 0.18729197771421502, 0.8894930455833674, 1.1724092066287994, 0.5377331897616386, 0.6480249043275502, 0.4326970407739282, 0.3850327620282769, 0.4283236339688301, 0.7537222895771265, 0.49830836709588766, 0.736673503369093, 0.6988159935572185, 0.40282963849604125, 0.42977504102247105, 1.485835036635399, 0.8777277283370495, 0.6251438795588911, 0.8283934891223907, 0.4499277813360095, 0.4010100279003382, 1.1526192769408226, 0.46865476816892626, 0.5457801440730691, 0.676158496843917, 1.0405888978391886, 1.3027525067329406, 1.0040704384446144, 0.49840806275606153, 0.7424608901143074, 0.8487708121538162, 1.2217420161003247, 0.6877030738862231, 0.5817854900378734, 1.2287628203630447, 1.0215528354048728, 0.5470605734735727, 0.4254007873258421, 0.4438567952252924, 0.28395017555781776, 0.2880491504578718]
2025-11-25 21:30:37 - ffalora - INFO - loss data:
2025-11-25 21:30:37 - ffalora - INFO - [0.5616184886012758, 0.7832537467281024, 0.5872732348740101, 0.6092081541816394, 0.6830870881676674, 0.6151592974861463, 0.660262409065451, 0.9186859801411629, 0.6054314532450267, 0.6124867228170237, 0.643741524964571, 0.6488378177796091, 0.678911300500234, 0.5974759519100189, 0.8465903326869011, 0.5960775293409825, 0.7221672939402717, 0.577771984892232, 0.6091748529246875, 0.7463256374001503, 0.6239225797355175, 0.6050407066941261, 0.7401370835446176, 0.5695321194472767, 0.8228803873062134, 0.7208970367908478, 0.546620774269104, 0.4408152550458908, 0.7056783485625471, 0.5226882975016321, 0.5853263363242149, 0.6080781728029251, 0.783935780681315, 0.5118361269789082, 0.6837348610162735, 0.7769344761967659, 0.7185441305239995, 0.6299438456694285, 0.6272073936959108, 0.6490381434559822, 0.5441042341291904, 0.5714315539669422, 0.6221479852284704, 0.6773186266422272, 0.48498618336660515, 0.8484408661723137, 0.63878138884902, 0.7020033861200015, 0.7143981953461964, 0.635006108880043, 0.6908968299627304, 0.643967155367136, 0.7396739103964397, 0.6256203775604565, 0.6384681860605876, 0.5740650104624885, 0.5875360291628611, 0.8669626444578171, 0.7205861856540043, 0.5295832341270788, 0.8246020451188087, 0.8298750206828117, 0.6769064858555793, 0.5513847416000708, 0.5915043331682682, 0.7467707936962446, 0.7227383032441139, 0.661542022228241, 0.670328921576341, 0.6868944689631462, 0.6233313903212547, 0.6850956335663796, 0.7447512898416746, 0.7547822624444962, 0.7772523636619251, 0.5928978400571006, 0.6342405461839267, 0.6400464663902918, 0.5496399652745043, 0.6684365421533585, 0.9101379556315286, 0.5133057101496629, 0.6503537744283676, 0.5609883048704692, 0.5293562098273209, 0.7978677948315938, 0.7854320034384727, 0.5838776935424124, 0.6182577939970153, 0.6633289905885855, 0.6450094565749168, 0.6432999938726425, 0.562038628757, 0.8133723869919777, 0.5420258087771279, 1.229330025613308, 0.9766849353909492, 0.7191336857421058, 0.6716150179505348, 0.6758921047051747, 0.6462277986109257, 0.6657871375481288, 0.6067941278219223, 0.600690591086944, 0.593987201154232, 0.6119870908558369, 0.6035336032509804, 0.5651665754616261, 0.5520386733114719, 0.5417297370731831, 0.6826191867391269, 0.7440342336893082, 0.658716257661581, 0.628350806236267, 0.5735726207494736, 0.6606945395469666, 0.6429874904098964, 0.8020878329873085, 0.6171238943934441, 0.7139079372088115, 0.6640217875440915, 0.6158740771313509, 0.6456976639372962, 0.6142778662698609, 0.6067464287082354, 0.6184673045362745, 0.6133713319897651, 0.6433928882082303, 0.5593980718936239, 0.5872607504682882, 0.7133557235910779, 0.7261264622211456, 0.6381393199165661, 0.6382005341351032, 0.6604614009459813, 0.6274831607937813, 0.6835272003497397, 0.6177427491971424, 0.7030405163764953, 0.6134810820221901, 0.5630946300923825, 0.7320665067860058, 0.6570859372615814, 0.5963371960180146, 0.6369857251644134, 0.6104491770267486, 0.6925699263811111, 0.6522492610272907, 0.6756091093023617, 0.5967036302600588, 0.6420483991503716, 0.6011188081332615, 0.6469897235433261, 0.6654613102475802, 0.6601611807942391, 0.6612246483564377, 0.6396726056933403, 0.6506994009017945, 0.6557506849368413, 0.6675684430769512, 0.6656052365899086, 0.6631567806005478, 0.6127083778381348, 0.6838138544133732, 0.5829160273075104, 0.7554571117673601, 0.671618794117655, 0.685356246892895, 0.7086529935399691, 0.631483877201875, 0.6876177958079747, 0.6218606010079384, 0.6355190277099609, 0.6392724504073461, 0.7751031087977545, 0.6861085040228707, 0.6884766196211178, 0.6506906854254859, 0.6716336111227672, 0.6590267477290972, 0.6749491989612579, 0.6541445230444272, 0.6456894844770431, 0.6625687731163843, 0.6762054095665614, 0.659265826855387, 0.6463320838553565, 0.6669642940163613, 0.6714658319950104, 0.6851137315943128, 0.6481802716851235, 0.6723959639668464, 0.6744620054960251, 0.6476355642080307, 0.6687009086211522, 0.6696211874485016, 0.6623246505856514, 0.6578078429613794, 0.6479400858283042, 0.6757624570812497]
2025-11-25 23:17:38 - ffalora - INFO - loss data:
2025-11-25 23:17:38 - ffalora - INFO - [0.4364261463284492, 0.6568289324641228, 0.6103126753121615, 0.851624758541584, 0.679344579577446, 0.7524911426007748, 0.9189544469118118, 0.4858904056251049, 0.6572175901797083, 0.6057335011661052, 0.4953654408454895, 0.624454089336925, 0.4894971836358309, 0.6444664224982262, 0.7004751041531563, 0.46102910190820695, 0.6996901154518127, 0.7543093655258417, 0.5776683995500207, 0.5814485788345337, 0.43689190223813057, 0.819784028083086, 0.6416327593227228, 0.6372729197144509, 0.5187019035220146, 1.0640334844589234, 0.4502808883786201, 1.2053182385861874, 0.622804157063365, 0.6682994872331619, 0.42844353467226026, 0.7141419798135757, 0.7009939022362233, 0.5573352262377739, 0.8892232090234756, 0.6114685006439686, 0.5914498656988144, 0.5960532780736685, 0.7285597771406174, 0.7267450138926506, 0.6137794505804777, 0.5015709452331066, 0.8267336465418339, 0.6376340895891189, 0.5591662250459194, 0.6105616862575213, 0.6178645960986614, 0.6874516397714615, 0.7792524583637714, 0.576536761969328, 0.5844405670132902, 0.6494282349944115, 0.6767936646938324, 0.4933997010191281, 1.3134218621999025, 0.6137158028781414, 0.8334101587533951, 0.3815468870103359, 0.3880661651492119, 1.2379026263952255, 0.5999829970300198, 0.6452191829681396, 0.7199852615594864, 0.5617437738925218, 0.8077203318476677, 0.9414951634075907, 0.5951650630682707, 0.9267174936830997, 0.5496805042028428, 0.43874245062470435, 0.685134501920806, 0.5382356685068872, 0.4477220244705677, 0.5603262223303318, 0.4911395356059074, 1.2185267895460128, 0.584966279566288, 0.5431009315782123, 0.43972142823040483, 0.6504370994865895, 0.9078555561602115, 0.9197197876870632, 0.5753975938591692, 0.583553533256054, 0.5958212494850159, 0.5746229928400781, 0.8909731600433588, 0.6713912449777126, 0.6966011449694633, 0.6289352774620056, 0.6102365743368864, 0.7314613655209541, 0.6769726045429707, 0.6113749340176582, 0.720560597628355, 0.7636883854866028, 0.5284149281680584, 0.7799177303910255, 0.641185930205716, 0.6673863179981708, 0.5755732253193855, 0.6114660393446684, 0.554343948347701, 0.6503216158598661, 0.9474796265363693, 0.6287450350821018, 0.657762847095728, 0.7903147571616702, 0.6490935042500496, 0.8089897401630879, 0.62273059040308, 0.593108282238245, 0.7113821320235729, 0.6660054624080658, 0.6113030004004638, 0.5832543780406316, 0.584997919946909, 0.607826079428196, 0.6803767461329698, 0.6832205504179001, 0.583675431046221, 0.6616610735654831, 0.7656624644994736, 0.6080047279596329, 0.820497740805149, 0.6531908884644508, 0.8836063340306282, 0.5459168419241904, 0.5259554011954202, 0.3717770963907242, 1.1530172914266585, 0.7088494058698416, 0.5690143581479787, 0.4491604223847389, 0.7808043044060469, 0.58545578494668, 0.5170105025172234, 0.934152546338737, 0.7773791909217834, 0.7051584109663963, 0.7902904848257701, 0.5871013112366199, 0.8359976386030515, 0.7544979885220527, 0.5520959148804346, 0.8495210312306881, 0.48365373313426974, 0.6991360858082771, 0.5476426035165787, 0.6321883637458086, 0.7505391761660576, 0.6004059031605721, 0.5640478407343229, 0.5196668170392513, 0.3457019358045525, 0.975732546299696, 0.7916105967015028, 0.892666856944561, 0.6224429094129138, 0.6662144180387258, 0.6466356590390205, 0.6298437673598528, 0.6488994404673576, 0.6900416599586606, 0.7876812451415591, 0.6197725240141153, 0.7088541731238365, 0.6586541791756948, 0.6607573002576828, 0.6183518469333649, 0.6355508048087358, 0.6414483563767539, 0.669091847538948, 0.6680717610650593, 0.6816357709467411, 0.6086091130971909, 0.7617556184530259, 0.6553401261568069, 0.6455432355403901, 0.6791604693979025, 0.7049375414848328, 0.6744485132396221, 0.5958332274109125, 0.8068253949284554, 0.7480774021810955, 0.7012212872505188, 0.702870674431324, 0.6673796325922012, 0.6539742300907772, 0.7344686910510063, 0.642247349023819, 0.6621795505285263, 0.6937432304024697, 0.6887176930904388, 0.6313731729984283, 0.6264816354960203, 0.7154640091790093, 0.6627261906862258, 0.6951464369893074, 0.6650983944535256]
2025-11-26 00:51:23 - ffalora - INFO - loss data:
2025-11-26 00:51:23 - ffalora - INFO - [0.604978867407356, 0.6561626266688109, 0.5343816530491625, 0.5804356868777956, 0.8530091762542724, 0.5244141835719347, 1.3230876222252845, 0.72625582665205, 0.6900989934802055, 0.6849557399749756, 0.6884295582771301, 0.5144308226449149, 0.7775829248130322, 0.4451458074618131, 0.4268730247393251, 0.4813353778860931, 0.7673163324594497, 0.7948995726183057, 0.5903905006125569, 0.7326769050210714, 0.6458249855786562, 0.45220449068583546, 0.6065248651430011, 0.6341684553772211, 0.7091020114719868, 0.5650263270363212, 0.39504733476787807, 0.486509183049202, 0.8285359535366297, 0.4419981605772461, 0.7279361747205257, 0.5669749241322279, 0.3800692897289991, 0.3646005926919835, 0.8618015665560961, 0.6069011269137263, 0.5208152662962675, 1.0623902380466461, 0.5085524804890156, 0.31822832891983643, 0.845593911409378, 0.8942067261253084, 0.32752929452274526, 0.8882607165724039, 0.4595149071088859, 0.6271709430031478, 0.5194445042205709, 0.586398816161922, 0.6820190519094467, 0.643091905862093, 0.45379657697464737, 0.7862319774925709, 0.877749826014042, 0.5737621777690947, 0.5343218610755035, 0.3546247509574252, 0.4528046447251524, 0.5069364082068205, 0.6972113296389579, 0.5380899634212255, 0.3162607207894325, 0.6266593637743166, 0.8104847781360149, 0.6470961593091488, 0.681893199096833, 0.6904897648841143, 0.3957657805643976, 0.6965444369507687, 0.6624716036021709, 0.6665199905633926, 0.5204891797155142, 1.102896262705326, 0.697292149066925, 0.49405845664441583, 0.7261998146772384, 0.7006290435791016, 0.5637962413020432, 0.38009920371696354, 0.6646882250372852, 0.6014214809983969, 0.5614623256027699, 0.4770930211991072, 0.7551781386137009, 0.6109993048012257, 0.476733048632741, 0.9393298219889402, 0.7569861620664596, 0.5036356247961521, 0.45399960263499195, 0.7951859887689352, 0.6582544557750225, 0.6193573027849197, 0.5213538974523544, 0.5301671672612429, 0.45895123556256295, 0.7161116808652878, 0.5553181797266007, 0.546168921329081, 0.641542337834835, 0.6980614606291056, 0.61408371925354, 0.3182325330962028, 0.6323874092660844, 0.5213192822411656, 0.44585942625999453, 0.4969157329760492, 0.5305003783532551, 0.44072019271552565, 0.5030637746676803, 0.7303717374801636, 0.5300188697874546, 0.4583254584776504, 1.0571068480610848, 0.6267458721995354, 0.35361421720257824, 0.7310880348086357, 0.5584891705308109, 0.5282995902001858, 0.5550664035869496, 0.48743515079841016, 0.7585693627595902, 0.33873078817767754, 0.3453566725831479, 0.7430731035768986, 0.36244227609464097, 0.5613150127232075, 0.5223490977659822, 0.5656703002750874, 0.6838996512815356, 0.7785384729504585, 0.71039477288723, 0.521174443513155, 0.6437921226024628, 0.43348467775753563, 0.6645175497978926, 0.2814391530518021, 0.9544997528195381, 0.6809086903929711, 0.5872599191963672, 0.5331869564950467, 0.5373475901782513, 0.8180500334128737, 0.6697338279336691, 0.5238301310688257, 0.7023253500461578, 0.8834573850035667, 0.5291146069765091, 0.6373866733163596, 0.7048134714365005, 0.6035364858806134, 0.6375166088342666, 0.597884188964963, 0.7095840156078339, 0.5327575381845235, 0.5997933994978666, 0.5595228062942624, 0.6748794410377741, 0.6036548763513565, 0.49806362736438003, 0.5038098357617855, 0.31653434676783426, 0.7157840710133314, 0.7976537700742483, 0.6005778451051031, 0.6945472615105766, 0.48369274511933325, 0.47023902647197247, 0.4959409605711699, 0.7780248464218208, 0.45373503156006334, 0.6766355391591787, 1.0173784717917442, 0.4998499244451523, 0.48680787501590594, 1.2695201367139817, 0.9550255328416823, 0.5588276037015021, 0.7003429681062698, 0.6188686694949865, 0.4707998812198639, 1.107846413552761, 0.45311385169625285, 0.5370140068233014, 0.5372825391989733, 0.9782521328755788, 1.1130583703517913, 0.813560888171196, 0.5332771994173526, 0.7155746728181839, 0.6533056348562241, 1.2787970582023263, 0.8360440294258297, 0.6662451960146427, 1.1473635107278823, 1.0687145918607712, 0.4699197495356202, 0.46530900256974356, 0.5088301269337535, 0.36949795777244226, 0.3495261013906981]
2025-12-18 01:44:40 - ffalora - INFO - loss data:
2025-12-18 01:44:40 - ffalora - INFO - [0.47987594911828635, 0.6998130927128451, 0.7003389030694962, 0.6748018831014633, 0.45690800297473155, 0.4032536295907838, 0.8167522057890892, 0.6117588542401791, 0.5754386074841022, 0.7072266738329616, 0.7181317955255508, 0.5789608916001661, 0.5915910683572292, 0.4863247385248542, 0.7025623708963394, 0.495560883251684, 0.6819573692977429, 0.5075810492570911, 0.4229591680956738, 0.46629279516637323, 0.6903609126806258, 0.645016199350357, 0.47267575934529305, 0.4426308441108891, 0.6521440114825965, 0.6647625148296357, 0.7075779020786286, 0.5402590655322586, 0.5431728359311819, 0.4540845606476068, 0.4511192503618076, 0.7186808437108994, 0.44694510192743364, 0.40414874702692033, 0.7196339428424835, 0.542739385632532, 0.39576017217976706, 0.6666179284453392, 0.4322098835837096, 0.4552967891446315, 0.41453277855180204, 0.6828375592827797, 0.3266934186220169, 0.4126954860985279, 0.7341513984969684, 0.48410147782415147, 0.4023205631412566, 0.6423391997814178, 0.2648953845475002, 0.3092625167619969, 0.3691912767244503, 0.363196967355907, 0.626638164371252, 0.428792635910213, 0.5960840014740825, 0.6491827137768269, 0.40439136533864906, 0.2980684667692653, 0.5707663170993329, 0.2390911398921162, 0.5977135017514228, 0.42190455951328787, 0.5647224262356758, 0.2275430354954941, 0.4666995135402041, 0.46916562095284464, 0.6215493011687483, 0.5458836637437343, 0.3834687317854592, 0.6071095749735833, 0.41302510047597546, 0.5481002494692802, 0.3682957365975848, 0.5448693677783012, 0.406192134081253, 0.6157430052757263, 0.4032767736619073, 0.33173690088359375, 0.33177839098498224, 0.36080765371610013, 0.5548821896314621, 0.37182787647470833, 0.4499012095388025, 0.3582113396376372, 0.6059135377407074, 0.5016456969082356, 0.4805770985782146, 0.24124832122553405, 0.5590000584721566, 0.4874299481511116, 0.41364239962505445, 0.6222232833504677, 0.4269567975242223, 0.41087782895192504, 0.48687151643846716, 0.5486975807696581, 0.35880515550379644, 0.5606591306626796, 0.5279769763350487, 0.5191285237669945, 0.49371974021196363, 0.4883757010102272, 0.23075759511973176, 0.3602889685891569, 0.5452030099928379, 0.38655113368295135, 0.5314734101295471, 0.35564862308757644, 0.3820209699416799, 0.4850761890411377, 0.34665040392428637, 0.49160607473126483, 0.4141047049180737, 0.4260438857600093, 0.5571661353111267, 0.39727233201265333, 0.5700708068907261, 0.26540035374928267, 0.3851974724791944, 0.5853071197867394, 0.5025874972343445, 0.5398616775870323, 0.46612198948860173, 0.5194121219217778, 0.50215984582901, 0.3321652161223548, 0.5540748320519924, 0.48262881274734226, 0.45315043777227404, 0.39121384713798757, 0.39793808180838824, 0.5015171393752098, 0.4218714303203992, 0.43103429619222877, 0.5195668391883372, 0.42815157659351827, 0.6174759436930929, 0.4681059539318085, 0.5527268223464489, 0.3828558728098869, 0.47806190143206284, 0.7169873783630984, 0.37147705863629066, 0.4062291868563209, 0.49654760658741, 0.5053744868508407, 0.384877422891025, 0.4609455786645413, 0.5386631383427551, 0.3613937634974718, 0.5216295720211097, 0.4101850139243262, 0.42123863963144165, 0.4807717584073543, 0.3680016556488616, 0.3810618738510779, 0.3565831758081913, 0.4241013992577791, 0.3299065366387367, 0.7144331571246896, 0.4871712396187442, 0.4738691359758377, 0.434728780495269, 0.46572504793293773, 0.41230735629796983, 0.4143684500828385, 0.6756557238953455, 0.48386012464761735, 0.4678344205021858, 0.4490323312580585, 0.4390442445874214, 0.46379270383289883, 0.516327665746212, 0.4210570015013218, 0.4971730854894434, 0.4748227685689926, 0.3972796630114317, 0.4636957596987486, 0.6467304646968841, 0.4418809302151203, 0.5440171241760254, 0.5404590668422835, 0.4892193056643009, 0.5499288637723241, 0.4574794836342335, 0.48946830374853956, 0.5139723218977451, 0.49781886041164397, 0.5075222077114242, 0.500313310963767, 0.5299022935330868, 0.46485398560762403, 0.5528813453657286, 0.4920116251068456, 0.5201303996145725, 0.5266614251903126, 0.45608248710632326, 0.47587469656552583, 0.6264607198536396, 0.5187646463513373]
2025-12-18 03:03:01 - ffalora - INFO - loss data:
2025-12-18 03:03:01 - ffalora - INFO - [0.28103218097239735, 0.6420675493776798, 0.43581845089793203, 0.382422393746674, 0.32365355314686894, 0.31632728651165964, 0.4321971833705902, 0.6568641789257527, 0.36575605040416126, 0.6943580564111471, 0.33409404911799356, 0.3457220249809325, 0.6683369547128677, 0.3788100855308585, 0.6707695005461574, 0.6465006165206433, 0.46957974322140217, 0.4891132484190166, 0.5602167004719376, 0.16327650968451052, 0.6010370363204857, 0.5496055188879836, 0.45414976235479115, 0.6796783708035946, 0.5337857795879245, 0.3379672022769228, 0.7015398137271405, 0.3860113838221878, 0.08662574142799713, 0.793449722416699, 0.1183436167309992, 1.5360267415642739, 0.5003767333924771, 0.4825473941862583, 0.6184714222326875, 0.4505157321691513, 0.37902529244311156, 0.47916289244312793, 0.4158757355995476, 0.3837681552744471, 0.4001158794533694, 0.07011682122101774, 1.6135032622230938, 0.9199922360479832, 1.0296535417437553, 0.40601175725460054, 0.3232894932851196, 0.629296338558197, 0.38797777211293577, 0.3710797512321733, 0.35062021181802266, 1.0703405030071735, 0.42592399660497904, 0.21727952286601068, 0.395930054038763, 0.4144656685180962, 0.7466240043751895, 0.6256258168257773, 0.7034992955625057, 0.222431264212355, 0.33807443574769425, 0.2770948029938154, 0.394336124882102, 0.2887401761487126, 0.6968340382911264, 0.8040838703513145, 0.4610866556409746, 0.7254818208515643, 0.34684438277035956, 0.3444691725075245, 0.6341507697477936, 0.6192261554300785, 0.3024369198363274, 0.6960763744078577, 0.4652304511517286, 0.31989598721265794, 0.5993227114900946, 0.652188273705542, 0.40339236352592706, 0.5304201415739953, 0.6759918555617332, 0.35984643790870907, 0.36712526452320166, 0.05730511455549277, 2.1456777840852737, 0.4228895388543606, 0.11800772473798134, 0.053146881003340245, 1.5876674175146035, 0.5555511824553833, 0.3753530068381224, 0.4729147404243122, 0.3979401279240847, 0.6089805305004119, 0.5370876468718052, 0.3869009035639465, 0.4660338348709047, 0.26455504894256593, 0.6952533698640764, 0.411911435239017, 0.3268586932681501, 0.3645738264545798, 0.26829856958938764, 0.33228399916552004, 0.39638945865444836, 0.2713368844240904, 0.6060125678777695, 0.512878468632698, 0.352978575322777, 0.7155586779117584, 0.2665350249968469, 0.37288694325834515, 0.5312129560858011, 0.6981489185243845, 0.3768524296581745, 0.44699206519871953, 0.6623341273516417, 0.31302353823557494, 0.7051524311304093, 0.25618500281125306, 0.23963922755792738, 1.2886555030941964, 0.42494710367172955, 0.2703448120504618, 0.4706440193578601, 0.6837602976709605, 0.45786363929510115, 0.31706418674439196, 0.34620146341621877, 0.41854830365628004, 0.3516928822733462, 0.3535975506529212, 0.36384025956504046, 0.7222633760422468, 0.3039276253432035, 0.3532059259712696, 0.9237683929502964, 0.3924733065068722, 0.4795485518872738, 0.3590497674886137, 0.7214467659592628, 0.4394601318985224, 0.31661189775913956, 0.48624659702181816, 0.5976096540689468, 0.14453756529837847, 0.7968328683637083, 0.47823465783149005, 0.3784227881580591, 0.5484599325805902, 0.426626705378294, 0.4066696718335152, 0.46419067443348466, 0.4849227974191308, 0.5521838687360286, 0.37909277789294715, 0.9386118441820144, 0.508300245553255, 0.6071526601910591, 0.3907010775059462, 0.4699586790986359, 0.4957006372511387, 0.6323009587824344, 0.4544833812862635, 0.5104603040963411, 0.45077996365726, 0.6175192348659039, 0.6192861342802644, 0.8201446644961834, 0.53111487403512, 0.5411991991102696, 0.518728344142437, 0.5224926993250847, 0.40579951032996175, 0.9470648095011711, 0.5464954666793347, 0.38106711246073244, 0.7182819591835141, 0.9223687097430229, 0.504567539319396, 0.6595958776772022, 0.8327324882149696, 0.4609970644116401, 0.5801802650094032, 0.4242278948426247, 0.37333403602242465, 0.6011506967246533, 0.7119571641087532, 0.6185209043323994, 0.642693030834198, 0.7127830907702446, 0.6694908868521452, 0.6874476257711649, 1.0171282604336738, 0.9235232606530189, 0.9520182326436042, 0.7177999176084995, 0.7131245177239179, 0.5094522699713706, 0.7271845370531083]
2025-12-18 04:22:54 - ffalora - INFO - loss data:
2025-12-18 04:22:54 - ffalora - INFO - [0.4279596626758575, 0.6999622652928035, 0.4890581576153636, 0.7896612629294395, 0.5804075622931123, 0.8087797999382019, 0.6777830645442009, 0.4399059796705842, 0.4375605975898604, 0.6581288759907087, 1.5315957541267076, 0.2719108094461262, 0.6704907086677849, 0.7803135472039381, 0.5571457779267803, 0.41882213490704695, 0.6237541554495691, 0.18019109973683953, 1.2190816804766655, 0.5061480047491689, 0.46329950557556004, 0.4286538297077641, 0.8904797464609147, 0.5251209368929267, 0.41763938721269367, 0.49613864319399, 0.47051933547481894, 0.4089581339154392, 0.15092703809496016, 0.15580874383449556, 1.2245224078496297, 0.572257118144383, 0.4949872008524835, 0.15631313987541945, 1.278970330953598, 0.6441414708892504, 0.5645282187499105, 0.4835923473273094, 0.6655087660066783, 1.0974319562315942, 0.4451921169646084, 0.4355169917456806, 0.722389179468155, 0.433966513350606, 0.4323252161033452, 0.8598287411034107, 0.5406575756147504, 0.5079326701816171, 0.6614382165173689, 0.5205685252323746, 0.36233459638897325, 0.16506315649021416, 0.13456182966474445, 0.5659113024283821, 0.7206058675423265, 0.4366183517035097, 0.4319112138822675, 0.4892397521684567, 0.4959013179875911, 0.1787416036706418, 0.09284235684899614, 0.7393386100418865, 0.41222722311504184, 0.4158727330310891, 0.0820388760883361, 1.0695787876844407, 0.636083909869194, 0.6238430904845397, 0.5802459283731878, 0.9485419337948163, 0.6473518721759319, 0.4308621484786272, 0.7357310466468334, 0.5178156345151365, 0.5193894348456525, 0.367117161443457, 0.6196411520242691, 0.580130839596192, 0.3076707311905921, 0.6099109562385516, 1.189458753168583, 0.6563376118739446, 0.5841810191671053, 0.5884091116487979, 0.4861169171830018, 0.9102369762957097, 0.4713699515908957, 0.38956999899819494, 0.10504684206098318, 0.10368758703116328, 0.71972341905348, 0.34763789703138176, 0.6365716939171155, 0.3647724868264049, 0.35595416835276406, 0.4877057459321804, 0.3759947468992323, 0.904167166352272, 0.37701106080785396, 0.6473747910931706, 0.3720773372488717, 0.4273052954580635, 0.36934799589216705, 0.3346800897348051, 0.6110491617737959, 1.4850194613138834, 0.5726492505520582, 0.44676676485687494, 0.6823389887809754, 0.4315912786871195, 0.3667681384986887, 0.41311539160087707, 0.3261627265252173, 0.48148310848822196, 0.9755505671103795, 0.43687161803245544, 0.368533672268192, 0.399805325421039, 0.6940274901688099, 0.580563124269247, 0.5934958733618259, 0.4204459513848026, 0.7270282624289394, 0.5945430050293605, 0.5512662105262279, 0.3832773004968961, 1.0647408256928126, 0.2786601722240448, 0.07576824706047773, 1.5772584110498427, 0.6012479327619076, 0.5559757071236769, 0.5485452666878701, 0.41057891057183343, 0.08430826223921031, 0.5604489333927631, 0.6112739528529346, 0.35991307807465395, 0.0670921618118882, 1.2008530116640033, 1.0711836114525795, 0.4407952528446913, 0.08363838195800781, 1.6441894933581351, 0.3534153765067458, 0.09378986307419837, 1.0068169309291988, 0.8143526564352215, 0.6267970511689782, 0.6005613299707572, 0.3994408523663879, 0.7554509162902832, 0.5948815931876501, 0.6750353751083216, 0.6294967532157898, 0.5684600450098515, 0.5663817003369331, 0.5062046931435664, 0.411625588995715, 0.10658366540446879, 1.1202167165931314, 0.5062326814979314, 0.4735857489518821, 0.48573800483718516, 0.8460899057487647, 0.4219965213288863, 0.09080694103613496, 0.5103950455319136, 1.542188388109207, 0.857448305375874, 0.7932940256781876, 0.10667534172534943, 0.443927138671279, 0.4976235563245912, 0.5628053845837713, 0.07577880253084004, 0.5929733186028898, 1.036329224705696, 0.5084913962520659, 0.5427891385431092, 0.5223642001859844, 0.517038011085242, 0.5728009774660071, 0.6070220354478806, 0.5880820967412242, 1.1410518685976663, 0.07022894308902324, 1.2704251300077885, 0.639704455047225, 1.298768219584599, 1.81749207675457, 1.7049710288643838, 0.5844107951968909, 1.2375513969920575, 0.5753510822542012, 1.7559203937649728, 0.08171679973602294, 0.5801407745108008, 1.7224656492471695, 0.5482757606077939]
2025-12-19 20:42:20 - ffalora - INFO - loss data:
2025-12-19 20:42:20 - ffalora - INFO - [0.47605960397049785, 0.7501166303242957, 0.7130887880921364, 0.6828376308083535, 0.4823520828038454, 0.4138830841918077, 0.8289013549685478, 0.587134162230151, 0.5937645681202411, 0.7340570230569159, 0.7232817143201828, 0.5371556989848614, 0.6203929781913757, 0.4587514585416232, 0.7391727134585381, 0.506356464113508, 0.6994211167097092, 0.5134084572749479, 0.44568279358957497, 0.46684399071548666, 0.7178715482354164, 0.6635283336043358, 0.5010748422039407, 0.474732281267643, 0.6682778604328632, 0.6986985684505531, 0.7382816046476364, 0.575130531085389, 0.6112204067409038, 0.48621535785496234, 0.4728259802330286, 0.7628188192844392, 0.5003734355526311, 0.428888673973935, 0.7761890813708305, 0.5906472897955349, 0.4614276502813612, 0.7011041775345803, 0.5053317812271416, 0.4745316818822175, 0.4803948218002915, 0.7306012019515038, 0.3732978259878499, 0.47590728383511305, 0.8163490838238171, 0.5541196744889021, 0.49539304003119466, 0.713665959239006, 0.3555001247940319, 0.4170966641179153, 0.4564054990652948, 0.48689331850036977, 0.7298232913017273, 0.5032558866377388, 0.6994116235524416, 0.6978899016976357, 0.5073428727686405, 0.40402025170624256, 0.6615586802363396, 0.3542231285678489, 0.6709436193108559, 0.4993558076343366, 0.6618814118206501, 0.35347795523703096, 0.6076100956116404, 0.5709278754889965, 0.7664566244397845, 0.6509049616754055, 0.48280495245541843, 0.6857340395450592, 0.5577793809984412, 0.6500177621841431, 0.4959074036351272, 0.6558572053909302, 0.5174583878900323, 0.6937439247965813, 0.5411471026284355, 0.4504510632583073, 0.41237905653459683, 0.49274480039519925, 0.6494813904166221, 0.48218384055154667, 0.5956666346639394, 0.48164032585918903, 0.711471925675869, 0.6402258321642875, 0.6490322515368462, 0.37247340200202805, 0.6722267776727676, 0.6369448535144329, 0.4821004618491445, 0.6805651664733887, 0.5817204417926924, 0.5622319892048835, 0.621500027179718, 0.6816991619765758, 0.4589594002813101, 0.6786756798624993, 0.6568977788090706, 0.6556274309754372, 0.6374279588460923, 0.6234047658741474, 0.40595981744783266, 0.5077213767915965, 0.6972553119063377, 0.5654621340334416, 0.6469399258494377, 0.5008424782327243, 0.489876442615475, 0.636166700720787, 0.5085808385163546, 0.61510826838868, 0.5320203291518347, 0.5849214643239975, 0.6780159294605255, 0.5622700192034245, 0.672886335849762, 0.45446753193225176, 0.541397275775671, 0.6904887512326241, 0.632938789576292, 0.6573330983519554, 0.625467823445797, 0.6586143806576729, 0.6467619083821774, 0.5009535217923777, 0.6801677510142327, 0.6106762636985097, 0.62696293592453, 0.6088752642273902, 0.5066360592842102, 0.6841106042265892, 0.5585613352911812, 0.5945191599428654, 0.6397211298346519, 0.5497097805142404, 0.7139723320092474, 0.5648984339088201, 0.6720244437456131, 0.5633219607174397, 0.5819833552198751, 0.8216168808085578, 0.611668742128781, 0.531367098327194, 0.6857098698616029, 0.6362821244767733, 0.5756430889878954, 0.6323151543736458, 0.6607425415090152, 0.5494930773973465, 0.6317313128284046, 0.5724782745753016, 0.5843313144786018, 0.6436608478426933, 0.5662540911563805, 0.5719534830323287, 0.5681773811578751, 0.5707636155188083, 0.5377259582281113, 0.7982792188014303, 0.6604991069861821, 0.6528023704886436, 0.6024176154817853, 0.6160820588469506, 0.5873537927865982, 0.5637463055551052, 0.7612486658351763, 0.6450932875275612, 0.6262478157877922, 0.6424898028373718, 0.6086836401905332, 0.5947125451905386, 0.7057938925921917, 0.6485163763165473, 0.6207424468227796, 0.6330554589629174, 0.5895839750766754, 0.6073727525770665, 0.7121149288756506, 0.5908201053738594, 0.6848294869065285, 0.7170807755419186, 0.642683832347393, 0.6906289558325496, 0.6199639901518821, 0.6854201938424791, 0.6560649126768112, 0.6525487348437309, 0.6600627366985594, 0.6573541338954654, 0.6680567502975463, 0.6419897168874741, 0.6713330556239401, 0.6443151158945901, 0.6469416081905365, 0.6567368879914284, 0.6381798535585403, 0.6315205058881215, 0.6906187400221825, 0.651752734184265]
2025-12-19 21:56:16 - ffalora - INFO - loss data:
2025-12-19 21:56:16 - ffalora - INFO - [0.29221574142575263, 0.6405016563832759, 0.4546108053997159, 0.39830724876374, 0.32510114852339034, 0.347310334071517, 0.4442923376336694, 0.6300839185714722, 0.4125026920810342, 0.7959409825503827, 0.3313929568044841, 0.3740767562761903, 0.656649400293827, 0.39678645906969906, 0.6824840746819973, 0.6510439090430737, 0.4964576236903668, 0.507167621422559, 0.5623142510652542, 0.22388683492317796, 0.5773242411843966, 0.6590666335308925, 0.45397843010723593, 0.6941580012440681, 0.5353753194212914, 0.35493882750160993, 0.7250542670488358, 0.4264703286811709, 0.08505547289969399, 0.8230111754965037, 0.11310302324127405, 1.5071952268481255, 0.48330511935055254, 0.49700729325413706, 0.6113445376977324, 0.4777844350785017, 0.3949657819699496, 0.5333248346229084, 0.479802717640996, 0.4049697855487466, 0.4205758492113091, 0.08177569565596059, 1.692549101728946, 1.4235352627933024, 0.7385504126548768, 0.44744945093989374, 0.36200197134166956, 0.6372624926269055, 0.4257066315971315, 0.3875962137710303, 0.3866961971856654, 1.0714114703238011, 0.4417129108682275, 0.27969441935420036, 0.49539761170744895, 0.4322093834169209, 0.8798628278076648, 0.6451347701251506, 0.7238774701952935, 0.28866166714578867, 0.370043725380674, 0.33006945983506736, 0.44197871424257756, 0.36858132807537913, 0.8837867887690664, 0.7310988068580627, 0.516675521992147, 0.747167593240738, 0.4119180150330066, 0.37157996464520693, 0.809861808642745, 0.937378391623497, 0.5865990582853555, 0.5760866852477193, 0.5325626127421856, 0.3688560855574906, 0.6126716963946819, 0.7065605867654086, 0.5141053035855293, 0.5783921960741282, 0.7369493469595909, 0.41737865628674625, 0.378590110456571, 0.09627019362524152, 1.8873383834958077, 0.4378292489796877, 0.1846005550120026, 0.09016414082143456, 1.6717358367284758, 1.086400681908708, 0.5161072449875064, 0.6385572630213574, 0.49850977025926113, 0.7059579357504844, 0.6219726033508777, 0.45192737057805066, 0.6095860812813043, 0.49566076286137106, 1.2146406888961792, 0.48424200937151907, 0.40261333202943206, 0.4589669402688742, 0.34721192670986056, 0.4097736508585512, 0.4609510824084282, 0.40011749118566514, 0.6082697808742523, 0.6736372709274292, 0.44177829176187516, 0.7582199588418007, 0.36740307398140426, 0.48076894953846927, 0.544529976695776, 0.7290908589959144, 0.5215744689106941, 0.6144636075943708, 0.7194184593856334, 0.39362012073397634, 0.8778536483645439, 0.39723794646561145, 0.4891907658427954, 0.9493378296494484, 0.5363385312259197, 0.3797919612377882, 0.5132256388664246, 0.7886275701224803, 0.6522508800029755, 0.4527404956519604, 0.44193446449935436, 0.5446872614324092, 0.5149060104042291, 0.4780551128089428, 0.44237397946417334, 0.8090503379702568, 0.42038668468594553, 0.48984913453459744, 0.8389624588191509, 0.5206856220960617, 0.5860212497413159, 0.46321304924786094, 0.7725421816110611, 0.517183481156826, 0.4586165715008974, 0.6044807150959969, 0.685948596894741, 0.33001247979700565, 0.6560932498425245, 0.5572996124625207, 0.5271676823496818, 0.6140112549066543, 0.5371171444654464, 0.533476298302412, 0.5365055184811354, 0.5665313914418221, 0.6570507273077965, 0.551026564091444, 0.8335250034928322, 0.623777587711811, 0.7077081114053726, 0.5521248623728752, 0.550556268170476, 0.5935249999165535, 0.6898336663842202, 0.5748332440853119, 0.6129103854298592, 0.5577050313353539, 0.6565499663352966, 0.6443171143531798, 0.8569259524345398, 0.6208029173314571, 0.6310041792690755, 0.6281728617846967, 0.642000812292099, 0.5030341930687428, 0.9129028737545013, 0.6631410896778107, 0.48304530382156374, 0.7468655228614807, 0.9469425231218338, 0.5912128709256649, 0.7731900312006474, 0.8939989030361175, 0.5171282768249512, 0.6470800004899502, 0.4904672488570213, 0.4721186213195324, 0.6747946225106716, 0.7510524347424508, 0.6820062533020974, 0.7484715759754181, 0.762136948108673, 0.7599180467426777, 0.7852181054651737, 1.0233703061938286, 0.9862816169857979, 0.971070671081543, 0.8095441728830337, 0.7692947387695312, 0.5835545592010021, 0.8245699040591716]
2025-12-19 23:12:50 - ffalora - INFO - loss data:
2025-12-19 23:12:50 - ffalora - INFO - [0.43971948595717547, 0.6800660928090414, 0.4930411813780666, 0.7896738566458226, 0.5934375850483775, 0.8431498875220617, 0.6820025871197383, 0.4555119752883911, 0.4384903278046598, 0.6832259396401544, 1.5396674210826555, 0.2662655868567526, 0.6822803504765034, 0.8152241786631444, 0.5929884248180315, 0.43730816796111566, 0.5732353958301246, 0.1853354696650058, 1.2080635353922844, 0.5293733265871803, 0.46795000368729234, 0.4595993232913315, 0.9594307484726111, 0.5126436516642571, 0.4284861932974309, 0.5163462858647108, 0.5366662444546819, 0.43042630329728127, 0.16135181984864175, 0.16232080534100532, 1.3630695919195812, 0.5406059058383107, 0.5038466790691019, 0.17691735485568644, 1.3129595518112183, 0.6307504879931609, 0.697773586337765, 0.4469990912359208, 0.7531765106444558, 1.38670272231102, 0.4263793840073049, 0.47067752154543996, 0.7610911279916763, 0.46447219345718627, 0.4764745818451047, 0.9409258544445038, 0.5612251107891401, 0.5022656786255538, 0.7744619597991307, 0.5316270675510169, 0.3900512928143144, 0.20993816959671677, 0.16912369946949185, 0.5858204185962677, 1.1176617439952679, 0.4817049941048026, 0.4648444373471041, 0.627941339990745, 0.6417904290370643, 0.21194820115342738, 0.14205260917078705, 0.9299980167765171, 0.4744759591296315, 0.46533878805736706, 0.15626322031021117, 1.1076254551609357, 0.6437763062616189, 0.7259732067584992, 0.7450725247462591, 0.7604824354251225, 0.6316478759050369, 0.5226637914776802, 0.7401232644915581, 0.5748972218483687, 0.5138583352789283, 0.44643850857391953, 0.713533417880535, 0.6393305972218514, 0.5216097969561815, 0.4863133234592776, 1.5393833056092263, 0.6558977017800014, 0.6529263138771058, 0.632638942450285, 0.59146300368011, 0.8193773140509923, 0.4951550520956516, 0.4869475101431211, 0.16039503519423304, 0.157617810042575, 0.8997905718162656, 0.4502919867634773, 0.6795593669017156, 0.44380070082843304, 0.4013291981536895, 0.5628652499057353, 0.4827686945597331, 1.049814146757126, 0.3290019614621997, 0.7163321504369378, 0.45602935509135323, 0.5218788613565266, 0.4898654165677726, 0.4222381386595468, 0.5622283402985583, 1.5466944495836894, 0.7249200537800788, 0.5721195232123136, 0.726893062889576, 0.4898543514311314, 0.48052280272046727, 0.4502917279489338, 0.3910681031644344, 0.49728324683383107, 1.2516177877783776, 0.46760899405926465, 0.4552320464203755, 0.44675146834924817, 0.7709738607207934, 0.651518193880717, 0.666428554803133, 0.45257554476459816, 0.7701841725036502, 0.7279033258557319, 0.6432359014948209, 0.48177299623688064, 0.9029266397158304, 0.35139665603637693, 0.16079601924866438, 1.4593865633010865, 0.7123996039231618, 0.6492163737614949, 0.639584061006705, 0.5097413269182046, 0.18962332736700774, 0.5568847139365971, 0.7703838674351573, 0.45560139333829286, 0.13532118275761604, 1.2054657068103554, 1.3253396222988765, 0.47769491001963615, 0.16033227797597646, 1.5099603950977327, 0.45765625648200514, 0.17401534505188465, 0.9604078941047192, 0.8867409745231271, 0.7880719907581806, 0.768402498960495, 0.46663992442190644, 0.8384525358676911, 0.6550979713598888, 0.6986517235636711, 0.6269239127635955, 0.649679920822382, 0.6034025132656098, 0.6417328722774982, 0.5318999536335468, 0.2867797654122114, 0.7596354801207781, 0.47251562910775347, 0.4758026521652937, 0.5056175105273724, 0.8297929088274638, 0.46545478006203966, 0.18936165124177934, 0.5191377563402056, 1.3123802080750466, 0.8350765522569418, 0.8092696685343981, 0.1936881199479103, 0.5060338156297802, 0.5235516045242548, 0.6003636661916971, 0.16530471723526716, 0.6337213749065995, 0.9364788984258969, 0.627467024512589, 0.5699462076028188, 0.5967216150835156, 0.5252383503442009, 0.6062022776032487, 0.5748243118946751, 0.5698180996502439, 1.075455730656783, 0.1565959244966507, 1.041753358207643, 0.6104343240459761, 1.0906505612656474, 1.5013969585299491, 1.4895506411790849, 0.6045506863544384, 1.0831126872450114, 0.6052133434762558, 1.5637236192822455, 0.16073400638997554, 0.64404980186373, 1.546169775724411, 0.5728260613977909]
