2025-11-06 09:24:34 - ffalora - INFO - loss data:
2025-11-06 09:24:34 - ffalora - INFO - [0.48796277166808333, 0.2689765201260646, 0.22395589045034003, 0.23734949185298038, 0.27912410496380824, 0.24854681951304278, 0.2543817947485617, 0.3948151161894202, 0.46711186535264315, 0.24387793630982438, 0.07882631821227662, 0.5301901524265606, 0.188864360354766, 0.1881898879956711, 0.21483307145535946, 0.1001748212108699, 0.45634830836206675, 0.1373451589943694, 0.20298203331386222, 0.19693238162678123, 0.18173079206506873, 0.14688836968584487, 0.126489301327274, 0.2668074539029285, 0.16043308567112455, 0.1983105654362589, 0.1849861290338531, 0.21718718806703657, 0.18235289916882047, 0.2514431531257604, 0.2830807653566202, 0.12614254443906248, 0.15982165425084532, 0.1845694221323356, 0.38969218036519326, 0.16532941185869277, 0.20521855903789402, 0.12577267363667488, 0.04034555613179691, 0.4470731968060136, 0.2778241825557646, 0.2919992549500118, 0.20647430506845316, 0.18307409729235447, 0.129197147830079, 0.17155914845784287, 0.23632463595519465, 0.18526581674814224, 0.16998947757695404, 0.18485598256321328, 0.16097934863975516, 0.1823774415738227, 0.09115875185952273, 0.5453860245645046, 0.11529430868910051, 0.17367332855264428, 0.19884999903539818, 0.20831292339911064, 0.2007730391342193, 0.20033611310645938, 0.17564707651611539, 0.20566219743341208, 0.13714337811273125, 0.06406009784786008, 0.2835910677766571, 0.19253593302615313, 0.26578121942778427, 0.15557235970516645, 0.306706535940369, 0.16293158582411707, 0.18180827477481215, 0.2973125335760415, 0.3847913490203412, 0.318646676838398, 0.18384179066650677, 0.16181053387311597, 0.2974443963728845, 0.1956873631565775, 0.0822291176339301, 0.4231911785900593, 0.1545642777883376, 0.17493942209209004, 0.4011109059366087, 0.9693676893315886, 0.08403058412670641, 0.23241991891215244, 0.15911959312880078, 0.3127290963505705, 0.19842153841940063, 0.23834624926810366, 0.1629049621988088, 0.16815461361834752, 0.408749150733153, 0.12069280825190894, 0.16248833139737445, 0.10529186712977077, 0.1937866536900401, 0.3453860853915103, 0.14464376187728095, 0.1934886262573015, 0.10046198424130964, 0.2139628330866496, 0.10592266789947948, 0.3283322450287383, 0.295019943267107, 0.20137960463762283, 0.15109645754385453, 0.08725190523098438, 0.12077820347622037, 0.23716164659708738, 0.17585699868484816, 0.213388046570893, 0.11688141948931541, 0.7834369838237762, 0.10354464408010244, 0.16988391093218042, 0.1526929377431148, 0.08497323014307767, 0.0806177190433328, 0.3142510640900582, 0.17035489499657636, 0.09658140182727948, 0.18351948830919962, 0.13959579515319906, 0.12797488082473263, 0.15628411350413585, 0.44922988194351393, 0.8105020448565483, 0.07207888807170093, 0.20790338567618666, 0.08033800194001135, 0.5545572306875183, 0.1382637983286067, 0.14059492197508613, 0.42291351929306986, 0.13694317539089493, 0.49595779990060973, 0.07719824579544365, 0.3747025094926357, 0.07490450423658611, 0.07263886564984345, 0.137981359185516, 0.21474073577280106, 0.16614721342921257, 0.1565734265666259, 0.21480427663131008, 0.13606782571102183, 0.1526286194486351, 0.1566974306969266, 0.18113612569868565, 0.14526042582884688, 0.1699631742556535, 0.13799764713427673, 0.06611110862286296, 0.26117450185887126, 0.12016282696276903, 0.19446989564368358, 0.10176841751672328, 0.5224279352862921, 0.15040209129893858, 0.1807739668707738, 0.10914962828780214, 0.38585943828981656, 0.14321515550836922, 0.6583082862825205, 0.18120220870427461, 0.22606184671943386, 0.2545104064271212, 0.2653641494301458, 0.2236458025407046, 0.1784984426631563, 0.2224156873533502, 0.6163125061740478, 0.24372180697197715, 0.5195403135332622, 0.2823585271835327, 0.42309165813414185, 0.2642208700892569, 0.4010312482714653, 0.2708201907251192, 0.21200968124545538, 0.19201474308379385, 0.17302172277122735, 0.17902998320567304, 0.17381616500533345, 0.3010893234362205, 0.18229364441788715, 0.1663669091311918, 0.21949953496780084, 0.24657612819320118, 0.19042225400435514, 0.17371119875460864, 0.20361336742184666, 0.23328735248038643, 0.19388115792893446, 0.24230101588985015, 0.1492905748475875, 0.19029861608875237, 0.16411561578778283, 0.16198217005779347]
2025-11-10 09:03:28 - ffalora - INFO - loss data:
2025-11-10 09:03:28 - ffalora - INFO - [0.4815347147077621, 0.24773595078537863, 0.2172964406510194, 0.215931860652756, 0.26358772062792857, 0.29396279715001583, 0.19743819069117308, 0.3287569555764397, 0.5737084821846924, 0.2661488031347593, 0.08513259141499217, 0.40224282816052437, 0.16770790330909915, 0.1441922764462451, 0.23294304621716339, 0.10155414340648955, 0.3315612720325589, 0.13810942003711763, 0.1915870829774388, 0.09839530780536734, 0.13297586283714855, 0.15472390444591347, 0.17738652290863682, 0.2857121480138678, 0.15919813194956917, 0.24412589496932924, 0.18229156186346684, 0.2182013006194642, 0.1780302291331084, 0.1687859936779284, 0.19452047534286976, 0.21113286167383194, 0.13595755005953833, 0.4792797930422239, 0.4660590876285967, 0.2137967930175364, 0.21267357769732673, 0.23012797394767404, 0.0633091945007133, 0.3200520297512412, 0.2496121402658608, 0.22629018273825446, 0.18883673986420035, 0.23327864950092939, 0.1443685913303246, 0.18580859753042256, 0.19749534564713636, 0.13957624075313407, 0.17753585287192392, 0.19064786177324622, 0.14548914373406896, 0.16564004829055384, 0.10097788236980237, 0.3760735986443857, 0.11116514522134541, 0.17266912388079567, 0.1593603988488515, 0.20175562923153242, 0.17818267224356532, 0.14849525596946478, 0.1892775396412177, 0.17010624462272972, 0.18690385247048522, 0.08325870785629377, 0.28613902567527616, 0.22756057171879904, 0.2177176106100281, 0.18738667283295876, 0.20528718627368409, 0.17193111982196568, 0.172387082176283, 0.21895481760390492, 0.27685609686633816, 0.19645635969936848, 0.1852125911231058, 0.18178662198285261, 0.2507586074061692, 0.18758570276359132, 0.0912719374037503, 0.25952829606831074, 0.17291175337651601, 0.1441707913763821, 0.5267629482841585, 0.9117931380220081, 0.084663877132017, 0.20392045502861342, 0.148584139551251, 0.39356108382344246, 0.16301110992208123, 0.3115282160086701, 0.20398590806871653, 0.1682600092291292, 0.27778708313902223, 0.14351902996270877, 0.18736596095065278, 0.15499238570087723, 0.1809816484649976, 0.19149597152136266, 0.1565019244638582, 0.17622361899926686, 0.07984243149761683, 0.19201846793293953, 0.12830704683437943, 0.40080726262310457, 0.2786263134330511, 0.1722099930047989, 0.12745432681045854, 0.10693941835779697, 0.12183447415009141, 0.22822091728448868, 0.16436901433800144, 0.23160936272349852, 0.10218025472568115, 0.6526531984719137, 0.1304848527070135, 0.15427024381183366, 0.15826743824832273, 0.07952790753915906, 0.03756828898958002, 0.34660586016252637, 0.19204227813918676, 0.11851570731960237, 0.20321145433089918, 0.16439403202454733, 0.11449457569336839, 0.2008247349339609, 0.20864672132302076, 0.77908880636096, 0.11542790220119059, 0.1909307293088428, 0.06362425589908619, 0.4444967741039635, 0.14467926639246576, 0.1629019205673383, 0.4174764037132263, 0.17616560695958988, 0.37588273038944375, 0.07952811289578676, 0.3611980862915516, 0.1069315247094402, 0.07563086837315215, 0.11059288301781846, 0.20098436202265713, 0.2201016725351413, 0.12136643345614798, 0.1854276689861355, 0.1493142462025086, 0.19883218934309893, 0.1370995809523924, 0.2269832355607497, 0.1500368709606386, 0.17099242176239687, 0.1573684191952149, 0.11683578894396002, 0.2283158035916758, 0.19883115403354168, 0.1865533422320508, 0.1303116598775467, 0.2337071665429643, 0.15436781846607725, 0.1848023490246985, 0.08285327910756071, 0.37899881792374146, 0.12851869619917125, 0.6872989636702607, 0.18589776867757674, 0.1579582332322995, 0.321881892804343, 0.2942488887347281, 0.2029528534039855, 0.16920092843076412, 0.20571951777674258, 0.3223654679954052, 0.23833588763761024, 0.3453901366314345, 0.24911868143161492, 0.29770064280079356, 0.2116340079569611, 0.2860044166445732, 0.20725898768590845, 0.2024945200492556, 0.12519975134024494, 0.22309384973098834, 0.1698867343318386, 0.15910298902429265, 0.17994407812754315, 0.156451036103917, 0.15654741650096315, 0.15994383815837943, 0.24176207676720923, 0.16650882487495738, 0.2228427327548464, 0.16419781528805433, 0.20266325639462784, 0.20442299471380046, 0.16280032431000266, 0.19851067243143916, 0.1765475714934311, 0.2038252010409321, 0.18686132840812206]
2025-11-10 23:26:12 - ffalora - INFO - loss data:
2025-11-10 23:26:12 - ffalora - INFO - [0.46462156905490515, 0.24507406074553728, 0.21437012997861854, 0.23458109359419055, 0.2256770464752255, 0.2718540426964561, 0.24753883361284224, 0.37952680097271996, 0.37537742739445285, 0.21366045592973631, 0.08879637885597147, 0.5147053028146427, 0.21037601677383166, 0.19039770625210528, 0.20383821489910284, 0.12508516832604072, 0.5496617015451193, 0.13241546545392147, 0.2039525955915451, 0.14226238702249247, 0.18303042745547843, 0.15280089464239352, 0.13875243528442904, 0.3521873195116457, 0.18119703892331857, 0.18949445779435337, 0.19664474698437148, 0.20855171442696785, 0.18632102142209592, 0.2251249066675487, 0.29246295119325316, 0.19736015424132347, 0.2282934660091996, 0.3216058453952428, 0.3671285903179332, 0.18127109956306714, 0.1898914479650557, 0.1696985091548413, 0.061355505419972665, 0.4280879031866789, 0.260987825841568, 0.22809368682404357, 0.19290464694301288, 0.2137623311092074, 0.10588884039316326, 0.20331660952869351, 0.21664861341317493, 0.25984132289886475, 0.18019363623378531, 0.17349250080358042, 0.16368033967750228, 0.20663410098406304, 0.09281761614099825, 0.5447485986165702, 0.11564363771154043, 0.17568060251444978, 0.20869303680956364, 0.2012762315571308, 0.1520443083718419, 0.12741880398243666, 0.20745440121422837, 0.17888951837085187, 0.20374247804284096, 0.08156355142106934, 0.24351614824711132, 0.24179584051117947, 0.24826782289892435, 0.15420912142976054, 0.2830252529432376, 0.16866912613622845, 0.14875753158703447, 0.26353833995138604, 0.3874636131298283, 0.3521519172936678, 0.1645666531732549, 0.1662939501305421, 0.19917089454829692, 0.1774881994917325, 0.08555079990522547, 0.5138460732996464, 0.1534699729572122, 0.07803840019429722, 0.46723776964257313, 0.9509345228257386, 0.07864009375747022, 0.26061155274510384, 0.14839955726160836, 0.25020327465608716, 0.16008718594287832, 0.17447072503945002, 0.24177388101816177, 0.17616873185379783, 0.44834818194309867, 0.1454666847180899, 0.13871603583296138, 0.1443233371246606, 0.17806368973106146, 0.08453917969018221, 0.12690079406214255, 0.15362904066793048, 0.09108521183952689, 0.1730286255478859, 0.12799888633502027, 0.2607817557351343, 0.18434276804327965, 0.1357385441660881, 0.10508325821361864, 0.0943084426331692, 0.12543267023283988, 0.2368245789160331, 0.16095045415962905, 0.13468007165296325, 0.26429603586148004, 0.6624782048165798, 0.10569352625558774, 0.16728126445775282, 0.16386784511912417, 0.10628490010276437, 0.06511427875823127, 0.366932422388345, 0.20078435510042167, 0.11709248181432486, 0.20462558570406622, 0.16040560639904516, 0.12448757883353995, 0.20750381091896158, 0.1260768564340348, 0.6273599602282047, 0.12549648666754365, 0.22015196977761287, 0.08151606163107014, 0.5435144125815781, 0.14989508656098655, 0.15387521040004987, 0.3413502134382725, 0.18152589836556998, 0.4525232369510027, 0.07612107950262725, 0.3788827173411846, 0.09704347476004982, 0.08075283082703558, 0.1316110820583729, 0.1935620260866065, 0.21974927357708413, 0.11746736841374322, 0.1442891883439031, 0.10612396827588479, 0.1854717217000394, 0.16138480696638646, 0.23067776853904914, 0.14704799128632093, 0.22715858041885353, 0.10285442215390503, 0.09755615084820117, 0.24671938930973042, 0.16209168452769518, 0.19113885952780646, 0.17087380986553258, 0.19559565093368292, 0.16362409455407606, 0.16667817925563316, 0.10090847803900639, 0.3179866623563262, 0.15103434966877102, 0.6540456145571975, 0.16077332189171642, 0.35035407946755487, 0.10320508895809045, 0.25096559586624306, 0.22116061304695905, 0.1727295198674681, 0.12995566823519766, 0.6973248531576246, 0.19037146493792534, 0.4763569247892552, 0.2884161276077586, 0.3976630348840664, 0.26162550264391404, 0.30850327014923096, 0.2298205049060609, 0.19751677977351043, 0.10983820744839154, 0.1992791130207479, 0.1914854435154643, 0.18609405062270404, 0.27824629098176956, 0.18691989056217828, 0.19196626502156688, 0.3849971918389201, 0.22312994678624165, 0.1889747572506125, 0.215730704801778, 0.25788545814391817, 0.2093530214440666, 0.2024246686621784, 0.15827583929459596, 0.20840997501675573, 0.21609646361009732, 0.167113486344793, 0.1734956130074958]
2025-11-11 18:45:19 - ffalora - INFO - loss data:
2025-11-11 18:45:19 - ffalora - INFO - [0.47183890345453416, 0.3286852929741144, 0.19575942781013556, 0.2603911749814988, 0.33185544096190356, 0.2432018586744865, 0.20727397175505757, 0.2695795642832915, 0.392775404414064, 0.22929471731185913, 0.06945552418457318, 0.2629399845997492, 0.17298320340799372, 0.1359772329200621, 0.16279121053715545, 0.1370449950588712, 0.5083212181925774, 0.13945519427836284, 0.1416191815494977, 0.2358610816532746, 0.13296661512616517, 0.15299913760982933, 0.16155620051046451, 0.28504378495639876, 0.1586892198269757, 0.2043396340450272, 0.1781823058383899, 0.20755029327579233, 0.15855230650176172, 0.16884940105449894, 0.2403089888393879, 0.17269793956074864, 0.1307125422405079, 0.24483412796398624, 0.4325761221218527, 0.1729904804378748, 0.19942693347111345, 0.16331771295517683, 0.040815066400682554, 0.48515951246954503, 0.25258969864540404, 0.20466372097531954, 0.227329036531349, 0.1935428788419813, 0.12597746879328042, 0.19091838406357955, 0.18188462841014066, 0.18573541815082234, 0.1665249054009716, 0.15900045216671732, 0.14846930822924426, 0.1889548160527882, 0.09368275736552067, 0.37463708786914746, 0.12109972655307502, 0.1601525028590518, 0.1707544398183624, 0.1554915936042865, 0.1358701775316149, 0.12173665349837393, 0.17131432684350778, 0.138421872863546, 0.16766301777014242, 0.0655844735257103, 0.27237439499451566, 0.21302943599774787, 0.13722252799198031, 0.157149771250607, 0.19192923729618389, 0.17417058832943438, 0.14470561968628318, 0.2771590560888702, 0.40381315682569274, 0.2717866599559784, 0.16567625847739587, 0.15180295348788303, 0.37492502983659504, 0.19981176014763383, 0.07939108645320327, 0.29817362502217293, 0.1258141359923264, 0.1871118483444055, 0.5602546931273537, 0.9452173628074967, 0.08025263135679825, 0.2096839832762877, 0.14488588431133675, 0.31644459379216033, 0.1526474920256684, 0.26319203869654584, 0.16167363652493805, 0.16133436476541818, 0.3964560516178608, 0.10811122791315227, 0.11594742940117915, 0.12100282319754894, 0.1973372831319769, 0.12468221574090421, 0.12364843805941443, 0.16475868305692878, 0.07513655216182367, 0.17914032191038132, 0.09720169169983515, 0.3830101750148781, 0.16826703399419785, 0.15975292399525642, 0.11469354641695435, 0.09906741099369426, 0.07841010100673884, 0.20203044203420478, 0.1650321034532597, 0.17711164371977592, 0.15864296070916073, 0.6004071292777856, 0.09649858344346285, 0.1614321845852886, 0.1564971365590106, 0.06026336015202105, 0.04640442225634335, 0.27786580414976925, 0.1717930600778865, 0.0885566413635388, 0.18824370550435215, 0.15380531344282672, 0.13328100849456828, 0.15791041450574994, 0.32550989762724686, 0.7636810913681984, 0.10823645524214953, 0.20162728991823037, 0.0741909676954189, 0.5061814743897011, 0.1595749918175371, 0.16479500356213883, 0.37746531143784523, 0.13648779264518193, 0.37387255837137884, 0.051200046204030514, 0.38966698199510574, 0.08498478238974572, 0.057808456440957695, 0.11673338180728446, 0.19614170182888446, 0.1715018345663945, 0.17279353786848095, 0.1404993510965643, 0.14606534773483873, 0.14563372252701684, 0.16510842313333923, 0.20138178206980228, 0.15208288689101135, 0.15930576513831812, 0.1175562725868076, 0.07644009767779304, 0.24967205907525541, 0.13747474178671837, 0.22091262582211924, 0.10472984380724554, 0.2944914776432727, 0.15813379577083284, 0.17164833830219917, 0.11446715105945865, 0.39699003262779653, 0.10680564872648879, 0.7172451790359515, 0.1564071250917471, 0.20042145126499236, 0.24658905288491112, 0.30203492908428115, 0.23758366852998733, 0.1759015961984421, 0.16347708167353026, 0.5477355114494761, 0.22521504514540236, 0.3520966761402394, 0.20316212118736335, 0.2636242513384285, 0.2383806437853424, 0.22668264899402857, 0.1376854269562856, 0.19378361535760072, 0.13406792185024213, 0.19328128844499587, 0.17707413399639801, 0.1699033409550188, 0.17480593950798112, 0.163830781358615, 0.13523197811150897, 0.2128685140253409, 0.22773064436534277, 0.1614465415370704, 0.19921073820441962, 0.17044577718173204, 0.16346389065055472, 0.20437286073753896, 0.13858174481268587, 0.1866002335612263, 0.19489396005918747, 0.20098500871764763, 0.17084954483434558]
2025-11-13 23:38:28 - ffalora - INFO - loss data:
2025-11-13 23:38:28 - ffalora - INFO - [0.4804718282858664, 0.3827479643126329, 0.3367240104346703, 0.5015470338193511, 0.5938501327202238, 0.34614077831308043, 0.2813919030262956, 0.3347627859562635, 0.39203814848473195, 0.24899504644175371, 0.08627185240337172, 0.6263540809353192, 0.21059726206211993, 0.17733288020024013, 0.23134169603387514, 0.20694257579743863, 0.5829564388841391, 0.17283270697011366, 0.2491458834245287, 0.1494168124377514, 0.17468596255781924, 0.18011928142489828, 0.27739090960628043, 0.3047399976731915, 0.21844574300428998, 0.37579440465196967, 0.21352138347564298, 0.24752615101089875, 0.1959519557978796, 0.2599170126992723, 0.32390188549955684, 0.19604036211967468, 0.2690432906150818, 0.10042266435921192, 0.6454287065487159, 0.2613915066855649, 0.22645909236744047, 0.23551093693822622, 0.06595963127134989, 0.5125914216041565, 0.2235466431526617, 0.24231763429318864, 0.21180540984496474, 0.20909677309772143, 0.15672424668446183, 0.2066754043552574, 0.2257516843577226, 0.1695451618482669, 0.2078307951534433, 0.19416525107073157, 0.18239868181231228, 0.21613397174759913, 0.10868433776499259, 0.4389022145885974, 0.15042863947769197, 0.1941929013518162, 0.2289632186293602, 0.1958873573069771, 0.1664167009294033, 0.13669497147202492, 0.1943700207949995, 0.15341392206028104, 0.1645150895596349, 0.07650640630946284, 0.30491415267953503, 0.27520324289798737, 0.2303705085068941, 0.20556814414227292, 0.3911359248061975, 0.1699707300402224, 0.20311601371504368, 0.21463501810988722, 0.3799423735750758, 0.3800864424556494, 0.21443666385459728, 0.1897574563200275, 0.5333142057061195, 0.203479874466248, 0.09302099285996518, 0.35253951512277126, 0.15972365918927467, 0.18692740223680934, 0.3975790268780353, 0.8036158408807672, 0.09994213909288728, 0.2534568998962641, 0.2232049716015657, 0.49454827730854356, 0.1690589259378612, 0.2995834435837773, 0.25384780089370906, 0.20271068958673572, 0.38620044849812984, 0.15103328132839955, 0.1667749024927616, 0.15077211223875306, 0.2751255389302969, 0.13336429232731462, 0.15747791160053265, 0.29787313046220404, 0.11212128232895899, 0.25297694591184455, 0.1244509255203108, 0.38374557358951406, 0.16538453102111816, 0.17407040856778622, 0.1582938890474347, 0.12021067260334697, 0.11106353928335011, 0.23655414146681625, 0.18803396449563492, 0.18462891317903996, 0.18558455633271176, 0.8130529796394209, 0.10357432548577587, 0.16498436327697585, 0.1794293572734061, 0.0946187973022461, 0.06173457947667115, 0.37729676527669653, 0.2851444504179415, 0.09013167140074074, 0.23008452151635927, 0.18511810178931495, 0.16434553675032382, 0.22594955699661604, 0.33356646184499067, 0.4179488383233547, 0.10714332212228328, 0.25378000318188626, 0.12687534165198508, 0.518391605338146, 0.18077489515407041, 0.19780932331505496, 0.5090004689991474, 0.23097627975844912, 0.38619905065458554, 0.10948428744450212, 0.27105146273970604, 0.12409060888099842, 0.09369460170945296, 0.15762322904893022, 0.21691942205162423, 0.21799450150380534, 0.19147139699443388, 0.18845952164124824, 0.15522864675149323, 0.1783213124064536, 0.2224576013758477, 0.21882598660886288, 0.1845422051868391, 0.21764150306227661, 0.12021224088966846, 0.08244295095986065, 0.27366815442953424, 0.1389887286350131, 0.29295468790074575, 0.16280129788300166, 0.33779428939202005, 0.19206030603432864, 0.22104636588744048, 0.14209710356468955, 0.4782543404457661, 0.14814329137637589, 0.7575623099333965, 0.24190147231886355, 0.2942148524026076, 0.16731663989440465, 0.3542094041282932, 0.3130665352102369, 0.23848239002634827, 0.17866375769178072, 0.32670412127239007, 0.28003049405912556, 0.45833100496154083, 0.2583523509757859, 0.3144055510838998, 0.29223386990441674, 0.2781860511749983, 0.25992724671959877, 0.22823310844027078, 0.1476585131726767, 0.22225055483480294, 0.21320368438386, 0.20927792757026925, 0.22888273963083824, 0.21781709464422636, 0.1899565540632044, 0.19569023633780686, 0.2705900317105727, 0.19023481443866916, 0.24128542728722097, 0.2392708554275726, 0.2247537172546512, 0.2529899364050764, 0.2381066521950837, 0.21338406285004957, 0.23142740891679475, 0.2070480013665344, 0.18693573772907257]
2025-11-14 13:48:57 - ffalora - INFO - loss data:
2025-11-14 13:48:57 - ffalora - INFO - [0.5001507183306393, 0.3802537607649962, 0.3425460416154984, 0.4951784212579611, 0.6174032757508343, 0.2998268579443296, 0.27046092772590263, 0.43815853831668694, 0.5863232681233632, 0.2580036173264185, 0.10308943562696908, 0.6394337490200996, 0.2365217290282947, 0.24557603741514272, 0.3502925746142864, 0.15994979672444365, 0.6260247994214296, 0.16794383064598628, 0.2923965748271038, 0.25635265505649535, 0.19169242773829298, 0.16247667246321867, 0.226801665238357, 0.37079566815181786, 0.20822772303094658, 0.3156778735574335, 0.22575608772601474, 0.24697034136824803, 0.20726929588810256, 0.24946422210854033, 0.3526633381843567, 0.15346412709914148, 0.2383580945432186, 0.09959968504263088, 0.5591396266888631, 0.24761927919462323, 0.22220834645753107, 0.3377647176384926, 0.09659245718891421, 0.4350435845553875, 0.26881206431693727, 0.30757103618234394, 0.2019413901803394, 0.19766974338115406, 0.183599140184621, 0.18372684206230216, 0.24832057114690542, 0.24649927268425623, 0.18213561159514247, 0.20320482086390257, 0.2256186848263378, 0.23932760705550513, 0.11403233101054167, 0.5400211576061944, 0.13786367124412208, 0.19654353910100875, 0.2445709618429343, 0.2251598754276832, 0.21230820566415787, 0.23304254282265902, 0.1796672722391252, 0.2333353019785136, 0.14038619066455535, 0.07527950202160615, 0.315313112277251, 0.24302265209996182, 0.3159782445679108, 0.18807808744410676, 0.4964505657553673, 0.134131141519174, 0.21765641579404474, 0.248176035862222, 0.42591879565430724, 0.4122231751680374, 0.2243806975286292, 0.20549283334985374, 0.3957237534224987, 0.2027343909328272, 0.09655963301095956, 0.41788295190781355, 0.1720685102761938, 0.24057645009209713, 0.34520450941442204, 0.7571058648273996, 0.10370334679811584, 0.3297608084976673, 0.22525689863146114, 0.4398172441869974, 0.2019682765627901, 0.35605660474930817, 0.2285546725615859, 0.20067695218097903, 0.3983325014511744, 0.16894211591747793, 0.16142375953495502, 0.1330934642880623, 0.2940677211930355, 0.2057115063071251, 0.1615808088875686, 0.18236921956905952, 0.13967115963952473, 0.2486074132223924, 0.1226225094559292, 0.42271332140883494, 0.21812107041478157, 0.24859366193413734, 0.15317840695094603, 0.11725086383879758, 0.14734333474189043, 0.2866981538633505, 0.20192747027666746, 0.19718931152902802, 0.21630828927833742, 0.6211039546256264, 0.12679662990073362, 0.2007534208865614, 0.18223500725437414, 0.11099479580298066, 0.10612531027828272, 0.3031965867849067, 0.22130901612607495, 0.1226747022010386, 0.21477809189153568, 0.16736037780257657, 0.16199608669969542, 0.2032623801452036, 0.30438718292862177, 0.4553888104856014, 0.09908449393697083, 0.26020534597951617, 0.11592628130322108, 0.5757549929207769, 0.17173200773173258, 0.20199553670409398, 0.5294860661029815, 0.22283001603292568, 0.41364356545874703, 0.12342280172742903, 0.3029998764395714, 0.1316777121526404, 0.10169430266922483, 0.16833588953359405, 0.25625166336172506, 0.24877227284014225, 0.18920810456926884, 0.21137012894554386, 0.1580419469003876, 0.18779813771232448, 0.20258736003356181, 0.19950231203907415, 0.1950053713273728, 0.21452611935369315, 0.15676464242860674, 0.09993655087115864, 0.29094101758123253, 0.14020822569727898, 0.34514592198702765, 0.17868094313710642, 0.2650964872113296, 0.17214871569650997, 0.23926478589874234, 0.14504453401702144, 0.433967994669309, 0.18258152707324674, 0.63771453857995, 0.24131307054473006, 0.3169861527780692, 0.3460554210200476, 0.27188535158832866, 0.24627560316585004, 0.2399076085895121, 0.2906816828375061, 0.37524758339859543, 0.26192434544985493, 0.4825496087014152, 0.3511538982191788, 0.44061204836029433, 0.29560755229630004, 0.44937051832675934, 0.32834976684788, 0.2322437442266024, 0.22406953004629987, 0.20614817142486572, 0.20136144858522292, 0.22048106906705078, 0.3341905362904072, 0.21968645375084916, 0.23130143998001795, 0.2380484106100124, 0.2606861267525416, 0.22384814491987914, 0.1919252594312032, 0.23112053757435397, 0.26122927636300264, 0.2382698243913742, 0.26114251387530363, 0.16628836900261895, 0.22412328726696132, 0.19028064901275293, 0.18067904841154814]
2025-11-14 23:17:10 - ffalora - INFO - loss data:
2025-11-14 23:17:10 - ffalora - INFO - [0.4914530266861254, 0.40864320720235503, 0.3469337351811238, 0.48738907645588464, 0.5742697815956741, 0.28372290171682835, 0.3059374537718083, 0.4372627144989868, 0.45709590437380887, 0.2533484318604072, 0.10729176993567634, 0.7093713209033012, 0.24160652446021702, 0.2311555740327157, 0.3027242198586464, 0.15674616636242716, 0.5433880835771561, 0.16167347382778596, 0.289112223890321, 0.22684070675895782, 0.18243626076709124, 0.16248717236851987, 0.25440223059461764, 0.3601302451601154, 0.22000618488527834, 0.29778111074119806, 0.21804941126651933, 0.24525291853727138, 0.2328317167804293, 0.30431214177414123, 0.3343363689879576, 0.2141478997655213, 0.2567555200308561, 0.10574685819447041, 0.5984245343950757, 0.24489552589754265, 0.19983889165644844, 0.410323953256011, 0.12754271707187095, 0.42298743575811387, 0.26125472467178584, 0.3024470419312517, 0.2323099434375763, 0.24771914788736749, 0.15848293155431747, 0.20192953125461116, 0.24978971077750128, 0.27524574349323905, 0.20073242396825836, 0.1985517192239824, 0.19168760546523592, 0.24907379584354267, 0.11480492085609466, 0.4661932496664425, 0.14197843967793652, 0.203788193054871, 0.30526045554627973, 0.23488811682909727, 0.20956644788384438, 0.22712739743292332, 0.19737641471898654, 0.20211188052780926, 0.1964958959724754, 0.09633057140474972, 0.29127874920287955, 0.25733502865161584, 0.32940271124243736, 0.1924294950884013, 0.4823541368047396, 0.14755789758637547, 0.18605089019984006, 0.24421285033483098, 0.44221855724311393, 0.4674457423388958, 0.20799972712858647, 0.18342294367030262, 0.28416895754635335, 0.19023342838657922, 0.10107481225956386, 0.38770319521427155, 0.18068715635364732, 0.12301562804107866, 0.4084628497735442, 0.7183983934962231, 0.10160455900398889, 0.31989930073420203, 0.18643632448779848, 0.3830399631212155, 0.23504316940282782, 0.18963988333080822, 0.22623726085294038, 0.20926383966580034, 0.5051449686288834, 0.20206219751549803, 0.21973389262954393, 0.1865326931167926, 0.2980699762701988, 0.15542313223704696, 0.15418884561707574, 0.15685035247140777, 0.12353454953364025, 0.2696085708836714, 0.14411147876332203, 0.331465316615228, 0.2196045983582735, 0.23007167130708694, 0.12755324594819775, 0.1261214256967203, 0.10923441825434566, 0.28034489074101054, 0.18871574090237075, 0.1969008535018255, 0.2749290140083758, 0.7704889057204127, 0.13049698869387308, 0.18400858393536795, 0.17634004270657896, 0.1463610278442502, 0.08945175351646657, 0.3869567920919508, 0.27515192560718527, 0.1353101753629744, 0.2472135253383645, 0.18997073660891756, 0.15500413727914464, 0.2564293773701558, 0.10629980824887753, 0.47236672043800354, 0.15471378015354276, 0.25656344286254096, 0.12544330607425086, 0.6558824676549297, 0.1676614579875349, 0.18822611193112931, 0.4689198985695839, 0.2830378153760518, 0.43182555715051985, 0.14149818918667734, 0.37070026621222496, 0.1269887362857564, 0.10680745606525587, 0.1766558298908606, 0.23539035943777936, 0.2500150098154942, 0.15542299761191797, 0.19249684363603592, 0.13059928334938983, 0.21966660363150053, 0.22234686827551015, 0.22768400736937397, 0.1844893608349322, 0.2683081001132017, 0.13223734813121457, 0.141291404668785, 0.2812108000639477, 0.19724350422620773, 0.3031718621794612, 0.2278936269800537, 0.2979858958029321, 0.1776060193474813, 0.22211211977376677, 0.1268121637403965, 0.4196842103145826, 0.21064485195092858, 0.6990341934590385, 0.22644519095943458, 0.39287640117108824, 0.1171742442350548, 0.31631110856930417, 0.25774597874842586, 0.24849690824769427, 0.16723028745812674, 0.4324804255117973, 0.24534900772074858, 0.5485504985247788, 0.4065970452169755, 0.4407715666396864, 0.3118234897867359, 0.3755001649260521, 0.24977441666566808, 0.2593478884261388, 0.14853911317492785, 0.23845679989705484, 0.21519007636472964, 0.23491551611809228, 0.3578782776991526, 0.22618453226435342, 0.24348901185220567, 0.32960178500608256, 0.26176340806369597, 0.22484302165350695, 0.2499176697184642, 0.3208614663269959, 0.2621929772982472, 0.2533822175688468, 0.245690215507458, 0.22657219639846257, 0.23899651918697318, 0.20623974701655762, 0.19909607116132974]
2025-11-22 11:11:40 - ffalora - INFO - loss data:
2025-11-22 11:11:40 - ffalora - INFO - [0.6064646159157608, 0.601821967959404, 0.4946463851258159, 0.37008591182529926, 0.5351433294514816, 0.5375803386504274, 0.613629178047025, 0.552933516808682, 0.3641075316477906, 0.13438986206698852, 0.5003514599262012, 0.14475192517663044, 0.11691364752671993, 0.3438395891993423, 0.6929314158235987, 0.13405252601951362, 0.2749550539172358, 0.2412380810632991, 0.2302908775519528, 0.11972716011029358, 1.051811221720917, 0.14566168475721497, 0.6559030385069491, 0.33206313072171595, 0.16447736114884418, 0.1840212448603577, 0.3167022868990898, 0.1377356194522387, 0.23036566787065668, 0.20324776178846757, 0.1276692690409939, 0.42856976203620434, 0.14542192571081816, 0.5977036161348224, 0.1957231611530814, 0.12623400405330662, 0.2785900397633668, 0.2389285967552236, 0.15307956472574885, 0.2680029682815075, 0.18271653562163315, 0.07112499914364889, 0.5802354164510256, 0.20676676747733091, 0.21275663630415997, 0.1690776682458818, 0.14411330868800482, 0.21340993041586545, 0.1458647876046598, 0.16461839313908996, 0.19545506350131647, 0.20092127110357538, 0.18036064855801331, 0.21529741461078328, 0.23281187424436212, 0.2599499529671101, 0.1404425209787275, 0.13342185580903398, 0.10822030560313059, 0.15562274368395182, 0.11985446837643395, 0.6188356534888346, 0.21481671239334074, 0.20634828590590393, 0.29376680137855665, 0.2019222034762303, 0.17125854923922035, 0.11240625099473582, 0.2804273593954609, 0.11162072541871264, 0.25425781636898004, 0.20558707144976196, 0.23670069768374402, 0.12330915196750236, 0.21480836416594684, 0.19071539717593364, 0.14561269058742457, 0.127425677237387, 0.10754590155556798, 0.18887021372264082, 0.1410233382008631, 0.12009001747217207, 0.2910636137239635, 0.24168461000746383, 0.3004826973192394, 0.21193790099244902, 0.15558051640788714, 0.1465109403070528, 0.6114906197569022, 0.14561308468562653, 0.18754144461293304, 0.13150999448032852, 0.19943760956327122, 0.14411008086365956, 0.1602190004090186, 0.20553582123444786, 0.2956419766248603, 0.12028267272657509, 0.11304086187026566, 0.19672522037955265, 0.15055675115436315, 0.2813285140610941, 0.17545700228462616, 0.3009035329644879, 0.061600782939543325, 0.4895640167274645, 0.1798949800205953, 0.28686571260914207, 0.14455538674180085, 0.736216160779198, 0.22167052687811, 0.07925208158105508, 0.38337790347739226, 0.20573718214762352, 0.24613797071700294, 0.17754265456460416, 0.21249047514228595, 0.22363294527998992, 0.17924856095175656, 0.19425646273330563, 0.1101199577937627, 0.24790646070896677, 0.1976676538231827, 0.30446828549195615, 0.23588352774580318, 0.10605857245779285, 0.6731039445315088, 0.2069999321499464, 0.18159456119196965, 0.3798335370504194, 0.21210526209324598, 0.20730517085434663, 0.305885788899931, 0.1754800926738729, 0.2732442013608913, 0.17407172616511424, 0.09997074504693348, 0.8762596825758616, 0.2727183623836835, 0.25173764114992486, 0.21593494216601053, 0.16007975001065505, 0.20578939546830952, 0.15441665316724942, 0.1337124456851078, 0.13832686239135608, 0.3071791903219289, 0.12808669945419146, 0.5546167581765489, 0.19558088667690754, 0.1601472088803697, 0.20633827665199836, 0.2520584814165804, 0.17667857176136403, 0.24978094175457954, 0.15799389965832233, 0.16643063249249085, 0.21475966478077074, 0.27860198817021836, 0.190937643656468, 0.1907366667541542, 0.1933065981293718, 0.17756810161129882, 0.2508187983185053, 0.16778823086836686, 0.3257100916157166, 0.2170208375054327, 0.18855366632342338, 0.27673567073319905, 0.2762531902020176, 0.1834409227368958, 0.2494652836837552, 0.30224909633398056, 0.24845746817688147, 0.316437254079418, 0.2261986227512553, 0.23113335106107924, 0.20400471297842968, 0.18853890053170885, 0.17747471779584884, 0.24021875606073687, 0.36979628540575504, 0.2325707339332439, 0.21331605532517037, 0.25663890799744027, 0.20839724006752175, 0.23877337829520306, 0.2178499527586003, 0.21680027776294286, 0.1967079479779516, 0.22119566580901542, 0.2206073155917693, 0.24476439102242392, 0.280135995906312, 0.1889633173698611, 0.20042259469628335, 0.19603194609461796, 0.22624730449169872, 0.15637023909127012, 0.15824966138849655]
2025-11-22 13:38:53 - ffalora - INFO - loss data:
2025-11-22 13:38:53 - ffalora - INFO - [0.4387341771955387, 0.8634866791275831, 0.5902101116684767, 0.38058853210947874, 0.4359953273632373, 0.28686907688887525, 0.2727919794707489, 0.1805031915816168, 0.2890157195232939, 0.29352126906572973, 0.29208614312504466, 0.18699775136863955, 0.27486129090763056, 0.1602766187971261, 0.26048584617674353, 0.10907591722733785, 0.43033832635568536, 0.06283096707816835, 0.27170997257239393, 0.19886909218218463, 0.22178295548432148, 0.06214569206141667, 0.40372793458115597, 0.1474082647098933, 0.1991951056575329, 0.276894357915108, 0.19318693966294329, 0.03930569462298101, 0.3264769349956078, 0.16989995199390617, 0.17493327976100975, 0.27570566106663064, 0.217944516800344, 0.09261341616571045, 0.5983783176967076, 0.09743847086942062, 1.3225750178098679, 0.2823474454751985, 0.20928004498665148, 0.22663680016994475, 0.14468643062551004, 0.2528052315979764, 0.15817991835090495, 0.20156200919777917, 0.1752145359447847, 0.08430645419665823, 0.28752881374574546, 0.2507978463658558, 0.183561587263432, 0.1513887252037724, 0.06493306425601567, 0.02529470035300446, 0.35674817580729723, 0.23737540777003474, 0.21033976885044703, 0.11737480055619796, 0.3210863261091474, 0.3753938040194603, 0.2623632225873215, 0.18780211580451578, 0.16027212709349653, 0.15000705982152468, 0.1648544998293241, 0.4465868286924281, 0.212139427026089, 0.10185284144439113, 0.11088530684147761, 0.13441822168332201, 0.3156455711314553, 0.2526582415614809, 0.178197022638328, 0.10582374534375655, 0.2390636964701116, 0.13197528326279662, 0.2083273661107971, 0.12531006341633147, 0.024927631269047897, 0.20605898854001203, 0.2232538127315868, 0.11936595384927037, 0.23836001191431513, 0.10380247523426078, 0.12399795493491603, 0.13612000252499293, 0.1374006505088451, 0.21720303824314705, 0.2240407182317641, 0.26637365274308694, 0.13256381160277708, 0.27009519825774975, 0.15706568470290094, 0.22378998843251693, 0.18393305588800174, 0.21262389392806935, 0.1633449525285799, 0.13007318021562428, 0.13939839029314208, 0.12425579165395063, 0.15280211037916952, 0.18529572071665934, 0.11357259671203793, 0.256895508941101, 0.07366074404709941, 0.21793704417844612, 0.18348122918261933, 0.15526989769811433, 0.18957831950696266, 0.20900826465266828, 0.09935370828801146, 0.31967979918396017, 0.1023480279544273, 0.19127218589669298, 0.11057778801769018, 0.22914182516827208, 0.15785443326995635, 0.20427920957386253, 0.2059866627678275, 0.12980267976721127, 0.1652348873903975, 0.21623071037036806, 0.1776682844736438, 0.18873949544994456, 0.22495366156073218, 0.19705868299620655, 0.22521582748740912, 0.15679436553424847, 0.20463303663106502, 0.17030020840466023, 0.2531139139229288, 0.1976100557173292, 0.20906658791142663, 0.10444010192504485, 0.1869515107783417, 0.2537874427552407, 0.16447146175285943, 0.17196453348733487, 0.2723129326477647, 0.1821532285151382, 0.43197028635021967, 0.18245559057686478, 0.21460125895873938, 0.19030764776592451, 0.29326900864691147, 0.22019912763856925, 0.15234436938265825, 0.176430557604487, 0.1357207361011742, 0.22766039439011365, 0.15395408001943278, 0.18122582567425877, 0.22967858640196964, 0.14412041728456432, 0.19336738078773283, 0.13194737104944637, 0.20051037242330835, 0.17401345819234848, 0.185712569910619, 0.16602143236391603, 0.32203582641003387, 0.16980820060977578, 0.27146250581225523, 0.20187818009539374, 0.1619624039874627, 0.2055968249646517, 0.17251210616758236, 0.17276840108948258, 0.26593441360421405, 0.17514148546733718, 0.18835007508372903, 0.25210611662612514, 0.1209745043112586, 0.14050999673135164, 0.23263221035401027, 0.2171898743105039, 0.23059814882121588, 0.19590046489611268, 0.22029248461700401, 0.1604618192029496, 0.0985941901370617, 0.2869984112305837, 0.23285317146464396, 0.22794559398399933, 0.19160121681523465, 0.10349168372084643, 0.30041527254506944, 0.1355030907143373, 0.11201436535025446, 0.3245510897720637, 0.10352699861063488, 0.16311913518910554, 0.35639331985053213, 0.3800112071790193, 0.16382071963296488, 0.1814181001287572, 0.16396415057695574, 0.24051457371276158, 0.2500142532253736, 0.2331591075907151, 0.2092342542914244, 0.21495048366487027]
2025-11-22 15:55:57 - ffalora - INFO - loss data:
2025-11-22 15:55:57 - ffalora - INFO - [0.39387343218550086, 0.39313970955591354, 0.2310721207010959, 0.8461140400984071, 0.5708744757103197, 0.4510685911974608, 0.18053675440716602, 0.20981571895425163, 0.1939126521326779, 0.260612857574597, 0.24770444072782993, 0.4994785462373069, 0.25811123906169087, 0.2235479260879484, 0.27066499257290905, 0.0879373746458441, 0.4384481755550951, 0.0894039049744606, 0.205203845451719, 0.2398651715789345, 0.16148378209595288, 0.5306411317239206, 0.1354098833565201, 0.40597742749378085, 0.2508548651664441, 0.1470930043142289, 0.3010346847558112, 0.4697642876278786, 0.14234857935613643, 0.1919291995846751, 0.2258002341148399, 0.2690387752474002, 0.21087756810117175, 0.12602053288525591, 0.07405443496675054, 0.19890662670756382, 0.12617164589464663, 0.26391175370663406, 0.23542975268862915, 0.20998099650300683, 0.3377072340385481, 0.20470876852050424, 0.2219900521832756, 0.2490201926169296, 0.5611334943577, 0.19680100126424804, 0.23133283665452103, 0.33148899278603494, 0.1736206588058156, 0.21053278050385416, 0.10982649898644359, 0.4049138030303376, 0.30159166297830997, 0.12135059041902423, 0.22840777459747835, 0.2942331921131838, 0.23387780067111766, 0.23201626474037768, 0.10449816096940291, 0.24707982139661908, 0.15467651073510447, 0.16202873046665142, 0.2458873293362558, 0.12996633325541473, 0.1947712957217999, 0.2639392734106098, 0.25308739660041674, 0.19801946938828086, 0.1863437237838904, 0.5049927927553653, 0.426518937986758, 0.15105306032443575, 1.1655927449464798, 0.1586665441689547, 0.15155077748155843, 0.42241080585711943, 0.30709087006038144, 0.12955597701430735, 0.1914041128475219, 0.16814131458245574, 0.30760373640805483, 0.13565738464239985, 0.4314891290385276, 0.22474698544141242, 0.22343822736293079, 0.5024528936482966, 0.20407214605559904, 0.18764226151245605, 0.18552851340112586, 0.356393788009882, 0.16742644168746967, 0.0904279208315226, 0.48252223307887715, 0.26679702450267295, 0.1605862037478281, 0.13489630047808446, 0.6069058181548661, 0.18792932498035952, 0.14228306883554637, 0.2001548148614526, 0.12118348022076217, 0.208187150282108, 0.1363417339680547, 0.16054881404852495, 0.1473484153393656, 0.07544783542227015, 0.4836824294179678, 0.2394914488152911, 0.41448799362688354, 0.18300642133025186, 0.3116575164720416, 0.2721050633964214, 0.3928573565049605, 0.41305562215191977, 0.18512176970640817, 0.22369372607632118, 0.2028648553416133, 0.22831318027529368, 0.1447582251644538, 0.6847978239879012, 0.13057245654442037, 0.28414242062717676, 0.1632317050094051, 0.20306923163165763, 0.14955395576544106, 0.145433465798827, 0.25153496592926483, 0.4085280929381649, 0.16574710857821628, 0.12930193665258663, 0.3459158153007073, 0.1515731140233887, 0.44359580211369604, 0.13310991168643038, 0.2545032575061279, 0.2874606792730364, 0.17687576199585403, 0.21299382251207577, 0.1403176875319332, 0.09126049991464243, 0.5031403017023371, 0.1577988217274348, 0.20521822966861003, 0.23843442276120186, 0.13598032992803896, 0.23700028447996058, 0.24833452512604604, 0.17813279442489147, 0.2180816561181211, 0.07454914845237952, 0.3940433541844998, 0.34951911157307525, 0.2445932349578167, 0.2901392323711965, 0.24507706978225283, 0.18018899510304134, 0.14336531672678474, 0.17525838525034487, 0.465752960013395, 0.2106012563136491, 0.2670184216151635, 0.3521857410669327, 0.24915883806769296, 0.1929806034350633, 0.2355299002180497, 0.15644904288152855, 0.08502879415949186, 0.8027154434294927, 0.38064320508745453, 0.44063376635313034, 0.17072136630304158, 0.20271797746730347, 0.3967049093775903, 0.3389718473296274, 0.5263573698078592, 0.18807766983866112, 0.236077447968816, 0.3097800160447757, 0.2010242010688498, 0.20742735426340786, 0.27213550146136967, 0.23302533666026734, 0.160155844502151, 0.19453616960284612, 0.25503063787307056, 0.2856905274980125, 0.13687958675436676, 0.26206408872861753, 0.5932422261685133, 0.3434050297131762, 0.5276037864387035, 0.39192822429796925, 0.48208278231322765, 0.33059942775538986, 0.4168396910483187, 0.3812406180736919, 0.3615223785551886, 0.3799958590950285, 0.17297170888632535, 0.4345402531325817]
2025-11-25 22:30:37 - ffalora - INFO - loss data:
2025-11-25 22:30:37 - ffalora - INFO - [0.6078826062155492, 0.6088210970163346, 0.5576396627972524, 0.4370358297601342, 0.5976541563868523, 0.5292009870846948, 0.7045043898591151, 0.7372143078181479, 0.5635210901498795, 0.4729936825965221, 1.523962183131112, 0.3227519616484642, 0.3401782115300497, 0.8526762179099023, 2.190195834885041, 0.32640675666431584, 0.6125029209587309, 0.33183340150862933, 0.3948856600586118, 0.5003170142415911, 1.798210559146745, 0.38058069441467524, 0.6890526184579358, 0.5621511001206403, 0.3457320061822732, 0.4022604449696484, 0.5704109286268553, 0.2921441446058452, 0.45291118331771485, 0.3782017573714256, 0.26138883799533635, 0.6835532349844773, 0.29051791288010365, 0.8769162752562099, 0.36196874847842586, 0.2048575448958824, 0.4869727808050811, 0.3852605213012014, 0.2713441638202936, 0.48274922743439674, 0.32834785530964533, 0.11052833592402748, 1.0875150273066192, 0.3264073063069108, 0.3499270155405005, 0.27487747619549435, 0.2361270089323322, 0.3672819815369116, 0.23778273221105337, 0.2619022416652914, 0.32922514362938027, 0.32772631036738553, 0.3192063645154488, 0.344685455939422, 0.3586530916703244, 0.38817035582448756, 0.22547683832457377, 0.21337790394955802, 0.1801023623839553, 0.2748973919925365, 0.17750061637877176, 1.1902402124057212, 0.2763394331559539, 0.33747828899685184, 0.47394838663084166, 0.3029233702768882, 0.26721428204993053, 0.1955115262511433, 0.43396124743532194, 0.1814633229970544, 0.3932836641513166, 0.3217470908271415, 0.3681228318443847, 0.1914190539997435, 0.39908858025003047, 0.297093316779605, 0.24099470236235193, 0.20739747049420876, 0.1889837703978022, 0.29825556992807173, 0.21855734078439348, 0.20266180624076652, 0.41677657576898736, 0.44964274927042425, 0.437011434075733, 0.24927108476615764, 0.23196068846931062, 0.2275071874629551, 0.8264857192730738, 0.26448562070209947, 0.28966592650505757, 0.20673658269118855, 0.2986790818472703, 0.15218898413392407, 0.23540991207043482, 0.3264621817330515, 0.3563970753124782, 0.1798037498128704, 0.19332454926851722, 0.3221024239701884, 0.15797085892409085, 0.42377007082588486, 0.2820817368725936, 0.4791693724691868, 0.15970971689869962, 0.5369098801165819, 0.2777684319199938, 0.40796807687729597, 0.14536232111568098, 1.0962814340988796, 0.35184189948168665, 0.1259311726808341, 0.5180779915665172, 0.3199011160681645, 0.31026387053231397, 0.26875385704139865, 0.31554564299682775, 0.37881331438464777, 0.2773594087921083, 0.30583197763633163, 0.1807530574604041, 0.31095000734609185, 0.2843130859147225, 0.42893961311451023, 0.3288879456619421, 0.1799773293159281, 0.7612305847661835, 0.34876136977902866, 0.23552938568971904, 0.5995416740576427, 0.2660255109270414, 0.25979865062981844, 0.38629338720982725, 0.30442603686824443, 0.37578985777993995, 0.2699443942364206, 0.15739343393749247, 1.0288132220506667, 0.44045096045980847, 0.3086844828600685, 0.3085305402055383, 0.24106328546380001, 0.3516805508484443, 0.22951145596388314, 0.19615644619667105, 0.2093584874877706, 0.42284617117709583, 0.1919547117366973, 0.6658695324916731, 0.3485824718243546, 0.27531874793195965, 0.3017151425282161, 0.3608114409514449, 0.2749463301151991, 0.36252228915691376, 0.2486946266144514, 0.2504255580989754, 0.32980791814625265, 0.32500671727272373, 0.26141192056356044, 0.28965223121589845, 0.2988624410155941, 0.2882441600784659, 0.37121706232428553, 0.27157913595438005, 0.5046592525022182, 0.29474832540885965, 0.300288987159729, 0.4018092493667999, 0.27991639568159976, 0.28154652163837895, 0.3395058143545281, 0.45275203734636305, 0.33992891100545725, 0.4836963042616844, 0.3466774979727222, 0.37096108732124167, 0.27573043604691827, 0.29898545861164516, 0.26611137781292205, 0.3072212521607677, 0.40737775092323625, 0.2886233968737846, 0.3091972444206476, 0.3610062780863945, 0.30774231530016377, 0.34007866128037373, 0.3033206328749657, 0.30008970631493465, 0.29027201567909544, 0.34146310066183405, 0.3426637890438239, 0.3511971191813549, 0.35172685533761977, 0.2983257164557775, 0.3038852077509676, 0.3061733655099358, 0.3269809612383445, 0.2650462353492484, 0.27482810579240324]
2025-11-26 00:11:36 - ffalora - INFO - loss data:
2025-11-26 00:11:36 - ffalora - INFO - [0.4462009137496352, 0.8330720964368883, 0.5917156785726547, 0.38824037296427905, 0.4387881102378083, 0.32535877264703494, 0.39531125682598695, 0.3206258472055197, 0.5284836825375494, 0.5802216336978319, 0.5647489484595625, 0.4178733855485916, 0.5963377505540848, 0.3516981332240483, 0.48280800860375167, 0.20008328719330684, 0.7790087811324907, 0.15166934511680563, 0.510986145809853, 0.39307455031249006, 0.3668514168319794, 0.0869030841651173, 0.7268470321137172, 0.2604178406996652, 0.30875178213657334, 0.4958165457042364, 0.3322666865319778, 0.06405658605169494, 0.5405541255406523, 0.26691318061742664, 0.2707012666023185, 0.43804355792188454, 0.3709466544911265, 0.14881027114088052, 1.0674637204834392, 0.18020063833906674, 2.0131950974464417, 0.4528330931044071, 0.3265479585299125, 0.36743262310822805, 0.23443189178143148, 0.41371288490144237, 0.26257617472163375, 0.3336896053109414, 0.29618217594300705, 0.1422705297064524, 0.4753955469519697, 0.3823224188315, 0.2817123428735341, 0.2328847825785892, 0.11441808542272505, 0.03070918480183796, 0.8242733469232917, 0.3742230218431728, 0.3432127532913633, 0.18790463728614018, 0.4782483740366603, 0.5314842817875055, 0.3941925137969, 0.2669898971628684, 0.25168198584555573, 0.24158718318750078, 0.2411085779671199, 0.4211104322535296, 0.35393235896928954, 0.1685092601692304, 0.17944676403255602, 0.19705954495495043, 0.5040109591264473, 0.3611612132841483, 0.277962732853161, 0.1610206766364475, 0.3893214229028672, 0.2170012556958855, 0.31390868933298266, 0.21314115745877685, 0.041509289927729454, 0.3621236074635471, 0.34087269424803945, 0.21017269109590694, 0.3131701024249196, 0.18131086047339653, 0.18113075050552233, 0.19590015042250833, 0.25073102288521254, 0.32057365846748537, 0.297777377275957, 0.38453417533919926, 0.22098171799750693, 0.44176092315555193, 0.24748809714066355, 0.35048486183770755, 0.29837683846171087, 0.31932390997043025, 0.23183099921219624, 0.19279644351530198, 0.20812365626124477, 0.1985070095415442, 0.23290162500368594, 0.27953874046050825, 0.23880817492802936, 0.3821832204804472, 0.13479488796124664, 0.3369268183906873, 0.2878282270752467, 0.23697041859850287, 0.2953914378742701, 0.33078364015628514, 0.17518350908843178, 0.47169985644843265, 0.17131365734176374, 0.2633880461577462, 0.15458946202475674, 0.34561592846622935, 0.24793552039549327, 0.34382714995518626, 0.2854998817667365, 0.19553471077233553, 0.2894883160479367, 0.315497745632341, 0.25903573866555657, 0.3170165619567821, 0.32820847211755755, 0.29007102326991463, 0.32435683605394194, 0.23189109097390126, 0.3117806973664657, 0.256380732357502, 0.4002187490094822, 0.320944480287532, 0.3203386303946924, 0.16687648261252505, 0.3010297443252057, 0.4395913358491201, 0.23426803919271783, 0.26242606866483886, 0.42040899069979787, 0.30197799066081643, 0.6283464194235638, 0.284087057163318, 0.31437532936677265, 0.2675490946819385, 0.4408568218802875, 0.3045930828899145, 0.2374014537933323, 0.2541395551737463, 0.20642908987804104, 0.3180967644788325, 0.2505381249177914, 0.2693108986490048, 0.33092816191536367, 0.2487730631031669, 0.28454000824702935, 0.19717757431483204, 0.28308735181730127, 0.27326135308696675, 0.2566185505853759, 0.2464199752413801, 0.4698890447616577, 0.2748941827646416, 0.38567560819479135, 0.2950475946600948, 0.24485752303982794, 0.30870802010624454, 0.2527312047134798, 0.26131895357886187, 0.4259183801536177, 0.27169988715778226, 0.2333789587052714, 0.38244065049176035, 0.19120846859046392, 0.1871865240132643, 0.3346894233272626, 0.3347905852423425, 0.3408487004669089, 0.24047146178781986, 0.29385959283233837, 0.21760437871432967, 0.15378216773803743, 0.37411583449022895, 0.32422797908244827, 0.339390554547228, 0.280634602726925, 0.1404373765830974, 0.4529325602310045, 0.20035972446203232, 0.1608842614560555, 0.45414994694832445, 0.14565339059169802, 0.22370763595860738, 0.5425884678062787, 0.5621734304346053, 0.22561147952309024, 0.2524874288407777, 0.21640600569339263, 0.3733328669690169, 0.36912858050904773, 0.3213212906072537, 0.3025544543678944, 0.3212146623680989]
2025-11-26 01:43:44 - ffalora - INFO - loss data:
2025-11-26 01:43:44 - ffalora - INFO - [0.40627881744876504, 0.39502036677939556, 0.24115861930130494, 0.8818371693011035, 0.6091352514809731, 0.5735987871562764, 0.49471507744774934, 0.3674508792603211, 0.36751774003699655, 0.6902122258519133, 1.1444485435883205, 0.637872101739049, 0.4882735125720501, 0.4761822176673873, 0.4751956941503467, 0.250650284315149, 1.2240286646410823, 0.2945496918012699, 0.46482635077887346, 0.5944964653324513, 0.33296425661279094, 0.8988238504777352, 0.3637686729697245, 0.8738140692668301, 0.5021875460366696, 0.3310765568166971, 0.6021792181513526, 0.8457452970601265, 0.23403143109753727, 0.43628465168347413, 0.47068215108343536, 0.42683763773706945, 0.31009720858525147, 0.21634828733901182, 0.14301496300391764, 0.2668934655686219, 0.19271851757851738, 0.6641998654231429, 0.3032437733967196, 0.3228704545587774, 0.4698838957331397, 0.3715368172464272, 0.34599256200425615, 0.4184557833664474, 0.6358889520600222, 0.3243121315026656, 0.43990840309690604, 0.4702555478240053, 0.3081144448502787, 0.38126887008547783, 0.16817095672844776, 0.7551478157928657, 0.6029108589115951, 0.17956661756616085, 0.35876780129285246, 0.37358707047644113, 0.40809203325105564, 0.3543444378301501, 0.1741826827242524, 0.48602418452501295, 0.22781050118307272, 0.28375844556527835, 0.4281032904982567, 0.23858667393822386, 0.28800643890999356, 0.3695031045270818, 0.37897000388641444, 0.3121009123539834, 0.31283386799817287, 0.899513132373492, 0.4277793851991495, 0.2558226596719275, 1.342003721743822, 0.2610343101900071, 0.2143404616508633, 0.705000513792038, 0.3841818597699915, 0.18664917242195872, 0.26421498335548677, 0.2554913628846407, 0.4414060674607754, 0.28642374370247126, 0.5315621078169595, 0.40246051482178946, 0.3739720096966873, 0.771958107004563, 0.28596203618993365, 0.33582833129912615, 0.2776464806692231, 0.7398770199053817, 0.2681377626112884, 0.12900068855766827, 0.7365682620022977, 0.4763440980829976, 0.2588417424066436, 0.21915875277703717, 0.8462911970687634, 0.27076694124843925, 0.2398593458380766, 0.3123041663365149, 0.19226476362144407, 0.37138476612215693, 0.20761262720281426, 0.2706340664299205, 0.21725809021431597, 0.12182171153735159, 0.8372790299355983, 0.31534047511716684, 0.6695778898217462, 0.2620129429934812, 0.39858138356357814, 0.504560753533786, 0.5687578737058423, 0.6360684377806527, 0.3664965231104621, 0.3131895661542211, 0.31422239895910026, 0.3404179968391404, 0.26550549478270113, 0.6861017836257816, 0.22249057276640088, 0.3824473796412349, 0.25916368950690544, 0.3199672560969537, 0.24461019481532276, 0.22135251720086913, 0.38486511912196875, 0.5793119259178638, 0.19825370656326413, 0.1810045410559108, 0.5735584457005773, 0.21230894566203157, 0.5054232999964645, 0.19336332934132466, 0.35016387707686847, 0.45755068483677774, 0.27795023775913497, 0.3233409013147607, 0.20018688309937716, 0.1382980122230947, 0.6830376537723674, 0.1847016809818645, 0.34526584481989797, 0.3280089929079016, 0.2262820273981956, 0.36395771032761015, 0.35908895439427835, 0.2745118126273155, 0.3494674272665923, 0.12527080292458692, 0.5403374543502217, 0.580717037121455, 0.2564906658421299, 0.35042990458896384, 0.32052497281914666, 0.2635654135917624, 0.2085990543322017, 0.28039606908957165, 0.6425257990644737, 0.30200554379685357, 0.39667585932960114, 0.5068178343630972, 0.3647272296889563, 0.3064512518423515, 0.32813926765488255, 0.22993254443364483, 0.13637086390517653, 0.9818291437058222, 0.5906873039901257, 0.7210026482741038, 0.22696643211464915, 0.29413193721945086, 0.613604904942666, 0.5069211479276419, 0.7799416022996108, 0.2956182895494359, 0.33496704945961636, 0.5481593753440657, 0.328706138563298, 0.257159109271708, 0.45905064046382904, 0.2772174324574215, 0.22826493062699835, 0.276956720246623, 0.29883191273325965, 0.381221182143227, 0.20140855061333804, 0.3813841062682596, 0.7375932037830353, 0.4992247092071921, 0.7570937350392342, 0.598222658686016, 0.7342724832040923, 0.4920749430145536, 0.6392870223657652, 0.5008484476556381, 0.5171105733839795, 0.48733504648719517, 0.2733367132926078, 0.6004742085933685]
2025-12-18 02:11:32 - ffalora - INFO - loss data:
2025-12-18 02:11:32 - ffalora - INFO - [0.6208247962097326, 0.6093424153824647, 0.39808563527303065, 0.2569782269226077, 0.4624412075305978, 0.5092734817537435, 0.3783225508765706, 0.315424992318378, 0.34112706494828066, 0.09962906648110624, 0.2893468353125935, 0.1421479843556881, 0.1308662062268946, 0.29375993759555663, 0.633575665725, 0.1297978481433044, 0.2626532120840339, 0.20826236551446425, 0.20894116955071998, 0.12601557503900646, 0.6681345421104476, 0.17411200227373533, 0.8353565262614969, 0.2624819446510325, 0.1610448591139478, 0.19016468664816033, 0.29445766787976024, 0.15243469918920408, 0.21655664825811982, 0.230788188893348, 0.11486364277403077, 0.3098721675447781, 0.17729361754172715, 0.3414390455123573, 0.26838203873355976, 0.13908395037287846, 0.2672575366993745, 0.2355044434348551, 0.142112471032629, 0.2692228474188596, 0.17934832749888302, 0.0799740686228255, 0.3853513284252049, 0.21013973855103055, 0.21682597914089757, 0.17725194014298418, 0.15585216486915238, 0.19526418953781047, 0.14789684302328776, 0.1494801652908791, 0.16757316447258222, 0.20815538701911768, 0.18348970682575153, 0.17933162265795877, 0.2096582185265354, 0.2419624478511867, 0.12196151849154072, 0.13628743266065915, 0.09241789152405949, 0.17123283193601915, 0.12060403408637892, 0.3706804987750454, 0.3008306073823146, 0.2193579778075218, 0.2871976188117904, 0.21419846542518245, 0.17854467064786989, 0.09656620520690921, 0.20793246717325278, 0.10245850196370157, 0.2343397233993388, 0.16694339845950404, 0.20172961576036103, 0.12908397375916442, 0.16769674273098928, 0.17588213710421388, 0.14291844345862045, 0.10993762858949292, 0.10348393262150543, 0.17454916982290647, 0.1294154927629279, 0.1235552772297524, 0.2382358490334203, 0.22242582003430775, 0.20154274342071618, 0.19257508067865714, 0.16024842070570836, 0.12130268322168074, 0.25378422446918175, 0.10934699005447329, 0.18156012930931187, 0.12839479271836657, 0.21163241761248736, 0.09717315729552259, 0.16165159180139502, 0.17630219416848072, 0.28067822080965227, 0.12054150678304723, 0.10988795408047736, 0.1690586848447147, 0.18593008897732943, 0.27459128275291905, 0.14245236884388657, 0.24602728023786435, 0.036982031366076425, 0.6566746028672371, 0.17748669215167562, 0.255388173474265, 0.11779759185931955, 0.5106354920249997, 0.21035384952223726, 0.06872564509265229, 0.23674730255346124, 0.18909611371789303, 0.2087870549495247, 0.121066359032522, 0.22113266951360164, 0.22596936712839774, 0.17192940528371503, 0.20331118601398207, 0.0998613742752544, 0.2418448853377027, 0.1896067141887865, 0.220262244942465, 0.21762818485413762, 0.11093894644776203, 0.4991702824974289, 0.16131751117451737, 0.17697759860223441, 0.2913159451240467, 0.25646829906724056, 0.23211933245571953, 0.29708024226129054, 0.1491104459648745, 0.315118362957781, 0.16893226210959256, 0.09288993819564995, 0.4734615603029126, 0.11085859024509166, 0.3331598974764347, 0.18924655557864092, 0.1705254145277043, 0.2235259562575569, 0.15130922524775894, 0.12799577638248189, 0.13579210817309406, 0.2596293906370799, 0.10660412734811844, 0.6732109534243742, 0.15961047722589877, 0.1375453853721006, 0.21431545244219402, 0.24170336816459895, 0.156173920951828, 0.2569793313741684, 0.1561328535160375, 0.13334845468246687, 0.29388991847323875, 0.2182527151043442, 0.14401205570126574, 0.17161335021124355, 0.1563717278341452, 0.1352450294946932, 0.20888506771168774, 0.19930494596165688, 0.2594002874765658, 0.27528410762814537, 0.18100567983966026, 0.2296990693331911, 0.29352336756489944, 0.19052055322875577, 0.2326671585130195, 0.29237288350446355, 0.23750742458823054, 0.2606325956926282, 0.20892643520656307, 0.1846056662965566, 0.21048518867335386, 0.2065427238276849, 0.11634438121173946, 0.2634742997095196, 0.44845304905126493, 0.24112472260991732, 0.3211266192297141, 0.17425705301694763, 0.22620886660491427, 0.2093064780269439, 0.22122750280957137, 0.21237041635645762, 0.23405320370303734, 0.15194117804575297, 0.23668533011805265, 0.21536669228225946, 0.28787984658653537, 0.12344724188248316, 0.15586454450847612, 0.18153845723053175, 0.2796504748590065, 0.10957398891655935, 0.12351001006706308]
2025-12-18 03:41:24 - ffalora - INFO - loss data:
2025-12-18 03:41:24 - ffalora - INFO - [0.3937584200082347, 0.8263599719074401, 0.5771325517159243, 0.32775971708836515, 0.30700810656828037, 0.18015196838942182, 0.18052165195975384, 0.15458142644541414, 0.25313532256210847, 0.2649872389072791, 0.2782015220572551, 0.17670709227498335, 0.24218273281191405, 0.15462984231960336, 0.2392910638824105, 0.09660720750808077, 0.3372967412074407, 0.04922569172652627, 0.2732430275928761, 0.2069227972593254, 0.20597736376266068, 0.05086026676031502, 0.2865297237888743, 0.14984147272907042, 0.1812237534518294, 0.24007169977546886, 0.19679311027105612, 0.036512585193354256, 0.2554154766054872, 0.16225807896504799, 0.17366628313711024, 0.24803802974522116, 0.22683032769709827, 0.08331211439105504, 0.42488047307623283, 0.06858952699377159, 0.5819157410413027, 0.18662564314847044, 0.20500099399771826, 0.24247642811387776, 0.13781422712861888, 0.2561790721490979, 0.14579997787885884, 0.21499766041285906, 0.15210483612803122, 0.0849272605296897, 0.21738220217233062, 0.25143815141171216, 0.16628444308086354, 0.16372016383672827, 0.053953523518090754, 0.03380287145253667, 0.4687469951808453, 0.22960639375811204, 0.20797396572306753, 0.10585883563326205, 0.2765921727210904, 0.2805251298099756, 0.24046744840840498, 0.14374447512874702, 0.14271323586242665, 0.12087633517881236, 0.11456914914218942, 0.4083617324716922, 0.18957467595736188, 0.10743230946439628, 0.10514193476615387, 0.11897529324443895, 0.2936707519201769, 0.23941547008497377, 0.17599719298706085, 0.11369240039493889, 0.22679372659573954, 0.1326612764463924, 0.20719039643804232, 0.11488023259014073, 0.023447928457829188, 0.20416057481833613, 0.23273380855098366, 0.10747414933211985, 0.19097442431136585, 0.09809799153288758, 0.10549394875878276, 0.12136527255410327, 0.10338206515825732, 0.23551879623092903, 0.22017392170998978, 0.27547909324944375, 0.13003627664237594, 0.239496238527856, 0.1666386599574859, 0.22581742578544295, 0.17442475510044742, 0.20207073908442488, 0.15525568490549446, 0.1249656546858993, 0.13481580784427935, 0.1233510590986892, 0.1563364979190131, 0.18746840982602384, 0.12392325878608972, 0.22972388272395444, 0.05211242901430295, 0.21253034379333258, 0.1702037648512767, 0.1276586242330571, 0.1937384200282395, 0.20365090080274223, 0.06852053254842758, 0.3356862907194429, 0.09789940315580073, 0.18932965915315808, 0.0899047118704766, 0.24962715165068705, 0.14182890759160122, 0.18546579532214824, 0.2151469838908977, 0.1491073067455242, 0.20033222331355016, 0.21379704795156917, 0.18684271587990225, 0.2071398582930366, 0.22317316845458535, 0.19146338088724477, 0.20681712618541148, 0.14594698088864486, 0.21809899990136425, 0.18626867364574637, 0.21502547164109873, 0.18286460023373366, 0.20655728501912493, 0.09872431797410125, 0.15711510822228986, 0.18732151524092144, 0.15461607060821664, 0.1672759667194138, 0.23190124975517393, 0.23243281420113313, 0.2686801274537164, 0.18452086665978035, 0.1789561002241338, 0.21226631000431048, 0.24727122417340675, 0.17980213472930096, 0.16529698298157502, 0.17346924560454985, 0.13107067548359436, 0.173774862041076, 0.1262237355626451, 0.14379274966743721, 0.21989657008261593, 0.13516220120677294, 0.21655895772079625, 0.12014298601821595, 0.20272758695153661, 0.15963469062430352, 0.1869257274229883, 0.14643808379079457, 0.12724652015086677, 0.19413967631602036, 0.20468091464036295, 0.23219711205887572, 0.15272067962214353, 0.19758437909185886, 0.15597281392711476, 0.16993236071310747, 0.2558603061769062, 0.19969825092703103, 0.16112167840713965, 0.21999780187437024, 0.1284092677981351, 0.1357750297688386, 0.230644589348529, 0.24835259560495615, 0.22176036512893105, 0.1707569067676862, 0.23002493023872375, 0.15800835396181426, 0.08340503872389457, 0.2950379994699976, 0.2185666551440954, 0.21148423069326522, 0.19622876631384273, 0.10568911587129588, 0.3003274262882769, 0.13353114216588438, 0.11562625267542899, 0.3269635881607731, 0.10815813041947506, 0.1499438662889103, 0.37527774221096666, 0.36033496618843996, 0.168480116892606, 0.17118648568789163, 0.148891705603284, 0.2166243943486076, 0.25061904085386133, 0.2419305165608724, 0.1748897560263196, 0.24010388969133298]
2025-12-18 04:48:52 - ffalora - INFO - loss data:
2025-12-18 04:48:52 - ffalora - INFO - [0.33376496849315507, 0.380087068921649, 0.229597361634175, 0.7248363857645364, 0.5514634243523081, 0.42983326042691866, 0.1658189918601974, 0.20048649484912553, 0.17532983478980468, 0.19682962070413246, 0.16731554727690917, 0.5179455251033818, 0.22116227395599708, 0.20396898622081305, 0.20147983742256959, 0.08567752192085165, 0.27731424405646976, 0.09519550954878686, 0.18985345284454525, 0.2160725546773905, 0.15104071454592416, 0.3151132164057344, 0.10025601065052407, 0.2872849600901316, 0.2510853510824781, 0.12712293817943038, 0.22694321510470694, 0.3969940077035855, 0.125870637675204, 0.16701280624000078, 0.18857071230617856, 0.27721677662006444, 0.20426409956555636, 0.10552089208019122, 0.07425997880491195, 0.18274827420940265, 0.13380732408259063, 0.2240860303075016, 0.16766636682829508, 0.2120783768904706, 0.2532495692372322, 0.1355436356693861, 0.24181877565958226, 0.17995487340570737, 0.38810250138243035, 0.21241115931479726, 0.14805571612170232, 0.20287311042678388, 0.1713739323635729, 0.1402585219417233, 0.11390830641418385, 0.3118690340469281, 0.2086105773354315, 0.1359508822284018, 0.228832147909584, 0.26247719482829174, 0.24706002940925267, 0.21953878916898056, 0.10156135703170245, 0.2216029485120417, 0.14684737113614876, 0.12724954589405874, 0.11815687209101661, 0.15144733486120546, 0.18433063730287055, 0.30834785494953393, 0.19400326390085476, 0.2046022822304318, 0.18440431378937017, 0.3046751450175387, 0.36887719378094463, 0.10545963134541046, 0.5482528755396959, 0.1430656542053871, 0.12357389711154004, 0.2929992352719031, 0.23771713570846867, 0.13928005278073982, 0.16828286126699477, 0.17519661374390127, 0.24950578742261442, 0.08611402558017289, 0.4223228927818127, 0.18239807823811774, 0.15014962242955032, 0.2723436450896164, 0.1809981168959947, 0.1700430555763887, 0.18807156552584509, 0.2590736046104747, 0.15600715689958097, 0.0945394605708619, 0.41676441992943486, 0.21393693830108357, 0.13315480011958808, 0.13776129165586704, 0.46069022826850414, 0.15282409701806804, 0.15156813456366458, 0.1929031608005365, 0.12090131960153337, 0.19884047997849327, 0.12941099675885753, 0.17205483247747733, 0.14722905500481526, 0.06627163826432522, 0.33831916829742686, 0.3168651448717962, 0.38421978273739416, 0.16470740849677568, 0.3255099178136637, 0.22654720159092298, 0.2776856524814364, 0.3158096732715001, 0.11352347234108795, 0.2069174447955162, 0.18401938773117454, 0.22330837824071448, 0.10998140836627932, 0.5128432649653405, 0.14301819554751827, 0.1936228075896257, 0.1596050989936645, 0.19897492918230236, 0.11946859402717867, 0.13794170743009695, 0.25446041994728147, 0.31563280632390694, 0.1618777525123386, 0.12055392891262509, 0.27912763708274857, 0.16420100628851547, 0.4027350803526739, 0.1250238609034568, 0.25768141283725315, 0.22739404059414353, 0.17432004296667097, 0.1986855923042943, 0.1023734683944245, 0.08412959934842486, 0.4065980758189279, 0.24828746898898058, 0.1965974778092156, 0.21556301850359888, 0.14066413003629782, 0.21842339565783603, 0.23510709451511502, 0.17452971575277526, 0.22699256505972396, 0.0804073523147963, 0.33283238575483365, 0.3433992645858477, 0.1487117026389266, 0.18405473670434383, 0.1985459730783034, 0.15353131487908397, 0.13417703515539567, 0.15856091768835626, 0.48698743502831177, 0.2121201671571249, 0.3301673306839629, 0.3222490794141777, 0.2095876810798312, 0.18722691340371966, 0.23512602520777898, 0.15622576534127197, 0.0842724301929896, 0.6968352565971705, 0.31628839612628024, 0.3783003229647875, 0.16872029522543444, 0.20815636552094172, 0.35614584411849226, 0.32200401251514754, 0.45474144135202677, 0.18481815297961673, 0.19865299014130194, 0.27677670419216155, 0.20916368113830686, 0.20219141580164432, 0.261728358703355, 0.191322069841304, 0.1723633278926302, 0.19583778890470663, 0.26403590477226924, 0.2848159801179113, 0.14225023444741963, 0.23548308100130055, 0.5112205693232161, 0.32792092136907997, 0.4753530243677752, 0.34627278770009673, 0.43170259354615603, 0.2954299518695245, 0.3360753450853129, 0.3132548130560844, 0.3164655670057982, 0.27980485687462187, 0.1742265415377915, 0.37980339197175844]
2025-12-19 21:09:19 - ffalora - INFO - loss data:
2025-12-19 21:09:19 - ffalora - INFO - [0.6181091013054053, 0.6149850752204656, 0.4042036236555438, 0.2838906552642584, 0.48916335264220834, 0.5684126604459292, 0.45732777096175903, 0.501802930269729, 0.5553838590780894, 0.2551686937144647, 0.7751175704261646, 0.3190359593453732, 0.32070898816183013, 0.8604507314545723, 1.871462590936007, 0.2978195759985182, 0.5271145106396742, 0.3849000503205591, 0.3754987975931726, 0.5122499523011761, 1.3404599555696433, 0.26075599663696875, 1.235898698910508, 0.558343128957564, 0.32497359068236414, 0.392712470605999, 0.5191482711583376, 0.26657435664674267, 0.4179568608601888, 0.3694544687867165, 0.2241649640413622, 0.573847258971496, 0.31415635276094284, 0.5676498539896324, 0.5306474707968947, 0.20367961443189417, 0.4386963280849159, 0.3657998227729247, 0.23147029178734455, 0.5642439499497414, 0.3283948647846101, 0.1115167193443215, 0.688191866559478, 0.30503632351756094, 0.3273832793924071, 0.27519699895444016, 0.24190879637996357, 0.3021002036763266, 0.26241530443852146, 0.23164661823345037, 0.28823115845408404, 0.3399474240839481, 0.3191302339952343, 0.2927559383044189, 0.33314891743727704, 0.36218324345314784, 0.20079727401025593, 0.2037967738074561, 0.16951166362915604, 0.28054588111893586, 0.18196510818379463, 0.6980389839207584, 0.4220884699906622, 0.3242133506884177, 0.4669024501261967, 0.32163625907040005, 0.2620755864641605, 0.16020744758231253, 0.3212635094455133, 0.15146720841682204, 0.3442791744780082, 0.2745866311045411, 0.31566529607008553, 0.1936855723770956, 0.3472049087346471, 0.2575282664294099, 0.23363032582888588, 0.20528039845586235, 0.15315772499889135, 0.2908522748698791, 0.20165992872789504, 0.211214011364306, 0.3774508093095695, 0.35601198779574283, 0.296145651921896, 0.2844380991194736, 0.25585340262235456, 0.23479418320089787, 0.4701531690479529, 0.18791901021161014, 0.2828498838755947, 0.19855497574123243, 0.30516918077177946, 0.15838281245563518, 0.2485220386646688, 0.2808292583251993, 0.31980956431764823, 0.1676619782015526, 0.17383973080561393, 0.27026776598495805, 0.19153036821323136, 0.4602755385184927, 0.21985383358680538, 0.3484786938537251, 0.061211686964573644, 0.8669744143262506, 0.28751993738114834, 0.30596671173615114, 0.1720838598984604, 0.8332078058949925, 0.33312424673211005, 0.10096748540009785, 0.37557544735932924, 0.29102871905834904, 0.2884433327242732, 0.18097960561724558, 0.3322425844679986, 0.31239357816853697, 0.27784354452575954, 0.3142126259704431, 0.14445466839076418, 0.32232185357222054, 0.28161399015447214, 0.3588416956897293, 0.35324663177809934, 0.16891431796151057, 0.7523476865429144, 0.27217905716970564, 0.22561133285194185, 0.45334401478370034, 0.3006868827876381, 0.28059979411773384, 0.44015475610891974, 0.2250784242266996, 0.4422759312120351, 0.27324089119210837, 0.1455844540666375, 0.5800928925775518, 0.18252485149229566, 0.4797400342300534, 0.2807504241778092, 0.24711831093598635, 0.34248276644696796, 0.2081057507622366, 0.22061557070248655, 0.22525937963509934, 0.36836025274048245, 0.1411743605784564, 0.916274902827683, 0.2936833727881949, 0.25288821834449965, 0.2839608838781714, 0.3530888263136148, 0.2560857561461273, 0.3341482188552618, 0.23316146480658698, 0.21100862217135727, 0.47016527702411015, 0.2760457237335769, 0.2215020092204213, 0.26504801998713184, 0.24406521947433552, 0.24527212831596232, 0.3188856724235747, 0.3184371730482036, 0.36827543671384, 0.34163649575341315, 0.26071705763775205, 0.3136002320796251, 0.37250451669096946, 0.30276638219753904, 0.34249946984152, 0.42735332902520895, 0.3174177522573507, 0.3940257299070557, 0.3191921915476903, 0.2897181124736865, 0.2776375592686236, 0.29998296036695443, 0.18600022042584086, 0.36026060372177093, 0.5715736944228411, 0.3304848882680138, 0.46469167930384475, 0.2412707067046983, 0.3364714205265045, 0.30255289903531474, 0.2961177818565851, 0.3103512413799763, 0.3389577155134508, 0.2150130211065213, 0.3286516529197494, 0.3003646396100521, 0.36011980393280585, 0.18296521455049514, 0.2290792928284241, 0.2781570209988526, 0.3796929141224334, 0.18962985432396334, 0.18618996669538318]
2025-12-19 22:32:12 - ffalora - INFO - loss data:
2025-12-19 22:32:12 - ffalora - INFO - [0.39558557325042787, 0.8208164182583709, 0.565627673211006, 0.37182425662133567, 0.42487169351867016, 0.3163774599183213, 0.3734099702840602, 0.3030745342684289, 0.5133409934118389, 0.5560878351330757, 0.5430442499617736, 0.38722245159248514, 0.5017092180252075, 0.29857732497621325, 0.4490157276391983, 0.17966156026814134, 0.6809274797638257, 0.09445348341002041, 0.46252620722211546, 0.37658804128758416, 0.34887138638549886, 0.07947927486642989, 0.5540380284285698, 0.23024318401468918, 0.31283819967946513, 0.42558491939248944, 0.3167490078972127, 0.056544557285443366, 0.4534717451016872, 0.2641841291449964, 0.26295685100916993, 0.38473994707067805, 0.3681162046889464, 0.0940354180504353, 1.0093973992126328, 0.17136366988639706, 1.2738476604223252, 0.2919970130200918, 0.32882825167133256, 0.36379897134999434, 0.22948095805918706, 0.40000433909396327, 0.24991870072877242, 0.34842325256038936, 0.23402046797176201, 0.14272370907430607, 0.41661072585833236, 0.3770586487650871, 0.25823040410218867, 0.23526661277328637, 0.08806994235337091, 0.03269256634135942, 0.8276077424486479, 0.3800178105154863, 0.3199274282902479, 0.18631874256189568, 0.4053931849077344, 0.4116920094937086, 0.3876212145024467, 0.22191449429374188, 0.2318062150895667, 0.19476552151919652, 0.20892077145865187, 0.4780440562612107, 0.32470903769135473, 0.161100432719104, 0.16597766711730164, 0.17326736564864403, 0.44266431190901334, 0.3460807532515554, 0.24227338683196664, 0.1650299256434664, 0.4046431335310141, 0.19641345630710322, 0.28644967208305994, 0.18954373763796561, 0.03742458128059904, 0.3403408141748514, 0.3237957064062357, 0.1599390335188498, 0.2903346228914765, 0.16636768779889852, 0.16212292830758274, 0.19072587325237692, 0.20009029595306715, 0.33586815949051807, 0.24542490899672403, 0.3996598614291066, 0.20508454307072008, 0.4003924558852233, 0.21390373310092473, 0.33160199476167174, 0.3128712915170651, 0.32601415559362906, 0.22004693096551375, 0.17505108886553597, 0.19917312057145561, 0.16815475855915185, 0.21840177670431635, 0.2799999750099885, 0.19797163816789787, 0.3439651864447764, 0.09299915286455637, 0.30871531839172045, 0.2724993166585381, 0.21958444404105346, 0.29075847308461866, 0.32170306595090103, 0.1528023861038188, 0.5114712073985073, 0.13939216492715506, 0.26349536271718066, 0.13198927794427923, 0.3646043541530768, 0.21364103027619422, 0.28566079834619396, 0.31344155735439727, 0.22315910464773575, 0.28619416430592537, 0.30920662221809225, 0.26594303917760653, 0.31741459214438994, 0.3039366416189642, 0.2797159896733669, 0.301058429071591, 0.2108925378881395, 0.29397307994465033, 0.2743806545105245, 0.31642236520157574, 0.2958066064864397, 0.31111539868303595, 0.1418836963861488, 0.2504881736598551, 0.33251914100578195, 0.2243976502536008, 0.23690889794379472, 0.3177514509608348, 0.34565915504677425, 0.36644120231270794, 0.2630026923492551, 0.2562728484398594, 0.2682857904272775, 0.3366913153479497, 0.2233512806830307, 0.236954851836587, 0.2512037541717291, 0.18191361042670906, 0.2664566515634457, 0.2199326559757957, 0.24463137812339342, 0.30352365219344696, 0.21235162457272125, 0.27620332383861146, 0.17507587435079522, 0.2908496586032785, 0.2560308978248101, 0.23002198812204833, 0.19944212689167923, 0.19710417183598988, 0.25042683305218816, 0.3581607040240724, 0.2725027416039396, 0.21135742391770085, 0.31046188808977604, 0.22139281434221908, 0.24833676343879257, 0.3948746855537861, 0.27363193122049173, 0.2363595251081621, 0.33443897956838975, 0.18577999021444055, 0.19639880093654583, 0.31585340693545266, 0.3461980712910493, 0.3141089065000415, 0.25423566456884145, 0.2943712549015052, 0.20168810394026487, 0.1349734334482087, 0.382299249092058, 0.3219834827880065, 0.30671620247169185, 0.280581433663056, 0.1438506969464598, 0.4162076166904871, 0.19370095195869602, 0.1617019566272696, 0.43380444931487244, 0.1351771247745664, 0.20818928977750517, 0.5246707627564693, 0.519122448267463, 0.2272321821376681, 0.22848634131252765, 0.20347104690165496, 0.3432834406827505, 0.33838954551352396, 0.3590158898383379, 0.3000227751640173, 0.3146540619432926]
2025-12-19 23:40:46 - ffalora - INFO - loss data:
2025-12-19 23:40:46 - ffalora - INFO - [0.3476543300208591, 0.3828902745601155, 0.22714626491069795, 0.9240155320259786, 0.5687704335277279, 0.5693767577409744, 0.4502265758989822, 0.36835634211699164, 0.35258460192320246, 0.48641386351858573, 0.4327699416627486, 0.8759743630231083, 0.43717713539289044, 0.45769444360242534, 0.4232528805732727, 0.20568032235882822, 0.830266481731087, 0.19784248017129444, 0.4626501691993326, 0.5102180578459341, 0.30097340562873903, 0.6789400440951188, 0.21306957246159158, 0.5469517004932021, 0.45332342221164235, 0.2317997235028694, 0.4645661830281218, 0.721504491682236, 0.1977436499359707, 0.305890472450604, 0.32521456012932154, 0.41747608530734265, 0.3111502613295757, 0.17725709674026197, 0.12096154702400479, 0.2714899891611646, 0.18154466771520675, 0.4144631012811595, 0.27882992868710843, 0.32821313434956123, 0.41657718035082025, 0.2162560766474122, 0.4082454781979322, 0.30705949504238866, 0.5308742589006822, 0.3124421896354761, 0.2685572095603372, 0.3451554384858658, 0.2516936277731871, 0.24212299722324437, 0.1777801877663781, 0.5127466547169856, 0.3660474628077022, 0.18067149138854194, 0.3567817030218886, 0.3658696344743172, 0.3960970427718136, 0.3471594994495574, 0.16078649468108777, 0.4195728135134157, 0.22626993870362638, 0.22175947246917832, 0.23928216325917412, 0.22499701728866922, 0.2899623677755396, 0.40510107918332017, 0.33508352170742695, 0.30234735089664655, 0.23898067610959212, 0.4275507411282313, 0.5481196760254747, 0.18315653287797448, 0.932133376704795, 0.20842238994674725, 0.1757016253657639, 0.563157090517537, 0.2881729589775205, 0.19371390095409735, 0.24887633195058223, 0.24704142703364293, 0.3465756382793188, 0.18790481481534826, 0.5733054766741892, 0.28939379494459855, 0.23381465835652004, 0.5077928806344668, 0.2857303185967588, 0.28627178432264677, 0.277220573509112, 0.5242419068646782, 0.2397447726366898, 0.12778710518808414, 0.5965399949634005, 0.4101071970803397, 0.20225585131861623, 0.22190341982280926, 0.6606520190834999, 0.23393939607998446, 0.22466371829311055, 0.29675147707263627, 0.170431858361617, 0.32871481105685235, 0.17463924971766265, 0.2590465259516523, 0.22129758251830933, 0.10805531570998331, 0.5806696306374904, 0.39023911266898115, 0.5467425720145305, 0.2641620804149753, 0.4617709609058996, 0.3983778961535011, 0.4529226109429839, 0.507887528779415, 0.21656945263966917, 0.3007450632239674, 0.2798685647435206, 0.32410897904386127, 0.21959913419337854, 0.5921199709961289, 0.21776100704446436, 0.27934390529324965, 0.2472108380182793, 0.3129450361643519, 0.18786362853522104, 0.22319631480301422, 0.33789386568435775, 0.4783668772262686, 0.2157169745924572, 0.17017666395122305, 0.47208803993940107, 0.22053358409708987, 0.4876304239034652, 0.17747192000970244, 0.38459065491026573, 0.364635627503906, 0.26901982522491985, 0.279677473505338, 0.1651664617737489, 0.12829943543258018, 0.5957995906326117, 0.26266409744109426, 0.29894890704502664, 0.3639396576831738, 0.20469003487821846, 0.32799288092762635, 0.34631523241599405, 0.2713468832320961, 0.3325759889247517, 0.1306053906834374, 0.49101069774478673, 0.5738450302431981, 0.20859280581186923, 0.252518754248463, 0.28715459600623167, 0.25573700994228654, 0.18535819548894378, 0.22899560508362593, 0.6587978977177824, 0.2457896979259593, 0.4507878400784518, 0.4935445914976299, 0.31415150535165093, 0.30026568528264763, 0.3086445754503503, 0.24340509790927173, 0.13145180622426172, 0.8826196275078334, 0.49025845987101396, 0.5649633420010407, 0.22440672213686447, 0.2964086071588099, 0.5119369662854644, 0.4768928746382396, 0.6790770673326083, 0.2625282595425353, 0.2968731465753657, 0.45404299156119426, 0.3249225894610087, 0.25607969996829827, 0.40881791673600676, 0.2705925094318532, 0.2298032839472095, 0.2616695122172435, 0.3082781428626428, 0.393284769807584, 0.19289013035595418, 0.35508082452717993, 0.6688365106071745, 0.44811327121825073, 0.6811387262174061, 0.4858797948807478, 0.6110970668576576, 0.4190963128438363, 0.5024962494770686, 0.4573250106580201, 0.44199065578480556, 0.4457820284251983, 0.26615243799363575, 0.5462124172065939]
