2025-11-12 17:12:16 - ffalora - INFO - loss data:
2025-11-12 17:12:16 - ffalora - INFO - [14.280776143074036, 5.5380952805280685, 0.47544579915702345, 0.3893550243228674, 0.37241094298660754, 0.37640818767249584, 0.3653662476688624, 0.344320697709918, 0.3512476013973356, 0.33337290212512016, 0.327318263053894, 0.3741014840081334, 0.34285114146769047, 0.3139565128833055, 0.363365414366126, 0.3183052040636539, 0.3411153618246317, 0.3434745166450739, 0.3461358634755015, 0.35183346550911665, 0.33460211679339413, 0.35697511881589894, 0.3447283186018467, 0.33858516477048395, 0.3447263766080141, 0.3195010114461183, 0.3262246742844581, 0.3153753874823451, 0.33827255070209505, 0.344478951394558, 0.3560783214867115, 0.33112685196101665, 0.3277180602774024, 0.29471424575895067, 0.3182024244219065, 0.30963458865880966, 0.3087841268628836, 0.3226627459749579, 0.33968202415853743, 0.32832490745931864, 0.34339129999279977, 0.33660926707088945, 0.3180790707468987, 0.31794029474258423, 0.3559673707932234, 0.30073242262005806, 0.34058501534163954, 0.31432600244879727, 0.32090100459754467, 0.3448339387774467, 0.3448853626847267, 0.34321581237018106, 0.3175687087699771, 0.34370931759476664, 0.3221378494054079, 0.3100410056300461, 0.31075411662459373, 0.34392223022878166, 0.29913856741040945, 0.3508597854524851, 0.31740882713347673, 0.32270385324954987, 0.32864925395697353, 0.3021118901669979, 0.34635934606194496, 0.3154184865765274, 0.33982009440660477, 0.3087090365588665, 0.3279407203197479, 0.32945320531725886, 0.3133072286844254, 0.31756772976368663, 0.3249695062637329, 0.285118567943573, 0.32218445856124167, 0.33962188884615896, 0.30581845343112946, 0.30716441459953786, 0.3283049751073122, 0.30963241439312694, 0.32721810378134253, 0.3054333344101906, 0.3064833519980311, 0.2942835258319974, 0.3251112323254347, 0.32275567539036276, 0.3331135384738445, 0.3050305791199207, 0.32279438171535735, 0.3289006218314171, 0.3164244208484888, 0.3004816679283977, 0.32021196093410254, 0.3252802534028888, 0.3293854642659426, 0.3157932244241238, 0.3352928466163576, 0.3154622815549374, 0.33506319727748635, 0.30096402503550057, 0.3255367239937186, 0.3094734165817499, 0.3113982461392879, 0.3354923134669662, 0.34142809864133594, 0.3318720825016499, 0.28941286616027356, 0.2912529310211539, 0.30683251190930605, 0.327698215097189, 0.30333863440901043, 0.32073725461959834, 0.32482257951050997, 0.3216197840869427, 0.3048357404768467, 0.34121253304183485, 0.3125746922567487, 0.31410979069769385, 0.30783162442967293, 0.30164587274193766, 0.3204627759754658, 0.32585853189229963, 0.33249899968504903, 0.30829735696315763, 0.31265898812562226, 0.3101394671946764, 0.32248519323766234, 0.3363623354583979, 0.3098332494497299, 0.3184925109148026, 0.3254684377461672, 0.3000786129385233, 0.32792686205357313, 0.31098434552550314, 0.304217136465013, 0.30380165986716745, 0.31135254092514514, 0.3056435935199261, 0.3170175850391388, 0.30188835561275484, 0.28699137158691884, 0.3051716614514589, 0.2944889377802611, 0.312106566503644, 0.3102167025208473, 0.30225454419851305, 0.3182163193821907, 0.3004659570753574, 0.3092115153558552, 0.32147181537002323, 0.3274912808090448, 0.3100740797817707, 0.32342137601226567, 0.31659080404788253, 0.31820010393857956, 0.33123521097004416, 0.3262348212301731, 0.3535176955163479, 0.3143056852743029, 0.32284219935536385, 0.3095723636448383, 0.32545750960707664, 0.2999014245346189, 0.2888496497645974, 0.31899589449167254, 0.32102108001708984, 0.30759250354021783, 0.29838451705873015, 0.29854623284190895, 0.31523337960243225, 0.3416655771434307, 0.33211559690535064, 0.2866020115092397, 0.30445111319422724, 0.302110702637583, 0.33571925591677426, 0.32634504064917563, 0.3098671082407236, 0.34100725688040257, 0.31078620813786983, 0.3226801805198193, 0.3288749150931835, 0.2999744176864624, 0.2892333995550871, 0.3232343496754766, 0.2990934090688825, 0.31788645274937155, 0.30811420232057574, 0.32654266320168973, 0.30422907434403895, 0.2935701344162226, 0.31449220329523087, 0.34718189798295496, 0.31848983876407144, 0.28397850897163157, 0.30434902273118497, 0.3029615767300129, 0.3422337267547846, 0.32844709064811467, 0.3088304713368416]
2025-11-13 07:18:57 - ffalora - INFO - loss data:
2025-11-13 07:18:57 - ffalora - INFO - [13.998307800292968, 5.653135871887207, 0.47689360566437244, 0.37111761756241324, 0.3232732355594635, 0.360417440906167, 0.349484002776444, 0.3560508772730827, 0.33479771614074705, 0.3341250792145729, 0.3444260943681001, 0.3647085722535849, 0.32771762534976, 0.3252247732132673, 0.3439324744045734, 0.30644111670553686, 0.3701029930263758, 0.33231718838214874, 0.2983915384858846, 0.32899485155940056, 0.3375218335539103, 0.31750102490186694, 0.3309985604137182, 0.34439152721315625, 0.33091345299035313, 0.34770813472568984, 0.3394972670823335, 0.32428031228482723, 0.3236640114337206, 0.3303490366786718, 0.3036591669544577, 0.3418384317308664, 0.318685033172369, 0.3402962239459157, 0.29877419080585244, 0.3124214166775346, 0.3617615941911936, 0.31903922371566296, 0.33508472610265017, 0.3366006819531322, 0.3414832841604948, 0.30806721448898317, 0.3389105560258031, 0.34302744418382647, 0.33572333604097365, 0.3135701734572649, 0.301162994466722, 0.30779959037899973, 0.3404286880977452, 0.32949763983488084, 0.3269721876829863, 0.2934671565890312, 0.3351010706275701, 0.3078016031533479, 0.30895303562283516, 0.315479614213109, 0.3147775482386351, 0.3402642520144582, 0.30743636973202226, 0.3306075491011143, 0.33340062312781815, 0.33494885116815565, 0.3476821491494775, 0.3139034660533071, 0.34406040888279676, 0.3190032774582505, 0.3165505869314075, 0.3313882442191243, 0.326091549359262, 0.3416481237858534, 0.3112268226221204, 0.2949860841035843, 0.33780760131776333, 0.3351455185562372, 0.3133086476475, 0.31096904948353765, 0.29145543128252027, 0.2927369397133589, 0.3221758073195815, 0.3109389193356037, 0.3201920706778765, 0.3061471590772271, 0.31665712371468546, 0.2855232497677207, 0.29979649260640145, 0.315529565140605, 0.3324200324714184, 0.3214007470756769, 0.32049967534840107, 0.334398383833468, 0.3110444700345397, 0.29903467148542406, 0.323222166672349, 0.325156220421195, 0.27560682836920025, 0.3233323136344552, 0.327838321402669, 0.30469549465924506, 0.3097910357639193, 0.2716953817754984, 0.3076838567852974, 0.3273932050913572, 0.29363544955849646, 0.2972338056191802, 0.3016437653452158, 0.30982598084956403, 0.2899986566975713, 0.3160475673153996, 0.3108302247710526, 0.3110302770510316, 0.3104196887463331, 0.3403731569647789, 0.305572715960443, 0.3102951794862747, 0.28175848443061113, 0.30284853540360923, 0.31572852190583944, 0.2873632000759244, 0.29892592206597324, 0.3106129381805658, 0.2934598131105304, 0.33007726557552813, 0.3060166485607624, 0.32182721942663195, 0.3142612779513001, 0.3156088300049305, 0.302652283385396, 0.2927272291854024, 0.3137852393090725, 0.3307337934151292, 0.35015036165714264, 0.32752855941653247, 0.33726597353816035, 0.32075440771877767, 0.3076191168278456, 0.2970409400761127, 0.30996171706356107, 0.31058475505560634, 0.3171183053404093, 0.29458885081112385, 0.3446660889312625, 0.30082966238260267, 0.3227205753326416, 0.32623934336006644, 0.31874861009418964, 0.3178587887436152, 0.29066566564142704, 0.316041237488389, 0.30958625376224513, 0.30864439271390437, 0.30869162604212763, 0.31035711262375115, 0.3306266563013196, 0.3310541667044163, 0.3320090310648084, 0.29964250251650815, 0.29283780306577684, 0.31037025563418863, 0.30261016525328155, 0.2931846110150218, 0.3128869229927659, 0.3240583445876837, 0.3149857331067324, 0.3190850745886564, 0.33383426405489447, 0.3189871650189161, 0.3075774274766445, 0.314061401411891, 0.29737563244998455, 0.28657216895371673, 0.2945345036685467, 0.3151584139093757, 0.3123176783323288, 0.30490839630365374, 0.3108378389850259, 0.32584060691297057, 0.31028393413871524, 0.3019806034862995, 0.3236299827694893, 0.3260712318122387, 0.29085908709093933, 0.3225683219730854, 0.30626873634755614, 0.3390758205205202, 0.31804975420236586, 0.3043400213122368, 0.30807798244059087, 0.29497456587851045, 0.3336211932823062, 0.29330968838185073, 0.3303540471941233, 0.3137414701282978, 0.3162158254534006, 0.34337923061102626, 0.2810233484953642, 0.3121701141819358, 0.3016028098762036, 0.27297068219631915, 0.2871245320886373, 0.3035795908421278]
2025-11-13 11:32:29 - ffalora - INFO - loss data:
2025-11-13 11:32:29 - ffalora - INFO - [14.595455050468445, 5.800711478292942, 0.5059455964714289, 0.41303727217018604, 0.3320494368672371, 0.3532092060893774, 0.3537203386425972, 0.31799388155341146, 0.37945608161389827, 0.3766714982688427, 0.34476350620388985, 0.3679342571645975, 0.37112525291740894, 0.362399367056787, 0.32223772406578066, 0.359743008390069, 0.3575425300747156, 0.36834437837824224, 0.33774569910019636, 0.3423306353390217, 0.3099214281886816, 0.33441096879541876, 0.3570854457095265, 0.35267858430743215, 0.3321131680160761, 0.32700005806982513, 0.3339500043541193, 0.320705434679985, 0.2994421619921923, 0.3188642134889961, 0.3203855238854885, 0.29981253761798143, 0.3406652037054301, 0.33171678949147465, 0.3282999377697706, 0.3109689835458994, 0.35392236886546014, 0.3209395028650761, 0.3261899337172508, 0.3013656917959452, 0.3185855936259031, 0.30353423785418276, 0.3407022163271904, 0.3398809049278498, 0.3160117594525218, 0.37525627445429566, 0.3242044571787119, 0.3548832884058356, 0.3151358008384705, 0.2927782421000302, 0.3130782157182693, 0.3405308645218611, 0.333289235830307, 0.3215053791180253, 0.3281564636155963, 0.317025300860405, 0.3204546340741217, 0.32112660370767115, 0.30805455334484577, 0.35308123752474785, 0.33699563667178156, 0.31803346797823906, 0.3111030053347349, 0.2816593170166015, 0.2893384199589491, 0.32187758199870586, 0.32490518502891064, 0.3084130944684148, 0.3018947660923004, 0.30561212431639434, 0.31818460300564766, 0.3585761899128556, 0.332627160102129, 0.28615097552537916, 0.3301377477124333, 0.31493057478219266, 0.31399207301437854, 0.33751193434000015, 0.3060305409133434, 0.31502031236886974, 0.3245442608371377, 0.309629194252193, 0.3286476951092482, 0.313932491093874, 0.3377415698021651, 0.2801491875201464, 0.330507786385715, 0.33768891431391235, 0.30015458445996046, 0.33565266914665703, 0.3151920054107904, 0.3135066727176309, 0.32658445574343203, 0.33763107340782883, 0.3351300049573183, 0.3239732999354601, 0.29491804353892803, 0.2912540664896369, 0.32196725551038985, 0.2814251853153109, 0.29304017517715697, 0.31457259804010396, 0.2953892073594034, 0.33764136359095576, 0.30506997946649794, 0.32814485523849724, 0.30734396874904635, 0.3206196803599596, 0.3140054736286402, 0.30399125646799807, 0.3144742907956243, 0.3376869948580861, 0.30302242450416084, 0.3482286624610424, 0.3244071280583739, 0.2954601945355535, 0.31842779405415056, 0.3012554068118334, 0.33139001037925486, 0.29387582354247566, 0.31731026265770196, 0.29685865379869936, 0.3364010702818632, 0.33215167559683323, 0.3119939617812634, 0.30947804227471354, 0.30900144279003144, 0.31778888814151285, 0.31843345798552036, 0.3460617884993553, 0.32094003837555646, 0.3141454130411148, 0.3184637326747179, 0.33834807481616735, 0.303305484727025, 0.2962350780144334, 0.29949745535850525, 0.3328286413103342, 0.3009672988206148, 0.3198403175920248, 0.3120656779035926, 0.3326127376407385, 0.31233356818556784, 0.3164112471044064, 0.29771235343068836, 0.32716547874733803, 0.3278570432215929, 0.3012426897883415, 0.3243935763835907, 0.3109787367284298, 0.31358741950243707, 0.3270522054284811, 0.30083591751754285, 0.3134425144642592, 0.30534827783703805, 0.3275425123050809, 0.288597493711859, 0.31866767127066853, 0.31117329057306053, 0.31451004445552827, 0.32635825872421265, 0.32076530791819097, 0.2959622025489807, 0.31048892587423327, 0.329366696625948, 0.2999529428780079, 0.3115703004412353, 0.3218669254332781, 0.30972284190356736, 0.26863967105746267, 0.3331672053784132, 0.28128695860505104, 0.30386936441063883, 0.30174069814383986, 0.31545419096946714, 0.3070334253832698, 0.35085592903196816, 0.30852226428687574, 0.297994295321405, 0.30131367016583677, 0.29722010623663664, 0.31146247405558825, 0.3435173194855452, 0.28662590831518175, 0.28722737375646834, 0.3088820645585656, 0.2882824491709471, 0.27938498370349407, 0.31469558402895925, 0.3072805218398571, 0.30720189139246945, 0.2953294176608324, 0.2959637053310871, 0.3038184290751815, 0.318262055516243, 0.27954873796552415, 0.3280549651011825, 0.3274966802448034, 0.3124810359440744, 0.2815376162528992]
2025-11-26 08:06:54 - ffalora - INFO - loss data:
2025-11-26 08:06:54 - ffalora - INFO - [13.957628965377808, 5.845480558276176, 0.46711924523115156, 0.41069803908467295, 0.3524816339835525, 0.37235985994338994, 0.34927762225270276, 0.3382390357553959, 0.3590576373040676, 0.32152919974178074, 0.34947822894901037, 0.30974142588675024, 0.3549731519073248, 0.33669625837355854, 0.35521354861557486, 0.38132078275084497, 0.33552229665219785, 0.34210374392569065, 0.35699978210031985, 0.33414194770157335, 0.35310091115534303, 0.3099835505709052, 0.35019590351730584, 0.3221792925149202, 0.3388379476964474, 0.33976912349462507, 0.337694488838315, 0.33566514775156975, 0.3334487579762936, 0.29634369630366564, 0.32562804967164993, 0.3239460026845336, 0.31751336082816123, 0.3439130878075957, 0.31675304248929026, 0.34175442196428774, 0.33993587270379066, 0.33103436045348644, 0.3176118778064847, 0.29585161469876764, 0.3044985389336944, 0.3398433577269315, 0.3464666727930308, 0.29693378545343874, 0.32643790524452926, 0.3311612106859684, 0.2938062511384487, 0.28857806585729123, 0.3446300012990833, 0.3132913440465927, 0.31101379897445436, 0.32239117268472905, 0.2855917985551059, 0.31457489281892775, 0.2907983008772135, 0.35822808817029, 0.2762618692591786, 0.28765902407467364, 0.3217076538130641, 0.3018853228539229, 0.33863450959324837, 0.33710018508136275, 0.32113817073404793, 0.3309200797230005, 0.32302133832126856, 0.32073122579604385, 0.32056051343679426, 0.3313476458191872, 0.33298899233341217, 0.31443912722170353, 0.3276338815689087, 0.331585549749434, 0.31100246720016, 0.33195184655487536, 0.33360232748091223, 0.3229865904897451, 0.3391339283436537, 0.34082081764936445, 0.2918837761506438, 0.3127196216955781, 0.33385008499026303, 0.3284205075353384, 0.30582075100392103, 0.34089960865676405, 0.32362241949886084, 0.319581170193851, 0.3028244634158909, 0.2942142553627491, 0.34008200466632843, 0.3332549843937158, 0.32099012322723863, 0.32581014893949034, 0.30755030550062656, 0.31287469118833544, 0.3281069347634912, 0.31636653915047647, 0.32727641593664886, 0.30028190854936837, 0.3048427775502205, 0.3022218827158213, 0.3312632396817207, 0.32621684744954105, 0.3338320218026638, 0.30858730524778366, 0.3321905200369656, 0.2723171073943377, 0.30186013747006657, 0.3469077594578266, 0.2864809356629848, 0.3172917200252414, 0.32416943497955797, 0.29933870751410724, 0.3037314347922802, 0.30709999054670334, 0.3073489997535944, 0.3074352160096169, 0.3327987464144826, 0.3039311172440648, 0.32281849794089795, 0.28976629842072726, 0.3222129920497537, 0.325711902603507, 0.2806012127548456, 0.29018922680988907, 0.2927068129181862, 0.30118915550410746, 0.2875690018758178, 0.33397833518683906, 0.3341022837907076, 0.32820018138736484, 0.3142727525904775, 0.313332743756473, 0.32391769215464594, 0.2829111609607935, 0.3315338714048266, 0.32962763793766503, 0.3309513874351978, 0.3335721019655466, 0.3095660977065563, 0.3109328456223011, 0.3064822409301996, 0.3019901698455214, 0.3061222188174725, 0.2933683540672064, 0.29274530336260796, 0.29871777407824995, 0.30182677749544384, 0.30246445462107663, 0.3465449843555689, 0.31905196886509657, 0.3018787145614624, 0.3026834731921554, 0.31449460443109273, 0.2941037967801094, 0.3349862646311521, 0.31530440915375946, 0.3405081979930401, 0.3461532132700086, 0.32205215021967887, 0.3346869483590126, 0.3291671833023429, 0.3056395750492811, 0.310906869545579, 0.33105643279850483, 0.31841309554874897, 0.2942776594310999, 0.31892300099134446, 0.28623229786753657, 0.3073118034750223, 0.30868024230003355, 0.2997909542173147, 0.29657135456800465, 0.30607412904500964, 0.3231414848938584, 0.32700781151652336, 0.32406779155135157, 0.31290531828999524, 0.3098865896463394, 0.2859362320974469, 0.29991387650370593, 0.3077095290645957, 0.2944145444780588, 0.27663458660244944, 0.30026739761233334, 0.347416327893734, 0.326389005407691, 0.2992316003888845, 0.2745075700804591, 0.3174793109297752, 0.31324095502495763, 0.31674151960760355, 0.3002989340573549, 0.3233368780463934, 0.3079433508217335, 0.30691673718392853, 0.2983431648463011, 0.2900532830506563, 0.2985866401344538, 0.3047262715175748, 0.3039433009922504]
2025-12-07 06:01:38 - ffalora - INFO - loss data:
2025-12-07 06:01:38 - ffalora - INFO - [14.4295973777771, 5.919099776446819, 0.4633842881768942, 0.38338629342615604, 0.35188525915145874, 0.35825984533876176, 0.38810097947716715, 0.3674934796988964, 0.39405116736888884, 0.32021162826567884, 0.34869217947125436, 0.3429499907419086, 0.3436803214251995, 0.3521631505340338, 0.3301610374823213, 0.3442412795498967, 0.3282113023102283, 0.3510935500264168, 0.3320271756500006, 0.32528162486851214, 0.32272053603082895, 0.34578774999827144, 0.34148079827427863, 0.317566168308258, 0.3371874041855335, 0.3297681214287877, 0.3151352060958743, 0.3247911958023906, 0.3320121467113495, 0.32385815121233463, 0.3464669808745384, 0.28529677242040635, 0.3203259326517582, 0.3095575224608183, 0.3434962432831526, 0.32831853441894054, 0.3274471050128341, 0.3278067443519831, 0.3160994116216898, 0.3155612459406256, 0.31486049182713033, 0.319323405995965, 0.34627994429320097, 0.3279688637703657, 0.34744327403604985, 0.32365237195044755, 0.3302686147391796, 0.3019289501011372, 0.3060818161815405, 0.29328843094408513, 0.32282011322677134, 0.32349530830979345, 0.3316435610875487, 0.3063066557049751, 0.30819591060280804, 0.32112470231950285, 0.330536475032568, 0.35014848932623865, 0.3297752344980836, 0.3265728823840618, 0.32254801914095876, 0.3186654847115278, 0.3398009352385998, 0.33470995128154757, 0.31538488119840624, 0.3556582875549793, 0.31886020507663493, 0.30647375136613847, 0.3169730231165886, 0.32725641410797834, 0.3461468547582627, 0.3067815981805324, 0.36158711463212967, 0.342258076928556, 0.34557515755295753, 0.3438584696501493, 0.3182773759588599, 0.33236022740602494, 0.3584951590746641, 0.32714052498340607, 0.3081070531159639, 0.3237699564546347, 0.30075705908238887, 0.30233812853693964, 0.3135031649842858, 0.3093403885141015, 0.3195887230336666, 0.31730999555438755, 0.28777689430862663, 0.3117180306464434, 0.3308184526860714, 0.32490256316959853, 0.3146465066820383, 0.32345689497888086, 0.3183839311823249, 0.33271611966192727, 0.30243472531437876, 0.3264415770769119, 0.3192999750375748, 0.2932383848354221, 0.3001975938677788, 0.303657603636384, 0.29430837947875266, 0.31829747222363947, 0.3551814094185829, 0.31826540566980843, 0.31838577790185807, 0.3057394359260798, 0.3082274816930294, 0.32981870844960215, 0.306629440933466, 0.31327395308762784, 0.30462287105619906, 0.2911309476010501, 0.2815529914572835, 0.3001698022708297, 0.3326627023518085, 0.3300508953630924, 0.31076460601761935, 0.3206238206475973, 0.31832711324095725, 0.33284075073897834, 0.2899915035814047, 0.3236843444406986, 0.31704704090952873, 0.2912326334044337, 0.3404831066727638, 0.3344133429229259, 0.31409651283174755, 0.32264307197183373, 0.3317930562421679, 0.32141705639660356, 0.32084705941379066, 0.2944908123463392, 0.32017688173800707, 0.3022790526971221, 0.3082130504772067, 0.27178404573351145, 0.3265463229268789, 0.27433052361011506, 0.29721923526376487, 0.3182790443301201, 0.3172671826556325, 0.3323003387078643, 0.3107038334012031, 0.32259515188634397, 0.3124213181436062, 0.3148609086871147, 0.32866953983902936, 0.288903000112623, 0.31134549006819723, 0.31903322674334045, 0.3124085469171405, 0.32481144815683366, 0.34741580914705994, 0.3082551296800375, 0.30128280520439144, 0.28694984242320065, 0.27844863906502726, 0.3140752969309688, 0.3035239078104496, 0.2929593980312347, 0.30365684628486633, 0.3090327078476548, 0.2927147809416055, 0.3346227303147316, 0.3217887315899134, 0.3041060533374548, 0.30778520628809924, 0.305924935080111, 0.33385345712304115, 0.29741520415991546, 0.3161470625549555, 0.29302809648215766, 0.3144764704629779, 0.2992983166128397, 0.3183947645127774, 0.3150465048849582, 0.333032701164484, 0.32374745383858683, 0.3148279804736376, 0.3249735441058874, 0.2854137510061264, 0.31988072507083415, 0.34351466968655586, 0.3188034433871507, 0.32107367888092997, 0.31901832334697244, 0.29916474781930447, 0.31537395138293506, 0.3219390453770757, 0.3153759492561221, 0.34223479628562925, 0.3039962066337466, 0.3166879124939441, 0.3189667005091905, 0.3025955561548471, 0.32677922658622266, 0.3037670428864658, 0.29404992796480656]
2025-12-07 09:36:17 - ffalora - INFO - loss data:
2025-12-07 09:36:17 - ffalora - INFO - [14.44667273759842, 6.080948916077613, 0.4651068588718772, 0.40212741661816837, 0.4059518599882722, 0.35634998530149464, 0.3685524517670274, 0.3791699089109898, 0.334994287788868, 0.37014285735785957, 0.3459502592682838, 0.363204811885953, 0.3568475514650345, 0.3731308810412884, 0.33334476258605716, 0.3484143340960145, 0.3292049203068018, 0.3450455814599991, 0.33384558819234367, 0.33541936688125135, 0.3386241015046835, 0.33798249326646324, 0.3522705897688866, 0.3417716953903437, 0.3380758874118328, 0.35543296560645105, 0.32339729499071834, 0.3435963049530983, 0.3444844165816903, 0.33539383597671985, 0.34561421126127245, 0.33331290259957314, 0.2922030230984092, 0.32674964163452386, 0.32841847091913223, 0.3037437304854393, 0.3272632360458374, 0.32403280325233935, 0.3438571710139513, 0.30636469684541223, 0.31431016214191915, 0.35362875647842884, 0.34526098147034645, 0.32541327401995657, 0.3534680251032114, 0.3304673440754413, 0.31536455228924754, 0.3584121119230986, 0.3289187628775835, 0.3367182329297066, 0.32452851012349127, 0.33613801300525664, 0.3463700253516436, 0.312527184933424, 0.31977634467184546, 0.2811624094843864, 0.3244730308651924, 0.30434737019240854, 0.32218188066035514, 0.294185596704483, 0.32924172654747963, 0.3418212614953518, 0.31289121471345427, 0.3298301249742508, 0.33362121172249315, 0.3322696786373853, 0.32204716354608537, 0.26691570300608874, 0.32902948521077635, 0.31774614974856374, 0.31061688121408226, 0.3455178517848253, 0.33236479833722116, 0.31368594169616704, 0.31590073835104704, 0.33390868622809644, 0.3085837922990322, 0.30924215335398914, 0.3328015737235546, 0.30714525915682317, 0.3186831099912524, 0.29729009568691256, 0.31708319969475274, 0.32102958150207994, 0.3203927082940936, 0.3278863745741546, 0.31935162879526613, 0.3095196751877666, 0.32741465196013453, 0.3510620638728142, 0.2916076062247157, 0.3010290810838342, 0.30623366609215735, 0.30771145764738317, 0.2936323046684265, 0.28909853417426346, 0.30815887823700905, 0.32012812085449693, 0.3407072629779577, 0.31098252516239877, 0.31343852560967206, 0.2986482741311193, 0.31719090286642315, 0.3058949189260602, 0.3134239437058568, 0.308066270686686, 0.3462483912706375, 0.34411733634769914, 0.3069563333876431, 0.313548962213099, 0.3078896179795265, 0.31849926039576526, 0.2959002469666302, 0.334986361861229, 0.3362342912703753, 0.2870626298710704, 0.30796799808740616, 0.3030927588231862, 0.33016552217304707, 0.36664860509335995, 0.31805427707731726, 0.3086947025731206, 0.3048131797462702, 0.2903680494055152, 0.3102966994047165, 0.3347410004585981, 0.3181133646517992, 0.31924957707524304, 0.3254946917295456, 0.3163393368944526, 0.2948929788544774, 0.3371190221980214, 0.3388716217130423, 0.3149518799036741, 0.31761493496596815, 0.30164988338947296, 0.3214682169258595, 0.26740133911371233, 0.2846513545140624, 0.27907922044396405, 0.30474185533821585, 0.30930334851145747, 0.2833478642627597, 0.3020860176533461, 0.30435848236083984, 0.33262615613639357, 0.29137062560766935, 0.2995441112667322, 0.33252721894532444, 0.3145941451191902, 0.3080138556659222, 0.3079874336719513, 0.272920293174684, 0.2985423743724823, 0.3131191492080688, 0.30481673069298265, 0.31575378980487584, 0.2777772162109613, 0.29582198746502397, 0.2873345689848065, 0.31841952074319124, 0.28922403212636705, 0.2946849837899208, 0.26541412733495234, 0.3739789631217718, 0.333536808565259, 0.3018827369436622, 0.30394854284822936, 0.3244870472699404, 0.31946265082806347, 0.28752109706401824, 0.31003509908914567, 0.31048820614814754, 0.3339780230075121, 0.30500322338193653, 0.299157702177763, 0.3224326943978667, 0.3257181242108345, 0.31675427258014677, 0.3247266344726086, 0.3164949597790837, 0.2977990597486496, 0.31977934390306473, 0.34349255114793775, 0.31620123609900475, 0.312330674007535, 0.314768235757947, 0.31782689429819583, 0.29164250576868656, 0.30717203188687564, 0.33523224480450153, 0.29714346379041673, 0.3004142675548792, 0.31508120279759166, 0.32932077869772913, 0.32185900434851644, 0.28657987900078297, 0.32932627238333223, 0.3184821180999279, 0.31691360455006357]
