2025-11-05 10:49:01 - ffalora - INFO - loss data:
2025-11-05 10:49:01 - ffalora - INFO - [20.860444736480712, 8.309748561680316, 0.06338637756416574, 0.004585978074464947, 0.002834392068325542, 0.0028543036431074144, 0.0029656309343408793, 0.0026429119025124237, 0.0026904883648967374, 0.002718243905110285, 0.002722179392003454, 0.00269291079021059, 0.002982580231036991, 0.002709395854617469, 0.002439464209601283, 0.0025494646572042255, 0.0024732515914365647, 0.0022376238368451594, 0.0022335387562634423, 0.002301467742654495, 0.0021178901137318463, 0.0021548537159105765, 0.0022348862985381857, 0.0018587770959129558, 0.0020881058866507375, 0.0021347521600546316, 0.002165590494405478, 0.002025571497506462, 0.0017980942488065922, 0.0016965565591817722, 0.0019107751169940455, 0.0016110634795040823, 0.0019046505156438797, 0.0017840016917034518, 0.0018612999745528213, 0.001874054697691463, 0.001904569323232863, 0.0016209211062232498, 0.0017062314931536094, 0.0019342230625625234, 0.0016485608597577085, 0.0014471070404397323, 0.0015461700815649238, 0.0017594002667465248, 0.0013744542360655033, 0.0016959039727225899, 0.001453304260940058, 0.0016462358500575647, 0.0014487060499959626, 0.0013320420490344985, 0.0013514564743672963, 0.0014471746879280544, 0.0013676929993380327, 0.0012693766628217417, 0.0013052752194198547, 0.0012188992001028963, 0.001104064854007447, 0.0013375079652178101, 0.0013080447697575437, 0.0013643201906234025, 0.0012579767186252865, 0.0012502333731390534, 0.001177285626545199, 0.0010672032214642968, 0.0012023574574413943, 0.0012611299727723234, 0.0010582939852611163, 0.0011870229565829503, 0.0010373542023444315, 0.001020597086426278, 0.0011071643169998425, 0.0011699349779519252, 0.0009983840232052899, 0.0011644318739854498, 0.0011506787133839678, 0.0008556826976928277, 0.0011056935130909552, 0.0013158972753444687, 0.0012841455194575247, 0.0010766338406028807, 0.0007021106671345478, 0.0009921310467689182, 0.0011245459480051067, 0.0007347584622038994, 0.0010205460774159291, 0.0008482746243316797, 0.0009272276614865404, 0.0014005869583343157, 0.0008183281223864469, 0.0010366029107899523, 0.0010728769107117841, 0.0011259395185334142, 0.0010126620214577996, 0.0008785218018601881, 0.0009161182967545755, 0.0009994361467761336, 0.0007004884617344942, 0.0010178440818890521, 0.0007888911790359998, 0.0011598390203289453, 0.0010657676899427314, 0.0007410649244775413, 0.0006609813507566288, 0.0011329174540151143, 0.0010966578312945783, 0.0008665003688292927, 0.0008143117320287274, 0.001112989521425334, 0.0009332103325505158, 0.000998661773337517, 0.0010384601875557565, 0.0011393679327738938, 0.0009190231321554165, 0.0010929334339380148, 0.000972101357547217, 0.0007457594136212719, 0.0009702280176497879, 0.0010482430194315383, 0.0012147902059950865, 0.001000400369775889, 0.0007140247216739226, 0.0010176990797845064, 0.0009423908669305091, 0.0007666851297472022, 0.0007909456628112821, 0.0008232980142565793, 0.0006433652363739383, 0.0007811764883626892, 0.0006184316171129467, 0.0010179197202887734, 0.0006198035189299844, 0.0008934579120250419, 0.0007975571686984039, 0.0008645038924441906, 0.0008385325352719519, 0.0009276247616071487, 0.0007439172952217632, 0.0006073999654745421, 0.0007189048343207104, 0.0005735216165703605, 0.0007643445977009832, 0.0009084719933753148, 0.0007251491445458668, 0.0009687254520031275, 0.0008336113456607564, 0.0008219540477512055, 0.0008120550564854057, 0.000655522880879289, 0.000963407999552146, 0.0005581748187978519, 0.0006777860179226991, 0.0007349335304752459, 0.0005136096370733866, 0.0005790533557956223, 0.0006119860711805813, 0.000812082255470159, 0.0007301340228877962, 0.0006772934837499633, 0.0008035425795242191, 0.0008094739080661383, 0.000816255274185096, 0.0003939557785997749, 0.0005912739216000773, 0.0005217627315687423, 0.0006965081245652982, 0.0009144894584323992, 0.00047533000806652124, 0.0007188253724052629, 0.0007060034535243177, 0.0005889067341740883, 0.0007786318075886812, 0.000563463917842455, 0.0006084048718548729, 0.0005460745475375007, 0.0005883356249796635, 0.0008226659083902632, 0.000929392747593738, 0.0008920086344915035, 0.0008679683070113242, 0.0005425158655270934, 0.0006011954466430325, 0.0006630468689309056, 0.0004935658855174552, 0.0007466206058097669, 0.0007019407978077652, 0.0006913665813044645, 0.000528804723489884, 0.000519921615068597, 0.0008367629888198281, 0.0007012724164269456, 0.00062091767590573, 0.0005375793513394457, 0.0007753115643481579, 0.0007928433155029779, 0.00045616128659276, 0.0004656998358541387, 0.0007621000726885541, 0.0007423797093906615, 0.0009709761448903008, 0.000744676752765372]
2025-11-06 05:43:48 - ffalora - INFO - loss data:
2025-11-06 05:43:48 - ffalora - INFO - [20.868327474594118, 8.258257193118334, 0.06146111654234118, 0.005165208695689216, 0.002894509379984811, 0.00282107449893374, 0.0028064913407433775, 0.0027836449968162923, 0.0027281021437374877, 0.0026888455118751157, 0.0027696141158230604, 0.002619483377202414, 0.002730745094595477, 0.002604508298099972, 0.002590026179677807, 0.002594585414044559, 0.0022609158011619003, 0.0023994281218620017, 0.0024260206846520305, 0.0022301314544165506, 0.002263784111710265, 0.0023218685411848126, 0.0021222239214694124, 0.0022486415502498856, 0.0019847971518174743, 0.002253117042710073, 0.0022341845207847653, 0.0021773873057099992, 0.0020074757369002326, 0.001954735296021681, 0.0019074372488830705, 0.0019324515480548144, 0.0016432610114861745, 0.001975508133182302, 0.0016069413286459167, 0.001712284068344161, 0.0019561932422220707, 0.0015401820099214091, 0.0015498803550144657, 0.0017990080348681658, 0.0016788946522865444, 0.001549313002033159, 0.001619954768102616, 0.0016102854235214182, 0.0015946757135679944, 0.0016168849237146788, 0.001315678082028171, 0.0016742516119848004, 0.001526186578485067, 0.001200624820921803, 0.001481312204123242, 0.0013242349865322466, 0.0013645532235386781, 0.0014068693802983035, 0.0014685970018035732, 0.0012922530440846458, 0.0014259109448175877, 0.0014880084781907499, 0.001283944980968954, 0.0013309418431163068, 0.0012756104777508883, 0.0012418005862855352, 0.0013176565269532147, 0.0014025087279151195, 0.0013629417968331835, 0.0013028275585384107, 0.0011845691475173225, 0.0009742661086420412, 0.0011154864283525966, 0.0011862882594869005, 0.001166834386822302, 0.0011367142526069072, 0.0012723565210762899, 0.0012047268894093577, 0.0013795401035167742, 0.001154901045083534, 0.0011766415555030107, 0.001133329273579875, 0.0011285767355730058, 0.0013439226688205963, 0.0010935107011391665, 0.0012404891131154727, 0.0010809416362462798, 0.0009951059368177085, 0.0010106382240337554, 0.0009919449043081841, 0.0011444771531387231, 0.0012135379933170044, 0.001161469607905019, 0.0009748315773322248, 0.0010958941744320327, 0.0009749820255819941, 0.0009835777887928997, 0.0011722969782567815, 0.0009275160919059999, 0.0009739547813751414, 0.0009288668665249134, 0.0008873832919562119, 0.0008716742546312161, 0.0010427649296616435, 0.0008441284553555306, 0.0011009648588697018, 0.0006579254712050897, 0.00107705316368083, 0.001167187617829768, 0.000919089927629102, 0.0005948654812527821, 0.0009077596279894351, 0.0010137683769244176, 0.000988391142709588, 0.0009710890641144943, 0.0009348273286377661, 0.0008900614820959163, 0.0008438349148491397, 0.0008861566442647017, 0.0008012502130441135, 0.0009889641054542154, 0.0010684669789043256, 0.001062310385532328, 0.0006833844730863347, 0.00090283366271251, 0.0010225514710327844, 0.000978486629537656, 0.0008826040231724619, 0.0008041139595661661, 0.0007175891149927338, 0.0007463654982529988, 0.0005288639351419989, 0.0008671103407323244, 0.0007874995448219124, 0.0007265785596246132, 0.0010923743074272353, 0.0008537237403288601, 0.0008175713301170617, 0.0009975860521080904, 0.0008200846157706109, 0.0007905747091172088, 0.0005956000825790397, 0.0008003964800082031, 0.0007797859229867754, 0.0005891726356821892, 0.0009833483363763662, 0.0009284934299103043, 0.0008535545310223824, 0.0008498745475662873, 0.0007356029898801352, 0.000762274466251256, 0.0006093486344070697, 0.001024352860622457, 0.0008716854102203797, 0.0007417296632411307, 0.0006454960258452046, 0.0005434122485894477, 0.0009279645299102412, 0.0007635428329194838, 0.001021471344938618, 0.0007442443518812069, 0.0006196400419867132, 0.0004806714950518654, 0.0003661381676238307, 0.0007138220652905148, 0.0005742453882021436, 0.0008470908795061404, 0.0007980027385201538, 0.0009517466844044975, 0.0005500459634276922, 0.00048484558851669135, 0.0005082882124952448, 0.0006860129202777898, 0.000589846424281859, 0.0005486629611823445, 0.0006037146491507883, 0.0008788633237600152, 0.0005375462003030407, 0.0005479337454744382, 0.0006264889253543514, 0.0006559702374715926, 0.0008780493680205836, 0.0008491146520100302, 0.000911475006796536, 0.0005383721660109585, 0.0007496756990803988, 0.00038355476904143875, 0.0007355301486768439, 0.000750869525836606, 0.0006862070423267142, 0.0008598523588261742, 0.000719128530317903, 0.0006806428311847412, 0.0003294643569461186, 0.000559693645209336, 0.00044078559869831224, 0.0007328333821988054, 0.0009549528337174706, 0.000644890191460945, 0.0005795458827378752, 0.0006633941929976572, 0.0005718582801137017, 0.0006846031234999828, 0.0009376755635912559]
2025-11-06 13:49:14 - ffalora - INFO - loss data:
2025-11-06 13:49:14 - ffalora - INFO - [20.854619455337524, 8.140032249689103, 0.0552707735914737, 0.004160653665894643, 0.002985014539444819, 0.0025882258400088177, 0.002780472772428766, 0.0026815938268555327, 0.0027595613297307863, 0.002814559906255454, 0.0027522941876668484, 0.0026263634004862983, 0.002439791121287271, 0.0025943625572836023, 0.0023122263432014734, 0.0025114941992796956, 0.0023144255770603194, 0.002276754955528304, 0.0021485872654011472, 0.0022151847864734005, 0.002120050639496185, 0.002104631220572628, 0.0020723506779177113, 0.001799783983733505, 0.002185864851344377, 0.002023785325582139, 0.0018187992769526317, 0.0017860359643236735, 0.002013287690351717, 0.001977588988665957, 0.0018236575109767728, 0.0016053447383455933, 0.0018716336562647484, 0.001847900955181103, 0.0018780095801048447, 0.001786446533515118, 0.001688209986605216, 0.0017837046048953197, 0.0016266437218291686, 0.0017462405681726522, 0.001556922818417661, 0.0014578382142644841, 0.001607046925346367, 0.0015114649781025947, 0.0017703676843666472, 0.0015000361170677933, 0.0013147615143680013, 0.0016494265611981971, 0.0013672161097929348, 0.0013832100834406448, 0.0013507707190001383, 0.0016758350400777999, 0.0014710595190990717, 0.001226723588479217, 0.0013097243310767224, 0.0012927290990774054, 0.0014380344036908355, 0.001155346053383255, 0.0010302037131623364, 0.0014020354246895295, 0.0011109605016827117, 0.0014898860990797402, 0.0012783307203790173, 0.00116110049712006, 0.001299348495376762, 0.001115994975771173, 0.0012486417598665867, 0.0014304713382443878, 0.0012627233845705632, 0.0013000312264921376, 0.001192954331781948, 0.0011922385958314406, 0.0009054638456291286, 0.0009790267358766869, 0.001100088994280668, 0.0010112884271620715, 0.0010663586399459746, 0.0013416436857369262, 0.0011210705295525258, 0.0008456464584014611, 0.0011446371710917447, 0.0008357975406397601, 0.001184663627645932, 0.0010339961590943858, 0.0010809501894982533, 0.0010446590547871892, 0.0010698064057578448, 0.0011046468705899317, 0.000989670523631503, 0.0008976174147392158, 0.0008560947009755183, 0.0012941828368639107, 0.0008297356366711028, 0.0009245771086625609, 0.0009896406159896286, 0.0011265609758993379, 0.0010602401551295772, 0.0007642842339919298, 0.0010040027913419181, 0.0008898010978555249, 0.0008685184664500411, 0.0010859191432246007, 0.0009023292823258089, 0.0010374397141276858, 0.0010883945724344812, 0.0010282639872457367, 0.0008473153709928738, 0.0009528878582386823, 0.0007091601904903655, 0.0008568322689825436, 0.0011716997096300474, 0.0009774758316780207, 0.0007453360227373196, 0.0009667562306276522, 0.001068127015241771, 0.0009349719784950139, 0.0006590086471078393, 0.001144706215018232, 0.0009661327670983155, 0.0008853850671584951, 0.001016277321468806, 0.0009005132047605003, 0.0007161979681768571, 0.0007636870117039506, 0.0008878184811692337, 0.000869608504763164, 0.000966454319177501, 0.0010235191937681522, 0.0005766108635725687, 0.0010711269016610457, 0.0008834327087242855, 0.0009426254813661217, 0.0009164098568362533, 0.0009097456990275532, 0.0007015937271717121, 0.0008770012374952785, 0.000656347387121059, 0.000574197905825713, 0.0007760351996694225, 0.0007585935278257238, 0.0007230266694023158, 0.0008640875188575593, 0.0007867403339332669, 0.0006899793354023132, 0.0007195391091045166, 0.0006726959662046283, 0.000591912043364573, 0.000850062093923043, 0.0009367367448248841, 0.0006304513117356692, 0.0008291836601074464, 0.0005546920851429605, 0.000816193356513395, 0.0007258847035700455, 0.0006502286222939801, 0.0007171991592258564, 0.0006927449151589826, 0.0008168899171323574, 0.0008372248488740297, 0.0005798200360004558, 0.0007571050679871405, 0.0005573747954031206, 0.0005914515280892374, 0.0008754875354043179, 0.0006525948979742679, 0.0006483104469680256, 0.0006960434940992855, 0.0007560930712315894, 0.0011104737272034982, 0.0007341555537550449, 0.0007956217601531534, 0.0007070710441439588, 0.0005252021053365752, 0.0006776554742373264, 0.0005798386114292953, 0.0005244458375273098, 0.0005042216801484755, 0.000739193838535357, 0.0006962828098039609, 0.0007632415922671498, 0.0009187656300582603, 0.000411882852722556, 0.0007891352575825295, 0.0005637013825435134, 0.0005654324036186154, 0.0007892438019553084, 0.000580692038329289, 0.0008244427469435323, 0.0006319976098666303, 0.000688155282932712, 0.0011619086979408168, 0.0006459167640969099, 0.0005796864712692695, 0.0006427922168313671, 0.0005504002320776636, 0.0008808879008938674, 0.000663745709334762, 0.0006527105067107187, 0.0005551724180804739, 0.0006400801852578297]
2025-11-22 09:26:17 - ffalora - INFO - loss data:
2025-11-22 09:26:17 - ffalora - INFO - [20.858807945251463, 8.316909795254467, 0.06350691622355953, 0.0039048560953233395, 0.00294777235831134, 0.002692396118072793, 0.002799528563627973, 0.002729161860770546, 0.0028674647677689787, 0.002773711012559943, 0.0026834940304979685, 0.0026846628898056224, 0.0025831903418293226, 0.0025977046665502713, 0.002235713478876278, 0.0024256807169876996, 0.002540839253924787, 0.0024000541918212546, 0.0026318222633562984, 0.002343694295268506, 0.0021490702725714076, 0.0021902875407249665, 0.0022712714504450563, 0.0022591910819755867, 0.001914480644336436, 0.002038411516696215, 0.0019343374980962834, 0.0019843289075652136, 0.0018893476662924513, 0.0019307556489366108, 0.0017380043616867626, 0.0016835239388456103, 0.0017788130971894134, 0.0017830352007877082, 0.0015899565289146265, 0.0015812708807061426, 0.0016121054635732436, 0.0015355095674749464, 0.001567411178984912, 0.0017557353065058123, 0.0014104403817327693, 0.001621820438595023, 0.001529601903166622, 0.0016844259946083185, 0.0015775026738992892, 0.001474423189938534, 0.001564752301055705, 0.0012685399346082705, 0.0016747774083341938, 0.0013566411769716069, 0.0014675160149636214, 0.001554108342679683, 0.001182584273192333, 0.0013962773457024014, 0.001473738319327822, 0.0013097407783789095, 0.0014051844118512236, 0.0014398063460248523, 0.0014371612931427082, 0.001122229636530392, 0.0014318818102765363, 0.0013707112906558906, 0.0014199591849319404, 0.0012959357412910323, 0.0013945044527645222, 0.0010338431206037058, 0.0013351313453313198, 0.0012085939099051755, 0.0011621663772530154, 0.0011922440826310776, 0.0009953959031918202, 0.0011322310783725698, 0.0011607875159825199, 0.0011132943189295474, 0.0012160910366219467, 0.0013815188758599106, 0.0011663494839012855, 0.0009423896655789577, 0.001181464644832886, 0.0009795340092750848, 0.0012259105755219935, 0.0011036631816750742, 0.0011165149480802938, 0.001134809373616008, 0.0010199595988524379, 0.0012179658579043462, 0.0012342951409664237, 0.0009608814340026584, 0.0008093834727333159, 0.0011570749433303718, 0.0010674055360141211, 0.0011211610084501445, 0.0009000556010505534, 0.0008214429473810015, 0.0009781093883248105, 0.0009934013771271566, 0.0010518577530092444, 0.0007848453364204034, 0.0009830528440943453, 0.0007948586797283496, 0.0009365191219330881, 0.00102248631301336, 0.0009009491908727796, 0.0008935560358622752, 0.0008290909931019996, 0.0008810274302959442, 0.0009114576401771046, 0.00081387437057856, 0.0009140308811765863, 0.0007507125895244826, 0.0008266141609510669, 0.0009122962197579909, 0.0007761535303870915, 0.0009230554653186119, 0.0007184598579442536, 0.001098690308754158, 0.0009541761208311072, 0.0010312427941244094, 0.0006435938633330806, 0.000882927196289529, 0.0010020771085692106, 0.0005230970637967403, 0.0006299811441749625, 0.0007080948935708875, 0.000682219873374379, 0.0008302167965211992, 0.0008214773768486338, 0.0008343602840795938, 0.0009080046351300552, 0.0006030647450643301, 0.0007418357313326851, 0.0007108837302439498, 0.0009617214428544685, 0.0005793239808554063, 0.0009043725471656217, 0.00048582199815427884, 0.0009667229156093526, 0.0006814564979322312, 0.0008694763319908816, 0.0006405402662494452, 0.0006194415615937033, 0.000810146729236294, 0.0007599657744322031, 0.0005972782309981994, 0.0009463773567404132, 0.0007408413888697396, 0.0010901182440647972, 0.0006645642830335419, 0.0008481512781145285, 0.0005584123799962982, 0.0006642549415573739, 0.0005475206798564614, 0.00046244159721027246, 0.0006102799281734406, 0.0007797473965524659, 0.0008204355143789144, 0.0005818399720737943, 0.0005900060505382498, 0.0004865611922923563, 0.0009878918817776139, 0.0005696704014098941, 0.0008020770187158633, 0.0006744298179910402, 0.000592646564655297, 0.0008231227793203289, 0.0007922644743302953, 0.0007592871837914573, 0.0007559725028841058, 0.0004962282680025965, 0.0008319573833432514, 0.0005814127777739487, 0.0005347632136363245, 0.0007179137794537382, 0.0007106365259460291, 0.0005233114324255439, 0.0006007616759688972, 0.0006220156624294759, 0.0006521993457681674, 0.0004755350349114451, 0.000493837734347835, 0.0007309990204703354, 0.0005715063712159463, 0.0006753501108505589, 0.00043993008271172587, 0.0007512000685892418, 0.0006054405603208579, 0.0006347588507196634, 0.0007803630726357369, 0.0007556665883384994, 0.0006536650053931225, 0.0007100033813003392, 0.0006127262148766021, 0.0007576601485197898, 0.000572124987047573, 0.00048005659409682265, 0.000688197435647453, 0.0005246632798389327, 0.0006105952184952912, 0.0006967170916595932, 0.0007499977260522428]
2025-11-22 12:18:09 - ffalora - INFO - loss data:
2025-11-22 12:18:09 - ffalora - INFO - [20.858807945251463, 8.316909795254467, 0.06350691622355953, 0.0039048560953233395, 0.00294777235831134, 0.002692396118072793, 0.002799528563627973, 0.002729161860770546, 0.0028674647677689787, 0.002773711012559943, 0.0026834940304979685, 0.0026846628898056224, 0.0025831903418293226, 0.0025977046665502713, 0.002235713478876278, 0.0024256807169876996, 0.002540839253924787, 0.0024000541918212546, 0.0026318222633562984, 0.002343694295268506, 0.0021490702725714076, 0.0021902875407249665, 0.0022712714504450563, 0.0022591910819755867, 0.001914480644336436, 0.002038411516696215, 0.0019343374980962834, 0.0019843289075652136, 0.0018893476662924513, 0.0019307556489366108, 0.0017380043616867626, 0.0016835239388456103, 0.0017788130971894134, 0.0017830352007877082, 0.0015899565289146265, 0.0015812708807061426, 0.0016121054635732436, 0.0015355095674749464, 0.001567411178984912, 0.0017557353065058123, 0.0014104403817327693, 0.001621820438595023, 0.001529601903166622, 0.0016844259946083185, 0.0015775026738992892, 0.001474423189938534, 0.001564752301055705, 0.0012685399346082705, 0.0016747774083341938, 0.0013566411769716069, 0.0014675160149636214, 0.001554108342679683, 0.001182584273192333, 0.0013962773457024014, 0.001473738319327822, 0.0013097407783789095, 0.0014051844118512236, 0.0014398063460248523, 0.0014371612931427082, 0.001122229636530392, 0.0014318818102765363, 0.0013707112906558906, 0.0014199591849319404, 0.0012959357412910323, 0.0013945044527645222, 0.0010338431206037058, 0.0013351313453313198, 0.0012085939099051755, 0.0011621663772530154, 0.0011922440826310776, 0.0009953959031918202, 0.0011322310783725698, 0.0011607875159825199, 0.0011132943189295474, 0.0012160910366219467, 0.0013815188758599106, 0.0011663494839012855, 0.0009423896655789577, 0.001181464644832886, 0.0009795340092750848, 0.0012259105755219935, 0.0011036631816750742, 0.0011165149480802938, 0.001134809373616008, 0.0010199595988524379, 0.0012179658579043462, 0.0012342951409664237, 0.0009608814340026584, 0.0008093834727333159, 0.0011570749433303718, 0.0010674055360141211, 0.0011211610084501445, 0.0009000556010505534, 0.0008214429473810015, 0.0009781093883248105, 0.0009934013771271566, 0.0010518577530092444, 0.0007848453364204034, 0.0009830528440943453, 0.0007948586797283496, 0.0009365191219330881, 0.00102248631301336, 0.0009009491908727796, 0.0008935560358622752, 0.0008290909931019996, 0.0008810274302959442, 0.0009114576401771046, 0.00081387437057856, 0.0009140308811765863, 0.0007507125895244826, 0.0008266141609510669, 0.0009122962197579909, 0.0007761535303870915, 0.0009230554653186119, 0.0007184598579442536, 0.001098690308754158, 0.0009541761208311072, 0.0010312427941244094, 0.0006435938633330806, 0.000882927196289529, 0.0010020771085692106, 0.0005230970637967403, 0.0006299811441749625, 0.0007080948935708875, 0.000682219873374379, 0.0008302167965211992, 0.0008214773768486338, 0.0008343602840795938, 0.0009080046351300552, 0.0006030647450643301, 0.0007418357313326851, 0.0007108837302439498, 0.0009617214428544685, 0.0005793239808554063, 0.0009043725471656217, 0.00048582199815427884, 0.0009667229156093526, 0.0006814564979322312, 0.0008694763319908816, 0.0006405402662494452, 0.0006194415615937033, 0.000810146729236294, 0.0007599657744322031, 0.0005972782309981994, 0.0009463773567404132, 0.0007408413888697396, 0.0010901182440647972, 0.0006645642830335419, 0.0008481512781145285, 0.0005584123799962982, 0.0006642549415573739, 0.0005475206798564614, 0.00046244159721027246, 0.0006102799281734406, 0.0007797473965524659, 0.0008204355143789144, 0.0005818399720737943, 0.0005900060505382498, 0.0004865611922923563, 0.0009878918817776139, 0.0005696704014098941, 0.0008020770187158633, 0.0006744298179910402, 0.000592646564655297, 0.0008231227793203289, 0.0007922644743302953, 0.0007592871837914573, 0.0007559725028841058, 0.0004962282680025965, 0.0008319573833432514, 0.0005814127777739487, 0.0005347632136363245, 0.0007179137794537382, 0.0007106365259460291, 0.0005233114324255439, 0.0006007616759688972, 0.0006220156624294759, 0.0006521993457681674, 0.0004755350349114451, 0.000493837734347835, 0.0007309990204703354, 0.0005715063712159463, 0.0006753501108505589, 0.00043993008271172587, 0.0007512000685892418, 0.0006054405603208579, 0.0006347588507196634, 0.0007803630726357369, 0.0007556665883384994, 0.0006536650053931225, 0.0007100033813003392, 0.0006127262148766021, 0.0007576601485197898, 0.000572124987047573, 0.00048005659409682265, 0.000688197435647453, 0.0005246632798389327, 0.0006105952184952912, 0.0006967170916595932, 0.0007499977260522428]
2025-11-22 14:53:16 - ffalora - INFO - loss data:
2025-11-22 14:53:16 - ffalora - INFO - [20.845208597183227, 8.087514636665583, 0.0631461588316597, 0.004887059004977346, 0.0029730229114647956, 0.0027680329920258375, 0.00278123895986937, 0.0027734915871405973, 0.002607241374789737, 0.0028491402394138273, 0.0026776832499308513, 0.0026614905451424423, 0.0026040425058454276, 0.002570942512829788, 0.0024960944021586327, 0.0024329712119651957, 0.00238140324363485, 0.002367826699628495, 0.0024703001545276493, 0.002606706792721525, 0.0022261912585236133, 0.0020825570420129223, 0.002232242070022039, 0.0021222105613560418, 0.002205319420318119, 0.0019880759253283033, 0.0018595262125018054, 0.0019294927318696865, 0.0020941197828506118, 0.0019385181163670494, 0.0017743405973305927, 0.0018850878957891836, 0.0018704310292378067, 0.001759221738029737, 0.0016244938276940958, 0.0017480000620707869, 0.0018567734674434177, 0.0017626713000936435, 0.0016314299798978029, 0.0017169683749671094, 0.0017551581637235357, 0.0015549494346487336, 0.0013658475989359433, 0.001556424669979606, 0.0017239819542737677, 0.001614705265092198, 0.0013395040179602802, 0.00164244823899935, 0.0013665162623510696, 0.0013218589177995455, 0.001430058976256987, 0.00173402020445792, 0.001364203478078707, 0.001331672674496076, 0.0013348652366403258, 0.0013278253805765416, 0.0011777160652854946, 0.0013653253132360986, 0.0011304390714940381, 0.0013527783201425336, 0.0013696966489078477, 0.0013312899747688787, 0.001056529503694037, 0.0014371814435435227, 0.0011502633838972542, 0.0017874816527182701, 0.0013482197107805404, 0.0011661021830150276, 0.0012880889826192288, 0.0010881208734645044, 0.0011975590186921181, 0.0014154184587823692, 0.00130151933117304, 0.0010980142706102924, 0.0011752632584830281, 0.0012385955451463815, 0.001370702316489769, 0.0012421416635334027, 0.0012694579556409733, 0.0010702248397137736, 0.0010650584295945008, 0.0009762927706105985, 0.0008542536925233435, 0.0009286001199143356, 0.0008985673408460571, 0.0014083856251090765, 0.0012017224209557753, 0.0009600779083484668, 0.0008478220766846788, 0.0011793726003816118, 0.0008734867029488668, 0.000990677817389951, 0.0010821373162798408, 0.00118219944415614, 0.001012265405006474, 0.001072434694469848, 0.0008845836222462822, 0.000977106024947716, 0.0012273157883100794, 0.001038754442197387, 0.0008238843345679924, 0.0008701595646925852, 0.0007662108506337971, 0.000855738412701612, 0.001068510417280777, 0.0010348431307647843, 0.0010294707506545819, 0.0009796008169359993, 0.0008735723100471659, 0.0008291415506391786, 0.0007586016725326771, 0.0009491252218140289, 0.0008506954287440749, 0.0013353943924812484, 0.0009919099946273493, 0.0008471904320686008, 0.000984182768570463, 0.0008444284717825212, 0.0008118779778669705, 0.001060728640823072, 0.000782438399437524, 0.0007583752478240058, 0.0010272193880155101, 0.0009496155493252445, 0.000985012262390228, 0.0007641552212589886, 0.000848899154789251, 0.0009442190692425356, 0.0007439791683282237, 0.0008220645604524179, 0.0008686718238095636, 0.0008235967656219146, 0.0004519911602528737, 0.0006122224600630943, 0.001024730293738685, 0.0007723738206550479, 0.0007663722891265934, 0.0007360289529060537, 0.0007497421745028986, 0.0007514717831327289, 0.000801533760068196, 0.0008198694278235052, 0.0009226641135683167, 0.0006902107214955322, 0.0011316584823362064, 0.00077335386440609, 0.0008486208511385485, 0.0006210007895333547, 0.0010356059673995333, 0.0008339888217960834, 0.0007522978379711277, 0.0006847700881735363, 0.0008197361609745713, 0.000810465680751804, 0.0006974742289457935, 0.0009689106182122487, 0.0006734428834533901, 0.0008658194268718944, 0.0006163633267533442, 0.0010394214569714676, 0.0008847539709677221, 0.0007517490118516435, 0.0006239549316887859, 0.000812962326563138, 0.0011250047890825955, 0.0007314644475627575, 0.0008063968957230828, 0.0007704437681240961, 0.0008994751430691395, 0.0006204221961525036, 0.0008882161941983213, 0.00063732600892763, 0.0005871634325558261, 0.0005182159031392076, 0.0006140022382169263, 0.0007167527071032965, 0.000681559187341918, 0.0005552895573600836, 0.0007430660822137724, 0.0005450882159493631, 0.0005893102538720996, 0.0010540479399082868, 0.000541551259402695, 0.0006154485743536497, 0.0005872520689877092, 0.0008669275300235313, 0.000802826539529633, 0.0007422770973334991, 0.0005366085172454404, 0.0008416786818997934, 0.00046153146481628935, 0.0008524526812834666, 0.0006371789843797159, 0.000674322083887091, 0.00041740716033018544, 0.0006293410635862529, 0.0005946057826804463, 0.0006458693233071244, 0.000709268799801066, 0.0005555531185564178]
2025-11-22 17:29:21 - ffalora - INFO - loss data:
2025-11-22 17:29:21 - ffalora - INFO - [20.844317245483396, 8.356938101351261, 0.09283083110349252, 0.0072518075699917976, 0.002831713849445805, 0.00281488913751673, 0.0027739310986362397, 0.002774362984928303, 0.0027572467864956708, 0.0029017320368438957, 0.0026544799038674682, 0.002744589711073786, 0.0025395383330760525, 0.002701523347059265, 0.0027877788816113025, 0.002787182584870607, 0.0025010556768393145, 0.002673970680916682, 0.002357284119352698, 0.002511210445663892, 0.0024214820499764756, 0.00222867576230783, 0.0021149522304767746, 0.002213400398613885, 0.002286041629849933, 0.002023877785541117, 0.002228890551486984, 0.0021566337818512693, 0.0021024199086241424, 0.0019247840915340932, 0.002177954520448111, 0.001973855427058879, 0.0018701289664022624, 0.0017908291018102318, 0.0017092023183067793, 0.001915199814538937, 0.0018156515434384346, 0.001968270615907386, 0.001715781312668696, 0.0014762087106646505, 0.0015905993364867753, 0.0018709616764681412, 0.0016621639791992494, 0.0016070529163698666, 0.001577245310181752, 0.0017188529134728014, 0.0017037548605003394, 0.0014561444557330105, 0.0013223766611190513, 0.0013975956891954411, 0.0017026573710609227, 0.0015061855716339777, 0.001339966949308291, 0.0011923453223062095, 0.0013203649155911989, 0.001474671896721702, 0.001199900386018271, 0.001333165086543886, 0.0010898240985625306, 0.0011557996607734823, 0.0015828541101654992, 0.0013892980536184042, 0.001310922850825591, 0.00142299266444752, 0.0015087897270859687, 0.0013119424060278107, 0.0009429251565052255, 0.0012003880190604832, 0.0014742716304681379, 0.0013201926947658648, 0.0013132518419297413, 0.0012226061480760109, 0.0011282932155154413, 0.0012521313186880435, 0.0014181998107233086, 0.000864654664110276, 0.00133123860869091, 0.0010543228781898506, 0.0012822788801713616, 0.0011567442950763509, 0.0009210611169692129, 0.0011453386337962, 0.0009025387535075424, 0.0009016071269797976, 0.0012662791181355716, 0.000894734113535378, 0.001232344724212453, 0.0010814181758178167, 0.0008348060642674681, 0.0010575087719189467, 0.0007103461805854749, 0.0005742056757298997, 0.0011095795885921688, 0.0011535832176377881, 0.001253810487469309, 0.0008723101438590675, 0.0008601804534919211, 0.0009280174192099367, 0.0008838918162837218, 0.0010066276910947634, 0.0010921165834588465, 0.001044601151079405, 0.001339532545171096, 0.0011609038563619833, 0.0008565876527427463, 0.0008489644630572002, 0.0010046950686955825, 0.0009948897633876184, 0.0008324313197590528, 0.0009295408178331855, 0.0008382492713280953, 0.0007364347911789082, 0.0009805711481931211, 0.0008957803956036514, 0.001401070753672684, 0.0010150716327189003, 0.0009414334559551206, 0.0006919321910118015, 0.0009273573581594974, 0.0009562986357195769, 0.0006649835598182107, 0.001269315415993333, 0.000773237347311806, 0.0008306683093906031, 0.0010227993137959857, 0.0007840782214771024, 0.0008389394259211258, 0.0008732058910027263, 0.0008138029284054937, 0.0009701828341349028, 0.0008575253010349116, 0.0009858106244791998, 0.0009165514857158996, 0.0010338925723772264, 0.0008419185422098962, 0.0006795193410653155, 0.0007684288782911608, 0.0011296899074295652, 0.0011473036508505175, 0.0007573529570436222, 0.0009265721495467005, 0.0010888829510804499, 0.0008179517528333236, 0.000664378958481393, 0.0006525821896502748, 0.0006883031195229704, 0.0008942416861827951, 0.001125132514607685, 0.0007164557731812239, 0.0007672686031582998, 0.0008443660002740217, 0.0010027339219050191, 0.0006278126723373134, 0.0006336053710128908, 0.0009930151374646812, 0.0007982559713127557, 0.0007869900255172979, 0.0007788507349687279, 0.000616107141104294, 0.0007249164109907725, 0.0008574910251809343, 0.0007963656687024923, 0.0007841576689315843, 0.0007460853965312708, 0.0007092574024682107, 0.000546374946134165, 0.0005971999961730034, 0.0007883933825723943, 0.0011319099911361262, 0.0004896578470834356, 0.000979664315309492, 0.0006332292923616478, 0.0008759921044656949, 0.00095268055492852, 0.0007509897557611111, 0.0005733089877139718, 0.0006528427242301405, 0.0006752056053301203, 0.00045913615131212284, 0.0009789426979750714, 0.0008790095737822412, 0.0009302652956648672, 0.0005957394698270946, 0.001067728235557297, 0.0008520875438989606, 0.0006718415750583517, 0.0006740428484135919, 0.000597063712484669, 0.0004944548778439639, 0.0006161969129607314, 0.000685403602255974, 0.0006234268205844273, 0.0007205273710496839, 0.0006178969647407939, 0.0007267353076713335, 0.0005810165905131726, 0.0006070418307899672, 0.0006632292285303266, 0.0008230625851865625, 0.0008569156887460849]
