2025-11-06 01:37:37 - fedex - INFO - loss data:
2025-11-06 01:37:37 - fedex - INFO - [0.5297665463929826, 0.44146275520324707, 0.47769708423451945, 0.777311200896899, 0.44694907643965315, 0.5417459979653358, 1.282340791342514, 1.1561149635041754, 1.0289562054806285, 0.53419524927934, 1.2586395907987025, 0.5109763192012906, 0.42955334653908556, 0.42713112224425587, 0.4361572936177254, 0.1358977017613749, 0.9588726758956909, 0.30631764287439484, 0.27003301094685284, 1.5357847960673099, 0.24036913433612261, 0.5095311111209917, 0.2942133150791051, 0.31391164784630143, 0.5212695161915488, 0.578062416985631, 0.3808680618313527, 0.31662486121058464, 0.2587738578969782, 0.7003314718604088, 0.7309592217206955, 0.4230302721261978, 1.0030150307963293, 0.18667931583089134, 0.42353096997572315, 0.40194061336417997, 0.4014473307256897, 0.5314985737204552, 0.18054936453700066, 0.6276066948970159, 0.35762323532253504, 0.4550072828477079, 0.3083639068218569, 0.3786979648802016, 0.42929279555877053, 0.3336892240119004, 0.35121387212226785, 0.4698764495551586, 0.39676229216690573, 0.24905943042702144, 0.17605779929594562, 0.2591184181575146, 0.22641947395426948, 1.0419898314711948, 0.4427410236352848, 0.3026827508489592, 0.2650147595753273, 0.2898335778154433, 0.5779965408146381, 0.4264683872461319, 0.251131290348158, 0.4311173874884844, 0.21664760567780053, 0.10997120010184258, 0.7992426003846858, 0.46075999753719027, 0.47588809952139854, 0.2725324017838353, 0.7372878640890121, 0.27010135290523374, 0.2451137773071726, 0.6147850380293676, 0.31757243214683095, 1.0075771063566208, 0.2464951036610838, 0.2910972297417395, 0.17335859717180332, 0.3071243671907319, 0.5004079228644762, 0.47994883731007576, 0.22768169538014466, 0.32867500092834234, 0.2387649561591388, 1.4951007576151327, 0.5958560780202484, 0.21785995457321405, 0.289229325329264, 0.21996405224005383, 0.3252738001333042, 0.28107552147573894, 0.378411753103137, 0.1714227305428887, 0.6572849228978157, 0.2155062755231153, 0.154137312900275, 0.49746489178921494, 0.3412865959107876, 0.20183451008051634, 0.22704883633802334, 0.15637588118099505, 0.20560333877801895, 0.5020176582038403, 0.2161467783153057, 0.2906150881733213, 0.3899560058489442, 0.2956663407385349, 0.392616156488657, 0.1710799120677014, 0.2333829216659069, 0.21677448173674446, 0.21765692662225947, 0.15688423503057233, 0.23108297557773766, 0.43452432412992825, 0.21777545288205147, 0.3350877932139805, 0.288329050396428, 0.1859564264304936, 0.14507051184773445, 0.47449989058077335, 0.38078969600912815, 0.10708187334239483, 0.13902635526000745, 0.19840797264542845, 0.19703874528585447, 0.46430319268256426, 0.2625565994530916, 0.23128562420606613, 0.13386616669595242, 0.22139196908222392, 1.60045918468968, 1.5484538994995611, 0.18148314846265648, 0.2888235426084562, 0.47611503303050995, 0.16281217097171716, 0.5952868778258562, 0.2834761794656515, 0.27011004462838173, 0.15506472870604032, 0.14892497123219073, 0.5110004512085156, 0.20312542075084317, 0.3796892613172531, 0.11545976220319669, 0.2404677112187658, 0.16814588176396986, 0.21582070744729467, 0.3377400144106812, 0.17218018737104204, 0.38064444144921644, 0.30891595135575955, 0.12552305289233723, 0.1417429118679138, 0.2791635863083814, 0.07327271066606045, 0.45903599965903497, 0.2673649001452658, 0.0871050862728485, 0.2631954831739116, 0.19650873113090972, 0.07605862411049505, 0.7565654317537943, 0.19337371105211787, 0.6458079599671893, 0.21589695605816261, 0.3295457845723087, 0.1858627303606934, 0.26033452277382213, 0.19353108511616787, 0.225425173842965, 0.1935387671692297, 0.36014669424233337, 0.23763905729477605, 0.7174468915909529, 0.42507439964850036, 0.5910972847071077, 0.6162813135555812, 0.46418820321559906, 0.18513070038435134, 0.45419228076934814, 0.08917855905989806, 0.34206157025288453, 0.3541092588876684, 0.44065041230483487, 0.49493279308080673, 0.42261118010025134, 0.16982525155286898, 0.22922427308830348, 0.4654852543026209, 0.3276471669253494, 0.37977981330318883, 0.16442664195266035, 0.2457520469195313, 0.44815538223418927, 0.17845545635957802, 0.18893135817987577, 0.38601500270041555, 0.15409971906670503, 0.1759088940297564]
2025-11-08 13:23:41 - fedex - INFO - loss data:
2025-11-08 13:23:41 - fedex - INFO - [0.5226068462837826, 0.4521252140402794, 0.47533612037924206, 0.7315297956681914, 0.44899711066058706, 0.6038630704085033, 1.1754825966698783, 1.1326834531500936, 1.0761831204096477, 0.42548132315278053, 0.9439610421279212, 0.46219815872609615, 0.4343261798335747, 0.38824298259403023, 0.4962928146123886, 0.11389368611465518, 0.8670984208583832, 0.31216383006216747, 0.25618107510464533, 1.1898936642173794, 0.22329597640941343, 0.5607851517842695, 0.34631032342513207, 0.30971724995308453, 0.568219300152527, 0.5776871535927057, 0.383661287601548, 0.3385777114467188, 0.21724959259683435, 0.45816207135265524, 0.3880583606660366, 0.4327840693295002, 1.1624692954743903, 0.1270267756723721, 0.41988855558964944, 0.4885239228606224, 0.38206704395512736, 0.5247536711394787, 0.15959285385906696, 0.48147927100459736, 0.408566251663225, 0.21915298217738216, 0.1386322523156802, 0.30804220856063896, 0.5100030054648718, 0.33797470571857596, 0.50173328196009, 0.2787904143333435, 0.4412149165180468, 0.24418343562218878, 0.19923205148767342, 0.33734043108092415, 0.21251785617641872, 0.9974631233140826, 0.4353695524235567, 0.31228292801163415, 0.2937673553824425, 0.35535369999706745, 0.5272594764828682, 0.25559040531516075, 0.2862104948698765, 0.32190776243805885, 0.26468304531382664, 0.13128783229541502, 0.7837564845879872, 0.36815763112496247, 0.41191639192402363, 0.24984033219516277, 0.9303831458091736, 0.32262396036336816, 0.18021160333106917, 0.9807598548741225, 0.4114838872443546, 1.092423677444458, 0.2925182255831632, 0.29918121247354784, 0.19289313443005085, 0.32113992960916626, 0.5224977411459721, 0.36201998963952065, 0.21357990490893522, 0.5180287063121796, 0.30945201339236517, 2.087628485126929, 0.5869521965709686, 0.2714221882633865, 0.449607881406943, 0.21365135287245116, 0.25890491530299187, 0.2284529341591729, 0.3225702284835279, 0.1990721714696988, 1.1174804717302322, 0.33220785297453403, 0.19490055367350578, 0.5675688387293901, 0.45237748324871063, 0.2822863720357418, 0.16220762487500906, 0.15941458816329637, 0.25941432474388015, 0.14287569222506136, 0.1840838394974443, 0.26027030694032355, 0.18831030232831836, 0.15402371855452657, 0.35205028392374516, 0.17948858129481476, 0.06842271704226732, 0.41342424352963764, 0.21462212003368353, 0.15528264029749803, 0.36085303073505204, 0.5095477756112814, 0.10199947748333216, 0.3090137215331197, 0.2950007662910855, 0.1919152676127851, 0.15196222951635718, 0.4810360330156982, 0.42779379925847827, 0.11982362065464258, 0.1495803173143594, 0.21680878946882864, 0.16897565274987192, 0.5962142534554005, 0.3160782540217042, 0.16126884799450636, 0.14531149435788393, 0.2221577280237303, 1.5988873495240115, 2.127077567923282, 0.191212299786922, 0.27829329396663893, 0.41712802524367965, 0.18085157711591038, 0.7670281622558832, 0.3331833379343152, 0.11610703216865659, 0.15077039661506814, 0.12650139653123915, 0.705795085396279, 0.15704798325896263, 0.19584621395915747, 0.13649553308884305, 0.1710540203909789, 0.11005547257761161, 0.23525668574231012, 0.3882068776422077, 0.1899009822971291, 0.37384092053035634, 0.18911696780872134, 0.10655137052138647, 0.2629591088218149, 0.2712616476097277, 0.1424754635663703, 0.5775538318687015, 0.32351409726672703, 0.0833410336968622, 0.26904069711313106, 0.17968691487663557, 0.06877577711517613, 0.8303384371101856, 0.17740813225973398, 0.7402881491515372, 0.2162349978179643, 0.4221910016441887, 0.1675201163937648, 0.2679859958589077, 0.18916346955423555, 0.20783951955956298, 0.0763001016806811, 0.6167397706458966, 0.27982509198288125, 1.0886581188274755, 0.5936515240796975, 0.5649282823183707, 0.8107761652208865, 0.4045520145446062, 0.1489514039660042, 0.4662892073392868, 0.1014329504687339, 0.36902298778295517, 0.38382017718007166, 0.47063308022916317, 0.6986467763781548, 0.46472932516851206, 0.18578882475214248, 0.35973109982230445, 0.5282050420840582, 0.2845332636497915, 0.3656661908396266, 0.2868075246612231, 0.29777773200637764, 0.4497300587180588, 0.16655906249902078, 0.17538187027509722, 0.37067223204807803, 0.14683863227920874, 0.18763202528158823]
2025-11-09 18:17:41 - fedex - INFO - loss data:
2025-11-09 18:17:41 - fedex - INFO - [0.5234082132916559, 0.48457207530736923, 0.49047354608774185, 0.8469284673531849, 0.44512512002672466, 0.5514088695247967, 1.04671186581254, 0.9320419671013951, 0.7339687446753184, 0.4424914593497912, 1.1369119977927766, 0.4667016826570034, 0.5097694625570015, 0.37580902342285427, 0.5082966573536396, 0.11096163657105838, 0.9075856059789658, 0.3159753022369437, 0.2244631935443197, 1.3535390629524044, 0.21018935667588348, 0.5061646163534735, 0.368155224990187, 0.34186463306347525, 0.5636940977225701, 0.733885008841753, 0.37111030671406875, 0.30068786799757163, 0.27960268408060074, 0.7751249249347232, 0.6390523239970207, 0.4521404802799225, 1.0810622175534566, 0.06349381940284123, 0.3756445207529598, 0.5054421511789162, 0.44458755605543654, 0.7195349112153053, 0.19656898826360703, 0.5159952268004417, 0.2803576309233904, 0.24737649292431094, 0.14098510382076104, 0.3248656934334172, 0.44555390626192093, 0.3294169148873715, 0.32692400831729174, 0.2910916656255722, 0.43708438160164015, 0.2702197784350978, 0.20658048445528204, 0.29954189010378385, 0.2195853667814744, 1.2063360873920221, 0.4248854078921593, 0.30531981463233626, 0.380524697403113, 0.30606486462056637, 0.7375784888863564, 0.32593413069844246, 0.2960110619841587, 0.3461363632231951, 0.2779572492997561, 0.13152987968673446, 0.8036810391479068, 0.38692493889142165, 0.4429309475235641, 0.3058267403837471, 0.7493143454194069, 0.3367374918113152, 0.18360368224481743, 0.9543447115262097, 0.3436057957058603, 1.283503919839859, 0.2511956211969708, 0.29121517435167776, 0.18646776148428518, 0.30069225281476974, 0.4634797031110793, 0.372610729187727, 0.24045074958768156, 0.3653494641184807, 0.20090957965221606, 1.6898170875554734, 0.6907702799136637, 0.15553666779305786, 0.41698273147145903, 0.28642004914581776, 0.21319409629160707, 0.25947121323810685, 0.3510982682928443, 0.17071092743144342, 0.8812992572784424, 0.43014010482213716, 0.1470289658755064, 0.7620576888855014, 0.37950888027747476, 0.3112255707383156, 0.21391168391952914, 0.18655096449785763, 0.27333138945202035, 0.14874643844086677, 0.19914107388732108, 0.28362106318984714, 0.19780834531411529, 0.15206380770541728, 0.47836035676300526, 0.18166498663938707, 0.11367476545274258, 0.26855733680228394, 0.2065045397506938, 0.13881963368372194, 0.30250969397093286, 0.5296686755662614, 0.0734030045568943, 0.325971527690334, 0.2990193414699399, 0.2775407023727894, 0.17637431155890226, 0.5381611720658839, 0.4626228054864453, 0.16274024173617363, 0.17421377123377862, 0.2262086363302337, 0.15790830838627049, 0.6740536391735077, 0.21330825798213482, 0.2707693176344037, 0.18919137958437204, 0.19293368961843482, 1.5909444570133928, 1.5854168262864863, 0.18769097354056105, 0.30297050001381925, 0.5610384879012903, 0.16720745473035745, 0.9784554243087769, 0.44672894291579723, 0.1490820311009884, 0.16058932596610653, 0.17622430715709925, 0.37610928248614073, 0.14346706950002247, 0.24785962095484138, 0.14286025525588128, 0.2916895648730653, 0.13428246793337167, 0.2127378045448235, 0.42892096088164383, 0.17254382496078807, 0.3631296328014948, 0.30757346456604345, 0.1477693223549674, 0.19677355533931404, 0.2670388938859105, 0.10581049416214228, 0.512411517246316, 0.3379250148104297, 0.1252340887274061, 0.2859194790944457, 0.16349326554863225, 0.062380034996507065, 0.9031416773796082, 0.15694720543688162, 0.7941108006570075, 0.24373036639934237, 0.49936081384393305, 0.16510531078610155, 0.2199300614496072, 0.21474169443051022, 0.1809212292193786, 0.07320317218545824, 0.7431269789036984, 0.3327950951643288, 0.7769692225588692, 0.8705916590988636, 0.8872048636632306, 0.5252623189506787, 0.5562772424891591, 0.13125846932896157, 0.6097393669188023, 0.10548837343230844, 0.3621313775127584, 0.45616978043690326, 0.4936257655816999, 0.6629709452390671, 0.524130623364313, 0.17635755926709284, 0.37558595243502746, 0.6058591126153866, 0.19422826723062567, 0.36949018033390696, 0.2811876181513071, 0.42709409792183173, 0.5283534752411975, 0.15767959305750473, 0.18547027451651438, 0.4390016756105152, 0.3077425648059164, 0.1494880630945166]
2025-11-10 16:41:59 - fedex - INFO - loss data:
2025-11-10 16:41:59 - fedex - INFO - [0.5234082132916559, 0.48457207530736923, 0.49047354608774185, 0.8469284673531849, 0.44512512002672466, 0.5514088695247967, 1.04671186581254, 0.9320419671013951, 0.7339687446753184, 0.4424914593497912, 1.1369119977927766, 0.4667016826570034, 0.5097694625570015, 0.37580902342285427, 0.5082966573536396, 0.11096163657105838, 0.9075856059789658, 0.3159753022369437, 0.2244631935443197, 1.3535390629524044, 0.21018935667588348, 0.5061646163534735, 0.368155224990187, 0.34186463306347525, 0.5636940977225701, 0.733885008841753, 0.37111030671406875, 0.30068786799757163, 0.27960268408060074, 0.7751249249347232, 0.6390523239970207, 0.4521404802799225, 1.0810622175534566, 0.06349381940284123, 0.3756445207529598, 0.5054421511789162, 0.44458755605543654, 0.7195349112153053, 0.19656898826360703, 0.5159952268004417, 0.2803576309233904, 0.24737649292431094, 0.14098510382076104, 0.3248656934334172, 0.44555390626192093, 0.3294169148873715, 0.32692400831729174, 0.2910916656255722, 0.43708438160164015, 0.2702197784350978, 0.20658048445528204, 0.29954189010378385, 0.2195853667814744, 1.2063360873920221, 0.4248854078921593, 0.30531981463233626, 0.380524697403113, 0.30606486462056637, 0.7375784888863564, 0.32593413069844246, 0.2960110619841587, 0.3461363632231951, 0.2779572492997561, 0.13152987968673446, 0.8036810391479068, 0.38692493889142165, 0.4429309475235641, 0.3058267403837471, 0.7493143454194069, 0.3367374918113152, 0.18360368224481743, 0.9543447115262097, 0.3436057957058603, 1.283503919839859, 0.2511956211969708, 0.29121517435167776, 0.18646776148428518, 0.30069225281476974, 0.4634797031110793, 0.372610729187727, 0.24045074958768156, 0.3653494641184807, 0.20090957965221606, 1.6898170875554734, 0.6907702799136637, 0.15553666779305786, 0.41698273147145903, 0.28642004914581776, 0.21319409629160707, 0.25947121323810685, 0.3510982682928443, 0.17071092743144342, 0.8812992572784424, 0.43014010482213716, 0.1470289658755064, 0.7620576888855014, 0.37950888027747476, 0.3112255707383156, 0.21391168391952914, 0.18655096449785763, 0.27333138945202035, 0.14874643844086677, 0.19914107388732108, 0.28362106318984714, 0.19780834531411529, 0.15206380770541728, 0.47836035676300526, 0.18166498663938707, 0.11367476545274258, 0.26855733680228394, 0.2065045397506938, 0.13881963368372194, 0.30250969397093286, 0.5296686755662614, 0.0734030045568943, 0.325971527690334, 0.2990193414699399, 0.2775407023727894, 0.17637431155890226, 0.5381611720658839, 0.4626228054864453, 0.16274024173617363, 0.17421377123377862, 0.2262086363302337, 0.15790830838627049, 0.6740536391735077, 0.21330825798213482, 0.2707693176344037, 0.18919137958437204, 0.19293368961843482, 1.5909444570133928, 1.5854168262864863, 0.18769097354056105, 0.30297050001381925, 0.5610384879012903, 0.16720745473035745, 0.9784554243087769, 0.44672894291579723, 0.1490820311009884, 0.16058932596610653, 0.17622430715709925, 0.37610928248614073, 0.14346706950002247, 0.24785962095484138, 0.14286025525588128, 0.2916895648730653, 0.13428246793337167, 0.2127378045448235, 0.42892096088164383, 0.17254382496078807, 0.3631296328014948, 0.30757346456604345, 0.1477693223549674, 0.19677355533931404, 0.2670388938859105, 0.10581049416214228, 0.512411517246316, 0.3379250148104297, 0.1252340887274061, 0.2859194790944457, 0.16349326554863225, 0.062380034996507065, 0.9031416773796082, 0.15694720543688162, 0.7941108006570075, 0.24373036639934237, 0.49936081384393305, 0.16510531078610155, 0.2199300614496072, 0.21474169443051022, 0.1809212292193786, 0.07320317218545824, 0.7431269789036984, 0.3327950951643288, 0.7769692225588692, 0.8705916590988636, 0.8872048636632306, 0.5252623189506787, 0.5562772424891591, 0.13125846932896157, 0.6097393669188023, 0.10548837343230844, 0.3621313775127584, 0.45616978043690326, 0.4936257655816999, 0.6629709452390671, 0.524130623364313, 0.17635755926709284, 0.37558595243502746, 0.6058591126153866, 0.19422826723062567, 0.36949018033390696, 0.2811876181513071, 0.42709409792183173, 0.5283534752411975, 0.15767959305750473, 0.18547027451651438, 0.4390016756105152, 0.3077425648059164, 0.1494880630945166]
2025-11-11 08:33:26 - fedex - INFO - loss data:
2025-11-11 08:33:26 - fedex - INFO - [0.5136758966202086, 0.48435284942388535, 0.48698375949805434, 0.6977837478948964, 0.4785596951842308, 0.5773080165187519, 1.3517771922051907, 1.2928849207547803, 1.1415977337294154, 0.6982326954603195, 1.5755182506516576, 0.7167056500911713, 0.5546416570855812, 0.4708380608686379, 0.5510871410369873, 0.12125924391439184, 1.139008678495884, 0.3449931757123624, 0.3265127401266779, 1.4710090401844353, 0.20121406457249327, 0.5502375805773125, 0.32324919076454534, 0.3416991527709696, 0.5677322977119021, 0.6438478752970695, 0.40538789732663916, 0.33397732558425025, 0.25587894835255365, 0.6396144513379444, 0.327766431029886, 0.5003754682838917, 1.453076960441346, 0.10197962393673758, 0.48563843758569825, 0.5014705223341782, 0.39312360510230066, 0.5448651723563671, 0.21620074287056923, 0.4200209937989712, 0.3258081078529358, 0.2384820861572569, 0.1576958048157394, 0.34157148210538757, 0.41736673315366113, 0.3515258629821123, 0.43251378927379847, 0.2942860843613744, 0.4032281518337273, 0.284237176593807, 0.17868288945068012, 0.40069947929845917, 0.22259355278660628, 0.8798478364323576, 0.4646589122712612, 0.3189323791537923, 0.4843546859920025, 0.31327378998200095, 0.5172700583934784, 0.26777439936995506, 0.2850051511019941, 0.3324355948716402, 0.3188817725915994, 0.12738752483676632, 0.7325081651409466, 0.3490650349042632, 0.3318811412900686, 0.2804568053356239, 0.7783690467476845, 0.37233390348652995, 0.21709462814033031, 0.8296231814398197, 0.4165384943851016, 1.4779257774353027, 0.2483938316899267, 0.33581249901291094, 0.1787169702971975, 0.32753679114911294, 0.4675979760746321, 0.43072884902358055, 0.21624925608436266, 0.418369228951633, 0.4202854026816567, 1.9294630441475997, 0.5125878077145293, 0.11120966542512178, 0.3575413615132371, 0.35482575868566835, 0.3005951661616564, 0.1735199091749059, 0.3600427536293864, 0.17617710627841227, 1.2273486852645874, 0.3588762125847015, 0.06627890397794545, 0.615310138091445, 0.3605565888186296, 0.23488094098865986, 0.23888043810923895, 0.13801046802351874, 0.29319387053449947, 0.12843315256759524, 0.21840138953517785, 0.27556230526949677, 0.2828714386560023, 0.1821844126097858, 0.35683099180459976, 0.17604041885998514, 0.10509263817220926, 0.17776570034523803, 0.2365890741303918, 0.15716849327353494, 0.30494925506282017, 0.47268030724742194, 0.13094868510961533, 0.3160244848446122, 0.3093409930365254, 0.17347755189985037, 0.13570522889494896, 0.534635373391211, 0.4550593348776365, 0.11868361197412014, 0.1582138543039383, 0.2035262347272937, 0.18871028730202288, 0.5365427415817976, 0.3017609063535929, 0.24276783131062984, 0.1537205376662314, 0.22802233275074463, 1.5928458785900148, 1.777284805529884, 0.19376391027019255, 0.2884159273458551, 0.5383791563411554, 0.22479080541857652, 0.6414683796465397, 0.2819154020398855, 0.12822272814810276, 0.15018302036656273, 0.15493389032781124, 0.592381109229543, 0.20545681679828298, 0.23693582648411393, 0.12093369119490187, 0.23060985361891134, 0.12450724242565533, 0.2517265151254833, 0.4188513644039631, 0.17109190962380832, 0.36109508719150124, 0.22654657278742107, 0.14164713586991032, 0.29065503184247066, 0.29219649652285234, 0.16394086205400527, 0.4637617788588007, 0.3823847981790701, 0.09657055285892316, 0.27005198940333697, 0.18351081338977174, 0.07848218564564984, 0.8972378534575303, 0.11466424987302162, 0.7361717455916934, 0.25777990339944756, 0.5346187486905943, 0.14625732290248078, 0.2146241031587124, 0.2502677571028471, 0.2073281313256397, 0.14767595407320186, 0.6682953010778874, 0.3207259063298503, 0.8193597599036164, 0.5026413425803185, 0.5868163947016001, 0.676512953891818, 0.4583130478858948, 0.1758707385848869, 0.5962330214679241, 0.11271794898331994, 0.39924241128292953, 0.4241752543176214, 0.474216812374917, 0.6570287048816681, 0.4891275502741337, 0.2100742415271022, 0.37607994641770015, 0.5616084759434065, 0.18527773880798903, 0.3859690387140621, 0.2081751748919487, 0.26016957664655316, 0.5047112908214331, 0.2009201105684042, 0.13919092768004962, 0.43947925537147303, 0.1754833587578365, 0.14224320091307163]
2025-11-13 17:16:58 - fedex - INFO - loss data:
2025-11-13 17:16:58 - fedex - INFO - [0.5075580911202864, 0.5121996477246284, 0.49177447841926053, 0.9232438090774748, 0.4358578015651022, 0.6066066225369771, 1.3997703854526793, 1.2506882073978582, 1.0818021992842357, 0.6136826823155086, 1.7016185387416045, 0.6396542266011238, 0.5910412521863526, 0.5112348890730313, 0.530890978872776, 0.11604324681684375, 1.407663956284523, 0.3273334477821158, 0.3647027901772942, 1.4599009450117593, 0.22112013816658874, 0.5802224199397541, 0.40162889172788707, 0.3739846212168535, 0.6046850840664573, 0.842606958001852, 0.4315214104235473, 0.36354443186310803, 0.27467570995742624, 0.6996815265579657, 0.5181937483139336, 0.4771863594651222, 1.15963616160055, 0.0702000103580455, 0.3630226641479466, 0.4583730523784955, 0.4777596851810813, 0.6413561068475246, 0.2686983421444893, 0.4907630669573943, 0.32678726142538445, 0.2774966640228575, 0.21750177079811692, 0.3647354050642914, 0.4481610792378584, 0.37038224728571045, 0.3677399267132083, 0.3283773874863982, 0.4524124253186441, 0.3169624308745066, 0.2121266539801251, 0.47208150331344867, 0.2591663423663704, 1.0251106444125375, 0.5217665039623777, 0.35608183389360254, 0.5451248437166214, 0.33538922093187773, 0.487496092915535, 0.3909797668457031, 0.32918164624817786, 0.43790128454566, 0.32699822168797255, 0.15180811585773232, 0.8561484623286459, 0.47298436578024516, 0.39426157902926207, 0.3031760691886856, 0.7777973413467407, 0.4223678888132175, 0.3167552761733532, 0.7745897434841027, 0.44282843883741985, 1.324553370475769, 0.3247085092871478, 0.3650222033488028, 0.30384182929992676, 0.36561044802268344, 0.48528666667724873, 0.447985727339983, 0.27293814511762726, 0.43501536175608635, 0.34667584583512506, 1.7510388307273388, 0.6354318474222156, 0.38562881387770176, 0.45910161547362804, 0.36184042443831765, 0.3708976957608353, 0.3475642510586315, 0.38962820544838905, 0.22112072135011357, 1.4006778299808502, 0.45143555612726644, 0.12198885809630156, 0.655773616795029, 0.5159624094764391, 0.3743733521550894, 0.33642634004354477, 0.24816268475519287, 0.29967249515983796, 0.26654402539134026, 0.2828716669570316, 0.31222143250384504, 0.46475460566580296, 0.302022872492671, 0.48446863517165184, 0.2782795360932747, 0.15885108150541782, 0.3293431526981294, 0.25944259345442766, 0.19465221424720117, 0.38699789449747185, 0.6603233253752643, 0.175458500161767, 0.35984690660344704, 0.3683470172261951, 0.353261923417449, 0.19458883721381426, 0.534666957333684, 0.4722065379625404, 0.18311616778373718, 0.2024614548088894, 0.2624290639031974, 0.2315151400509335, 0.6871109679341316, 0.2774146683514118, 0.35233931988477707, 0.3254293166100979, 0.296378853186578, 1.542310043927864, 1.7934227162706, 0.24874006824360956, 0.4013440734659782, 0.6637439529101055, 0.283768004072564, 0.6753104198724031, 0.3530654553323984, 0.23353609442710876, 0.25133011603934896, 0.2280559530481696, 0.5523937547748738, 0.26744094366828597, 0.30338726192712784, 0.19869185156292385, 0.28136192661310944, 0.19305658088997008, 0.33937473808016094, 0.49157896969053483, 0.25912413746118546, 0.4256177812137387, 0.23492521353598153, 0.18034553701678913, 0.279470243526157, 0.31264704731958254, 0.21180670708417892, 0.5589360901051097, 0.706273159219159, 0.15321277773806027, 0.3502258677411862, 0.24093556658675275, 0.12325519373019536, 0.9726496164997418, 0.40174069452332334, 1.0436597623758845, 0.37417639430725214, 0.8584395416758277, 0.2734353861047162, 0.3179659893115362, 0.37848787754774094, 0.2775355674229659, 0.2944402506109327, 0.8009768105422457, 0.37691223062574863, 0.9739486380583711, 0.709689520831619, 0.7143614052661827, 0.756270432844758, 0.7071391120553017, 0.42103098807009787, 0.6424960345029831, 0.18626163775722185, 0.454777503894134, 0.4832053920874993, 0.5279278872026638, 0.8400712758302689, 0.5449137785895304, 0.21076663786714728, 0.5490719320421868, 0.6830054757495722, 0.3508240769484213, 0.4657703109762885, 0.46114785679512554, 0.4306336326731576, 0.6190534213350879, 0.3585231535668884, 0.2556670111204897, 0.5097638798708266, 0.24447707645595074, 0.23022229708731173]
2025-11-14 07:10:08 - fedex - INFO - loss data:
2025-11-14 07:10:08 - fedex - INFO - [0.528281907466325, 0.5641673430800438, 0.4911284180866046, 0.9591963055233161, 0.4443432954805238, 0.5907412519057591, 1.342340497566121, 1.361698357326289, 1.3510681382483907, 0.6715002506971359, 1.8168359824223443, 0.7449247315526009, 0.7193481668152593, 0.6414036266505718, 0.4842609167098999, 0.14470755277822414, 1.1177264004945755, 0.3150712251404508, 0.3383848081742014, 1.6117325214698213, 0.2527239909656187, 0.591023300746585, 0.3832880829228088, 0.3553004306223657, 0.563717798019449, 0.5240818560123444, 0.4182276585412146, 0.36717882933038654, 0.31330418688329786, 0.6208284632726149, 0.6021134331822395, 0.5045227184891701, 1.1217014892026782, 0.17658307682722807, 0.5971167733271917, 0.5293491991857687, 0.5183349391445518, 0.5397655107080936, 0.3059082701802254, 0.484924195955197, 0.3808872061116355, 0.39632016962224786, 0.3266164362120132, 0.41182688540882534, 0.43966537714004517, 0.3448003181330268, 0.42533255368471146, 0.2990822456777096, 0.5385405282002119, 0.3168669537537628, 0.23793115466833115, 0.2877877740603354, 0.25807734007119304, 0.8908773755344251, 0.47651093432472813, 0.386327068199112, 0.37326024348537123, 0.5635106191039085, 0.5140876621007919, 0.44237833470106125, 0.3232321733283618, 0.48809998109936714, 0.29350832583648817, 0.13508090918143612, 0.7993619301252894, 0.5137006945230744, 0.6340480986982584, 0.3287435696859445, 0.711383655667305, 0.38908003394802415, 0.3757470026612282, 0.6684362166182837, 0.44874626161022624, 1.287464290857315, 0.39046523144299333, 0.3805394461660674, 0.29759672532478965, 0.36367781543069416, 0.5166993274316404, 0.4804212972521782, 0.2955927915043301, 0.36948271468281746, 0.3627354623240535, 1.758945857598023, 0.5962639101318523, 0.26216679625213146, 0.41531279093275464, 0.34353478625416756, 0.36630294827575033, 0.30584316245383686, 0.460471510887146, 0.2385488842134223, 0.9625888168811798, 0.40300883183425124, 0.3439610134810209, 0.7241178032542978, 0.5331660198668638, 0.3059844560921192, 0.3498560252288977, 0.2238644158674611, 0.3249935503635142, 0.4050057455897331, 0.2884720666334033, 0.3089159362550293, 0.5125826140865684, 0.37302046455442905, 0.418890630826354, 0.2719306579480568, 0.22837143763899803, 0.34134017738203204, 0.2664155105794115, 0.21213472049151147, 0.3160192718874896, 0.6750685001977466, 0.2375071384012699, 0.3502832242021603, 0.36388447807368, 0.2945969942957163, 0.18917775433510542, 0.5338972471654415, 0.45490104774037354, 0.20343019254505634, 0.18660941950178572, 0.25027683397961986, 0.23899055835569188, 0.5985388495028019, 0.3028982914984226, 0.3366229981184006, 0.20528710074722767, 0.31314994907611376, 1.4658465555665317, 1.5569839783545052, 0.24418010508848562, 0.3981117441535297, 0.5796643793582916, 0.2745042528424944, 0.6586127951741219, 0.341449661180377, 0.3508628234267235, 0.2772439801030689, 0.19886639527976513, 0.5272522528063167, 0.44592121202084756, 0.3352389708161354, 0.1859638119737307, 0.29571775746132645, 0.1802720549205939, 0.2815286604953664, 0.4512538636724154, 0.2544751428067684, 0.4506361398652389, 0.3254819783781256, 0.19521981527407964, 0.24900044516543857, 0.3017928849107453, 0.15063656773418188, 0.7016485056115521, 0.4689689460727904, 0.12533356581947633, 0.37608418523362186, 0.24624407589435576, 0.10945470829804738, 0.8966220406194527, 0.2912761573446915, 0.8397202351027064, 0.3912126235663891, 0.5179293738170103, 0.2988853404919306, 0.3287027639647325, 0.27190512977540493, 0.300195056388711, 0.3049186710268259, 0.445069299514095, 0.364737328607589, 0.7356395216451751, 0.7522815451292055, 0.7317541491772448, 0.6399667845772845, 0.6702897027134895, 0.36185051331465895, 0.5261122286319733, 0.15957918607940277, 0.44980738312005997, 0.43564480791489285, 0.4793307898058133, 0.6324110478162766, 0.49828498099337926, 0.29192021768540144, 0.2869212478399277, 0.618672851473093, 0.5604573779606393, 0.4691511057317257, 0.2972242691450649, 0.4204990433322059, 0.5691433317131467, 0.37251539528369904, 0.22002267518213817, 0.45696847005323926, 0.1897942019360406, 0.24597895356516042]
2025-11-14 16:24:33 - fedex - INFO - loss data:
2025-11-14 16:24:33 - fedex - INFO - [0.5258469540964473, 0.5416133403778076, 0.4868419978090308, 0.9549615511463748, 0.4581646477537496, 0.5959884524345398, 1.3287390087332045, 1.3282838098083933, 1.2698454757531483, 0.6232289994756381, 1.9742074355657677, 0.8323521018028259, 0.6541090270673686, 0.5942908626581942, 0.6018150374293327, 0.12358262105844915, 0.9577971547842026, 0.3045644488366735, 0.2741246090403625, 1.3869559775397646, 0.2540585352655564, 0.578031647177219, 0.49275344460911585, 0.363423733247651, 0.6082214371611674, 0.8911657892167568, 0.4256730318972559, 0.350767062995771, 0.26288977400823077, 0.7307741032405333, 0.5036256583407521, 0.49193939939141273, 0.8759579869608084, 0.07746659494781245, 0.4019296790162722, 0.5433351459602516, 0.4794249693863094, 0.6937115862965584, 0.3765493482351303, 0.3947805116573969, 0.3712586918845773, 0.34398439221761445, 0.22447556412468356, 0.35373612037963337, 0.44959997261563933, 0.3772353863727952, 0.4798370897769928, 0.3422456793487072, 0.5894987727737143, 0.3014776615632905, 0.19963934238661418, 0.4722787967572609, 0.2680321155390832, 1.2167525542279085, 0.4932267015360089, 0.3630255634209725, 0.44754935801029205, 0.4156762156635523, 0.7420308142900467, 0.36658694595098495, 0.34881650289845845, 0.42380865290760994, 0.36416295702968327, 0.14963985609034094, 0.8396294481224484, 0.43991627476432105, 0.5237020626664162, 0.34813276607365834, 0.884406790137291, 0.414655456940333, 0.26443872352441156, 0.6349975708217244, 0.3826372701336037, 1.5057507753372192, 0.351015463922963, 0.4085690010564797, 0.23551490033666292, 0.3887912809020943, 0.5115574829576707, 0.48459088429808617, 0.3251950119932493, 0.4769323244690895, 0.2577556295218528, 1.9248713850975037, 0.7010556034067931, 0.39662989508360624, 0.4437847087780634, 0.44950615863005317, 0.35138882933692495, 0.36839697923925185, 0.46896980702877045, 0.22864789453645545, 1.0901726186275482, 0.4668387597934766, 0.43753866478800774, 0.8518955350986549, 0.4979608226567507, 0.4415677785873413, 0.470808586726586, 0.34189138147566056, 0.39194731869631344, 0.2574918195605278, 0.27521990544416686, 0.2941331637224981, 0.30589783377945423, 0.3355035912245512, 0.5546192079782486, 0.3865782887571388, 0.1949810553342104, 0.47905200719833374, 0.24545402137473937, 0.17548188234546355, 0.3591145872720517, 0.7177042053504423, 0.18435106426477432, 0.3926196387037635, 0.3820250515139314, 0.3855096362531185, 0.18828992545604706, 0.6684891693294048, 0.5270276513531224, 0.2356733102351427, 0.20760733378784996, 0.28281470701571493, 0.1998537162407523, 0.78409518674016, 0.36879317834973335, 0.3643473833799362, 0.3113580495119095, 0.27742028425072696, 1.5916201188229024, 1.6738503258675337, 0.24565894943661987, 0.3926513534641326, 0.6331060764690241, 0.22897505121571676, 0.9514373876154423, 0.5215541049838066, 0.19502893090248108, 0.2825273020813862, 0.2283344902098179, 0.4700021672655236, 0.25019855466153884, 0.4365734178572893, 0.22075186628434393, 0.3013881224074534, 0.15246072929973403, 0.2441655325570277, 0.5403905419839753, 0.24326139936844507, 0.42265610580707524, 0.38399296440184116, 0.15595335733766358, 0.19672702377429233, 0.3109738938510418, 0.11907692812383175, 0.6267859872637523, 0.6336546581652429, 0.15200684326035635, 0.3801225027577444, 0.21878484919933336, 0.09813525232796869, 1.0282940367857616, 0.358868647494819, 1.1560661511288748, 0.38828481778954016, 0.7368019734593956, 0.3853240658839544, 0.3440457979838053, 0.3441198697934548, 0.2594859261646286, 0.19377103806473314, 0.8965438098646701, 0.3866823666418592, 0.767668389611774, 0.9118862341025046, 0.9926097259989807, 0.5878173112869263, 0.7613911554217339, 0.3529613195833835, 0.651186678558588, 0.177208099514246, 0.44438656148585404, 0.5266020592922965, 0.5721682132306424, 0.8882540166378021, 0.5934579426592046, 0.23564087591049346, 0.4864377396350557, 0.6749440295000871, 0.2649854706334216, 0.4254065863788128, 0.46864332465661895, 0.5653768810960982, 0.626517506937186, 0.22510688419320754, 0.23273160361817904, 0.5148961157961325, 0.2888710347137281, 0.23663893043994905]
2025-11-22 02:40:16 - fedex - INFO - loss data:
2025-11-22 02:40:16 - fedex - INFO - [0.5135431693955547, 0.7594741392466757, 1.1723471231137712, 1.1519476256022851, 1.333745687501505, 0.8671300447122616, 0.8272046449904641, 0.9443764936178922, 0.44286384292479075, 2.03972177937394, 0.9139623658033088, 0.18360756780020893, 0.19996705969485146, 1.518314042997857, 0.7249540567949966, 0.40830770400525246, 1.6086751465685665, 0.5996943855968615, 0.4886503557441756, 1.9365303871609891, 1.8821032524108887, 0.6363408034667373, 0.6228491584770381, 0.5996446188426379, 0.4419516955812772, 0.6405492085921154, 0.8175168274729341, 0.41557352179661394, 0.5819141524823713, 0.5125061598295967, 0.45729393376545474, 0.8560309782624245, 0.2961931395965318, 0.6504097673343494, 1.6050603869371116, 0.21340563510699817, 0.5372986824562151, 0.6057171314954758, 0.49596745906059037, 0.8639886602759361, 0.3232282225508243, 0.13409567272368197, 0.6147251579910517, 0.6068712909306799, 0.4591640569269657, 0.3097692624044915, 0.8271672525615603, 0.46467927695590666, 0.4757195385259197, 0.29537608456864417, 0.3858502031348291, 0.5760076625282486, 0.6183544018051841, 0.7902481940885384, 0.5946905789896846, 0.6181267734278333, 0.4985917871247021, 0.5121116820380263, 0.5004477970162942, 0.348754836357243, 0.24222305176081135, 1.7791369147598743, 0.4097975165184055, 0.4688275647660097, 0.6860925758426839, 0.8082284765318036, 0.5454035404363069, 0.5330804021309383, 0.7203845875619939, 0.3620420539518818, 0.6065218489617109, 0.7744336644808452, 0.48139811696654017, 0.9780455070237319, 0.6980482187460769, 0.6765549339354038, 0.23372161251027138, 0.9218203977554698, 1.4440824656436841, 0.5820484390019109, 0.8064517593454748, 0.17990855260313243, 0.5737779621655742, 1.0504297388653303, 1.3391826571896672, 0.38291604812478736, 0.29065741918360194, 1.0747172353750405, 1.3346053195651622, 1.0341820343708, 0.6868806346699043, 0.9285058588499114, 0.3466701068604986, 0.17854274345840188, 0.339339598013189, 0.812263879529906, 0.6472958534955978, 0.5384418127747874, 1.1060626064737638, 1.1921192487080892, 0.754686747988065, 0.6148623056483992, 1.095919092434148, 0.8996398858726025, 0.6712969889243444, 0.591565116731958, 0.5941604182084717, 0.525935054756701, 0.5846922966341177, 0.8323603868484497, 0.6201491226881614, 0.14773802366883804, 1.374461546773091, 0.5819111716623108, 0.7962422371531526, 1.1566565185785294, 0.6133509127818274, 0.7871408056129109, 0.6331304405825307, 0.7623030041654906, 0.8213555213063956, 0.7258696045194353, 0.6542577851087056, 0.6481116471642798, 0.5350497184942166, 0.20073718583056083, 1.337837129831314, 0.7876710461541301, 0.6193858544257553, 0.627739941328764, 0.5300273951143026, 1.5597429673187435, 0.6861186779680706, 1.2253681985040505, 0.6688634641468525, 0.5956311362323823, 1.8954636063504344, 2.4327965825796127, 1.0112435318529607, 0.6159653031439694, 0.6806778814643621, 0.6291083663150117, 0.3454930344596505, 0.7434188189864572, 0.794950317757354, 0.8710020332519586, 0.9175422921776771, 0.5102754153311253, 0.9332208977568717, 0.5678119644522668, 0.3556324933256422, 0.7814473841339349, 0.5748240089132672, 0.5923839019555035, 0.6630369499325752, 0.6940228790044785, 0.4503830361434005, 0.3051283519217295, 1.120163998566568, 0.8835720468668682, 0.6034204605966806, 0.6523975914400635, 0.8978790789842606, 0.9899666383862495, 0.3588714148849249, 0.9812486842274666, 0.35793794735911344, 0.9228683806334933, 0.9356091991066933, 0.22249850978453956, 0.40814421199971723, 0.8762121628082934, 1.0504372169574103, 0.6869222781310479, 0.8509259334567821, 0.6223882872433889, 0.5833211550282107, 0.7268822491168976, 0.6839282007250951, 0.4158631650110086, 0.8271111022680998, 1.0301766117413838, 0.7403984544177851, 0.43576462343335154, 0.9324606299400329, 0.6871184957181585, 0.7424227106074492, 0.688140689222901, 0.7361510177453359, 0.5451971299268983, 0.9241453839672937, 0.6792044155299664, 0.7914563119411469, 0.7452721210817497, 0.808703721811374, 0.7151226493896861, 0.6608972322910722, 0.65386786510547, 0.6948965097015554, 0.6393681531427083]
2025-11-22 05:01:54 - fedex - INFO - loss data:
2025-11-22 05:01:54 - fedex - INFO - [0.41253501265808673, 0.5553156894464524, 0.4490773491561413, 0.42881769466204755, 0.3707977200575246, 0.2444685073455044, 0.34639378076284555, 0.2656873869875978, 0.5657813884850059, 0.4499204183216037, 0.47768503682393776, 0.35597776171976125, 0.3342986377194906, 0.5083376471661073, 0.31160697745705457, 0.1145202463977815, 0.404569310969428, 1.2276692952757002, 0.5106874120288661, 0.38251567755571825, 0.25840377018820904, 0.07344673419655817, 0.5767321502299685, 0.4716780361687554, 0.6972005475711609, 0.4469465970524124, 0.32796976028969793, 0.0269544090871932, 0.4136276024760367, 0.3551420444589958, 0.23261347107796204, 0.40233115284215837, 0.25265565936110523, 0.5036830872607728, 0.32533874902098125, 0.4428898682041715, 0.29582016604642075, 0.2512217818266489, 0.2701268302849852, 0.35891029207656777, 0.4768206270916077, 0.4137747218146136, 0.19803905367219143, 0.3603060813143085, 0.18452150759375874, 0.09143255222540272, 0.768794737290591, 0.37367826088198597, 0.24082881207060483, 0.3387323252908472, 0.06400648101511511, 0.016134853775050337, 0.41723934401358875, 0.42042495917907374, 0.2855249894852925, 0.23137592787865116, 0.5005442997339764, 0.3913980002204577, 0.4502745416636268, 0.6503956255037338, 0.316363919572292, 0.4461044752961736, 0.13754574122348068, 0.5798915106182297, 0.26876841933422146, 0.12003731136727665, 0.13299398043253902, 0.19076934616981117, 0.4473220140618437, 0.37993900885894183, 0.3294703734314276, 0.11582274696686201, 0.18766132236591407, 0.2670076008226412, 0.22438426428873626, 0.23142685180064293, 0.015629054486357964, 0.4681812733916255, 0.3431309881669126, 0.4177995718155916, 0.1829127722859874, 0.16889864750659658, 0.13031364919649613, 0.17781043097299212, 0.5112599590435051, 0.4316128148612651, 0.24145316793065932, 0.405014188028872, 0.40746122144628316, 0.32941069651111876, 0.36603927227579763, 0.41628175692005276, 0.2891253171996637, 0.25193054550750693, 0.15765651219811005, 0.25302114700856954, 0.271335962644246, 0.1659708379769914, 0.23744363626512854, 0.25498351687053733, 0.07859097441347937, 0.35581137326121204, 1.004915984813124, 0.3221851787529886, 0.2827818287533246, 0.11841385066509247, 0.3350713647945958, 0.3262558406994246, 0.05491044825693178, 0.6029675993088045, 0.3602500000813355, 0.2659395120086169, 0.08370499411110012, 0.2540001291291494, 0.20488375108430368, 0.5494207922807511, 0.3379151519121868, 0.15998692270368337, 0.1468181890834655, 0.24295388386460837, 0.20328620872950476, 0.22142205233959592, 0.32978275999249446, 0.16861160717120297, 0.2516457043616755, 0.26818957069836974, 0.3014929957214024, 0.41972826451528816, 0.3380270656762701, 0.12057423919794105, 0.3282101785064492, 0.31905807073003256, 0.41504523770149365, 0.26962802324946, 0.4235964543186128, 0.33226273587639504, 0.143717885728822, 0.5551414444785694, 0.42732707845667994, 0.26489414948792683, 0.22053252504757276, 0.5003392865945553, 0.29821001758397214, 0.2591440489050001, 0.19742142437611385, 0.2584531337632576, 0.4944869674320145, 0.20880051144867912, 0.27811231568098216, 0.40137301300736994, 0.3206504055786701, 0.4147844055135335, 0.2526261190662072, 0.1040633239198285, 0.1997025928757934, 0.2565731441999388, 0.2857698908644832, 0.4292809766342585, 0.08131126145211359, 0.2191204509264871, 0.7262469520792365, 0.3023551517321418, 0.19997958054946063, 0.21391563741653635, 0.1269716489343689, 0.1281274763135775, 0.6577355500898863, 0.1915851803349429, 0.2165466477163136, 0.5594527345934981, 0.09001835722010583, 0.11301387960298194, 0.3252552833754378, 0.3781098930676486, 0.3852312803706702, 0.1245218850672245, 0.36133252254997694, 0.16118198586110438, 0.06518408617056493, 0.7913010111596022, 0.3158185350179088, 0.6988377338585754, 0.2659525887730221, 0.05164240847696506, 0.57122453302145, 0.11629506386077357, 0.07886175858743844, 0.5466667460522762, 0.056640666456789605, 0.15652847083595892, 0.9027213075835454, 0.9512305791888918, 0.1898144868180333, 0.2124304413920691, 0.12640150247644338, 0.45296626300974324, 0.41386895834961357, 0.337388730297486, 0.3431626005502014, 0.31273316824808717]
2025-11-22 07:27:32 - fedex - INFO - loss data:
2025-11-22 07:27:32 - fedex - INFO - [0.45827353186905384, 0.3019048603924198, 0.17565901265267958, 0.6980842953974692, 0.5181027336977422, 0.4353782307356596, 1.0684489911125803, 0.2504229679703712, 0.2356588878113814, 0.536934360054632, 0.400415375828743, 0.49858181333790225, 0.724563104659319, 0.4621842514723539, 0.4254285465512011, 1.3790713607973886, 0.9155747905373574, 0.5100776813924313, 0.15186917874256545, 0.3664635568292755, 0.17283536615514553, 0.967389355879277, 1.6153177477892975, 0.48826624266803265, 0.4673147952287562, 0.5700289353728294, 0.15671953681642967, 1.1955909406145413, 0.13373643897163373, 0.9141349096190728, 0.9205222589274248, 0.4044924746138147, 0.28252881663017126, 0.6803733913460746, 0.16629587032428278, 0.5043493074054519, 0.11209835092983364, 0.8613276774684587, 1.520134263759246, 0.2437709107891553, 0.648431771248579, 0.40051773749291897, 0.2688323410143817, 0.5468136842669495, 0.486648123504387, 0.3701932176947594, 0.0982669100957344, 0.713414675387321, 0.232467005494982, 0.7206012468086556, 0.0959354714895281, 1.4286182844844832, 1.6462315229086513, 0.09727759505525077, 0.37170079712652493, 0.2679152018390596, 0.2850815603742376, 0.7140713607271512, 0.21730176621349528, 0.588610906774799, 0.25564852193929255, 0.690053938779359, 0.6793222464621067, 0.3740436527878046, 0.24628201684243672, 0.3028900749515742, 0.8039338597562165, 0.30001045861928205, 1.08274726238645, 0.6807922230412563, 0.4016406929327382, 0.33694362457608806, 0.7694364219205454, 0.4267380837118253, 0.2500019180083958, 0.4077051213224574, 0.7430453424807638, 0.1463897638313938, 0.238746766874101, 0.13368720054471245, 0.8632591720670462, 0.5552411586046219, 0.5399752528067135, 0.8714077084914607, 1.2383906237213522, 0.8357369742511461, 0.31627345873534474, 0.41492092199623587, 0.26101575295324436, 0.6868813114447726, 0.20757022012063922, 0.08285820790042635, 1.1412405289709568, 0.7948612225138478, 0.42614114941097797, 0.1902218236120296, 0.737256174068898, 1.0710528729832731, 0.3300652374468175, 0.29475266188383104, 0.935222855040441, 0.9765024282452133, 0.7755854945862666, 0.18107329530175775, 0.11562800575629809, 0.04277894557719375, 1.4881476985911528, 0.34366571915646393, 0.7212639085948467, 0.27846739534288645, 0.9133940513478592, 0.5879828382236761, 1.664917839836562, 0.477502944568793, 1.2208534131403377, 0.30641205147063977, 0.4075607704774787, 0.3115904838234807, 0.44543632996113347, 0.6251333076506853, 0.25543778013670815, 0.4587761736474931, 0.4710472719588627, 0.2436665653018281, 0.7571390482829884, 0.37471550039400525, 0.8263116749299418, 0.3331612849401103, 0.2844128350261599, 0.11101478875368936, 0.8399925633954505, 0.2180806180733877, 0.25392105262726544, 0.07429660195872809, 0.2720416261581704, 0.8563602765401205, 0.40609625066928046, 0.39047740275661147, 0.3246457643806934, 0.2808994067211946, 0.33262731874775553, 0.9384011253714561, 0.24386273251794693, 0.7251790890470147, 0.3573068565585547, 0.36444682120862937, 0.33648880157205796, 0.33220016746781766, 0.23988535549724474, 0.03190178681591836, 0.25720984207000586, 0.8823200287918249, 0.8768467996269464, 0.7543610466023286, 0.14995062760426664, 1.0898658156142726, 0.14452869471602348, 0.11476184402902921, 0.7679901745998197, 0.27332786658613867, 0.8224933742467935, 0.692592577056282, 0.25695452116391, 0.43167826334376713, 0.22347812349390653, 0.08186408113688232, 0.0636591578562123, 1.628306878109773, 0.7462255131453276, 0.7992707639932632, 0.17928545449265382, 0.2444922616899324, 0.8134001106324528, 0.5320511291320953, 1.38820730894804, 0.2242145532121261, 0.26646129704184, 0.5900853229479657, 0.4605425688805002, 0.2647390743463554, 0.5078558780252933, 0.2636413990519941, 0.11577069204310343, 0.2148505037960907, 0.1842149764468724, 0.29870971353569375, 0.08476851675271367, 0.4142405455737996, 1.2175263017416, 0.7889496703185918, 0.8942468762397766, 0.5672199291487534, 1.0615269835107028, 0.4314602091908455, 0.923115276452154, 0.79946500173149, 0.8329967891525788, 0.31798281955222285, 0.20568948270132145, 0.8814841695129871]
2025-11-25 17:31:51 - fedex - INFO - loss data:
2025-11-25 17:31:51 - fedex - INFO - [0.499173843257484, 0.7688374643524487, 0.9962114207446575, 1.4206619427228968, 1.3369062910787761, 1.123169744624333, 0.7556182077775399, 1.0414169035851955, 0.4384361705166243, 2.1489786553545858, 1.124539146432653, 0.2107929418173929, 0.2020920926394562, 1.5626088923250792, 0.8096926778003022, 0.4112733601144066, 1.1624359963461757, 0.7501612786979726, 0.44615668170154094, 1.8835720031250578, 1.8969575494527817, 0.820340434089303, 0.5934594748541713, 0.49117387433282356, 0.33226839189107216, 0.5365027672187849, 0.6167010591123943, 0.31642164997756483, 0.44799163884350235, 0.36886225709760634, 0.2992593657056039, 0.47785213061918813, 0.24982370991880698, 0.4811792263295501, 1.4223338297684678, 0.17119079369149404, 0.39874719181098045, 0.4858303628861904, 0.3347562464462085, 0.5474823080003262, 0.23988193251037349, 0.11647684138151818, 0.4416179249684016, 0.40215257628421697, 0.3450783158962925, 0.22930699766923984, 0.47465782957496466, 0.3015000224515626, 0.33608127008914446, 0.1900667722229541, 0.3011562124426876, 0.37897813177258566, 0.42191153832457284, 0.6127196156109372, 0.3637338443659246, 0.42307675194672567, 0.32465368764187147, 0.3149380291054456, 0.3863110445873362, 0.22477407716879888, 0.16158739105449058, 1.1382775232195854, 0.29759283685347154, 0.27576833551838287, 0.4048142788762396, 0.5155822131006668, 0.3389085192024579, 0.2956413365050332, 0.4837123549007105, 0.23012998595368117, 0.4510787343295912, 0.3864183068275452, 0.28007776987929406, 0.6673490246757865, 0.39981462891128927, 0.471699128113687, 0.1564407065277919, 0.5362587744221938, 0.9731686133891344, 0.33912922722834443, 0.4460494125794087, 0.13017130201018748, 0.3011592586214344, 0.8822960016831499, 0.866865549236536, 0.2342757928584303, 0.17540097123322387, 0.7358989557164023, 0.8107689355150797, 0.608983407355845, 0.3903954225143901, 0.47902268876454657, 0.24199826383652787, 0.1558336615348342, 0.19085294837728511, 0.40064261021148984, 0.32091731354594233, 0.34720517648383975, 0.8139370791924497, 0.7673577663799127, 0.34817119439442956, 0.31617142974693346, 0.5713361280970275, 0.4838673956692219, 0.26430412847548723, 0.3489794397133995, 0.33909435058751747, 0.32656591292470694, 0.33750770303110283, 0.5202402425929904, 0.3041870583300338, 0.1010296155407559, 0.7827260033111088, 0.3288979157748999, 0.4824895874907573, 0.58266874961555, 0.3347903071112479, 0.4181135408580303, 0.3351334285716956, 0.49044130922605594, 0.4898480757139623, 0.4345256715148155, 0.34484827866219614, 0.3891516763039611, 0.3102500280365348, 0.12166700324451085, 0.8498498104512692, 0.5310153519468648, 0.45488966764374217, 0.3350948943756521, 0.35547149352108437, 0.922548057558015, 0.29450073020000544, 0.6943955287337303, 0.4963076071192821, 0.3537992559034716, 1.2502272128049905, 1.5697898715734482, 0.6989782905826966, 0.35614980607190067, 0.48324131593108177, 0.38740052162773075, 0.2377065362253537, 0.47028580216035526, 0.427496380574102, 0.7235614711397189, 0.7523771978914737, 0.48964954558759927, 0.3845452823055287, 0.38622281290590765, 0.19055149662308396, 0.5671094702556729, 0.23926088406837412, 0.33487454553445184, 0.3437162972986698, 0.4514395274842779, 0.3075438835234805, 0.21550751300113832, 0.7306915637260923, 0.5651423838894616, 0.3618909601884132, 0.4465786476365544, 0.5505408945803841, 0.5574219810465972, 0.20622955715904634, 0.724640569339196, 0.19987405969628266, 0.5235391578947504, 0.6211514594654243, 0.1825063775293529, 0.2104938183157217, 0.6296830311240185, 0.5793245465805132, 0.48357899356633427, 0.6161591294927128, 0.4453146445431879, 0.43882187672511297, 0.4233656503260136, 0.3514193680734088, 0.30850931257009506, 0.44059034734964375, 0.525478965540727, 0.4902558889240026, 0.27674828364203374, 0.6029813177883625, 0.47488985865794375, 0.46775682115306455, 0.4388357776872538, 0.45971674596269924, 0.3342184358361092, 0.5697635031408734, 0.440510713805755, 0.47974586114287376, 0.3937124976267417, 0.5673177106926839, 0.3909186157539035, 0.380817022976569, 0.4554375956455866, 0.41813390814896784, 0.4401978828978759]
2025-11-25 19:08:32 - fedex - INFO - loss data:
2025-11-25 19:08:32 - fedex - INFO - [0.43299643718637526, 0.5681600608886817, 0.460139890989432, 0.42410159836267575, 0.39670146877566975, 0.2492620705447176, 0.3908282520176441, 0.2710638423450291, 0.6192352052644959, 0.5124671852087926, 0.572431880700633, 0.4708233920743674, 0.40986099504889584, 0.5707216136271156, 0.3777794699863832, 0.12786873020037698, 0.4737737190566565, 1.605257961305324, 0.6395505981608516, 0.43379021863537753, 0.2845664649734251, 0.07167416754398598, 0.5901783310304703, 0.4770922572296556, 0.7318780031055212, 0.4824890744696547, 0.35794788325120785, 0.037239307846729866, 0.43970040922217507, 0.3329930880613494, 0.24810300286238393, 0.45699200273624485, 0.2842900598127591, 0.5575503346820673, 0.3381664572904507, 0.41583481749209267, 0.2604540015260378, 0.28263676073538324, 0.32082415259896946, 0.3583021309847633, 0.47512355896954733, 0.4459938113169189, 0.23824385135932907, 0.40494970322992563, 0.23865510718453498, 0.10545910967242283, 0.834067669599072, 0.39162999165377443, 0.27275926699965364, 0.3580052912131779, 0.06268420759523805, 0.01563846072895103, 0.43393989173429354, 0.4241701296585447, 0.32919329051908697, 0.2378758237512167, 0.546344819942058, 0.49744623294100165, 0.4490860613683859, 0.6313038376392797, 0.3721786610549316, 0.48815338858021906, 0.15557912933789858, 0.5322340107522905, 0.3059298634706509, 0.15442014106730412, 0.1401187170463215, 0.21059305901494518, 0.45712350758121295, 0.4043717086315155, 0.3560995841657536, 0.13085394771769643, 0.1889768381203924, 0.28573072903673163, 0.2771041109891874, 0.26102513259199134, 0.019644290809325563, 0.49609961044819406, 0.3847354183085543, 0.4502719472377346, 0.21842651939080965, 0.2165149487918132, 0.18248114252659994, 0.19972689674856764, 0.532154396462899, 0.45416688666481414, 0.3167129499423835, 0.455618409284701, 0.39885516456949216, 0.3585915251782066, 0.39745736201589427, 0.42093652998779546, 0.31172084291888913, 0.2989942793819037, 0.19850056298339785, 0.2702426494783833, 0.32852727573897156, 0.1922485836091385, 0.2688738165279627, 0.3378908949607349, 0.0949849827370296, 0.4448849793458194, 1.0764888493421798, 0.3367039950874945, 0.3490035493721391, 0.13489664156389025, 0.3766437425884923, 0.39371227314383794, 0.06500384970503445, 0.5970243192032764, 0.38887388456302385, 0.34539527030518424, 0.12074077273386397, 0.3125796590588595, 0.22254580392230613, 0.5938567998545135, 0.42231098828571184, 0.22077196304065486, 0.22753761575690337, 0.29026081483961075, 0.2687836702426961, 0.23990626666037476, 0.38018560666768325, 0.22556049365037487, 0.2975706097694408, 0.31519261884710026, 0.3781390504159948, 0.37193100893249115, 0.44281687502833933, 0.16792014671400898, 0.4552937785261556, 0.3594240474129288, 0.509413883752691, 0.2998322599262072, 0.5016867104231527, 0.3659977981526601, 0.20307530535178053, 0.5707842847653504, 0.5130085591744218, 0.32778040250940693, 0.26606419377508217, 0.45122863532140334, 0.35401278056715635, 0.28394162428698366, 0.24283865771640353, 0.3263139709874633, 0.5461594852724392, 0.30503774026786923, 0.3171422825091415, 0.46422885396433144, 0.3583121407599676, 0.5157140722232205, 0.30438097254594876, 0.15335008214251736, 0.2897048084600734, 0.3365937106790008, 0.3336943364702165, 0.4835099755957637, 0.10239777935720565, 0.2932476971772287, 0.7153573278337717, 0.297437489995112, 0.2436949022568199, 0.2748973859114605, 0.19238062954129098, 0.19159402895477498, 0.697893614341554, 0.2603912755667248, 0.23707503877166244, 0.5864242783894664, 0.13055222636709612, 0.14884293093419976, 0.38787432006584144, 0.41953897686200403, 0.39161586684777455, 0.16935880668461323, 0.38983173544208205, 0.19557644163982735, 0.09329118199336033, 0.7513022567662928, 0.3635000135731318, 0.7172141133807599, 0.32417371872191625, 0.07480207032501876, 0.623578278386655, 0.1432123009322418, 0.10168789010162332, 0.6270591015682409, 0.07032877538974086, 0.21338187580307327, 1.0295402474309268, 1.0427972049053227, 0.22919733073961523, 0.24634234962531, 0.15960764553811815, 0.4580254084836325, 0.4515754566801822, 0.4087252477183938, 0.40657938003435834, 0.4096214451516668]
2025-11-25 20:20:22 - fedex - INFO - loss data:
2025-11-25 20:20:22 - fedex - INFO - [0.44914546329528093, 0.31680006264342053, 0.18951190663078293, 0.763042617860871, 0.5361116616676251, 0.45650084214285014, 1.716514507446184, 0.2976616214727983, 0.2506220276618019, 0.7628807658019165, 0.8652721866965294, 0.47128979753081995, 0.7896492566913367, 0.6594049908220768, 0.6021504919562075, 1.7291190286322187, 1.3282168477773666, 0.8640038222074509, 0.13177045755031885, 0.4182107330469245, 0.19739520877853714, 0.9384981886250898, 1.055980498696127, 0.5495398342609406, 0.5032887073854605, 0.6640574790537357, 0.1743485023716251, 1.2819834277033806, 0.14567332536292574, 1.1728606674403028, 1.2285498057802517, 0.41025113393940654, 0.3172268734948981, 0.9163195236818865, 0.1510376959633449, 0.5490221417353799, 0.12683975139322382, 0.9718261820574602, 1.5522474319053192, 0.28024434990560015, 0.6999017866328359, 0.508519908413291, 0.29559375759863266, 0.6056924169533886, 0.5342563109265434, 0.3924747869372368, 0.11304459472585499, 1.0744280630877863, 0.29199877409652497, 0.7874030132661574, 0.10327366428365084, 1.4279062473995674, 1.528752469871754, 0.12070348303532229, 0.4343872680846188, 0.3495368745177984, 0.4516140688210726, 0.7261777135233085, 0.2567965064547025, 0.47083731756235164, 0.3301644433444987, 0.7348503429597865, 0.7365932688117027, 0.43706852735744584, 0.2745413126496274, 0.31010924400761725, 0.8071243428159505, 0.3308644924028259, 1.161924945594122, 0.8160150336722533, 0.39840663265850806, 0.39137053162946056, 0.9859528141096234, 0.48145113745704293, 0.28480661776654115, 0.5513574896535526, 0.8917334428522736, 0.1829230981736651, 0.22912980220280588, 0.1612887905134509, 0.9586827454622835, 0.6997750028967857, 0.5393211811276463, 0.8509314245730669, 1.3768859220106, 1.147248948714696, 0.30850703694805914, 0.4759605824119515, 0.24945239486793677, 0.7225295572231213, 0.25301496911755145, 0.10054161965381354, 1.2640795773826539, 0.9080728935595188, 0.42483025034889577, 0.1906117693083202, 0.8741196539252997, 1.1588814000133425, 0.3530855016356024, 0.35006039495476415, 1.044623843044974, 1.0606493093073368, 0.9952655936813244, 0.20019553729798645, 0.1499960367800668, 0.06004844954463118, 1.668807579080264, 0.3554720355663449, 0.8678254629485309, 0.3438573545621087, 0.9869912409999718, 0.6563200854773944, 1.6636317929175373, 0.6482103218634923, 1.442079880571162, 0.30801689688944156, 0.535400396368156, 0.32553740608273074, 0.4517830886800463, 0.5655974230418602, 0.28577154517794645, 0.498919871263206, 0.6045255506876857, 0.2606760564725846, 0.838410166837275, 0.43740467569832525, 0.929191927749586, 0.3062692761628164, 0.19074112639646046, 0.15003700965058264, 0.8930516258503, 0.27028522171700997, 0.2718179265813281, 0.11796879707835614, 0.34649259104238206, 0.8604071853397828, 0.4902631352345148, 0.4393674085537592, 0.353662721067667, 0.3158717043697834, 0.43703551714619, 0.8081486262381077, 0.2843126012581504, 0.669043064614137, 0.3783364308377107, 0.4696591258462932, 0.43928294918603367, 0.4025387281241516, 0.26921027613182863, 0.052548888687813426, 0.2944914690684527, 0.95241727506121, 0.8781959381575385, 0.7386076564590136, 0.1770325707504526, 1.1323725999449379, 0.18160103823498097, 0.18539913210164136, 0.7677118227066886, 0.2965759624688265, 0.7618583629373461, 0.7374680150638927, 0.29662711899727584, 0.4673416369335933, 0.30248657766626114, 0.1481761145948743, 0.08392684465118994, 1.7114862360370655, 0.7674368197408815, 0.960458979010582, 0.19455080699279076, 0.2925320093675206, 0.9594358348743602, 0.5620403836998675, 1.5825611799955368, 0.31877026401343755, 0.3248411648803287, 0.6281590493188964, 0.46893034533343536, 0.2885161001235247, 0.5474866137839853, 0.21084511866793038, 0.17367147266243893, 0.21395063488744198, 0.27524912160482595, 0.3445811443341275, 0.12319346972896407, 0.42181220251384527, 1.194567620754242, 0.8122403802893435, 0.9130039364099503, 0.560819308583935, 1.093582381804784, 0.4022065233439207, 0.9332298334687948, 0.806826145046701, 0.8119341191059599, 0.4239081976314386, 0.23841208011532822, 0.866781510412693]
2025-12-18 09:46:00 - fedex - INFO - loss data:
2025-12-18 09:46:00 - fedex - INFO - [0.5217492457479238, 0.9412700727581977, 0.9312267986436684, 1.3706725649535656, 1.1967591430681448, 0.9970810908824205, 0.9579355997654299, 0.9683449432253838, 0.4284808699041605, 2.3418493856986364, 1.2280048581771552, 0.179117914987728, 0.19605881441384554, 1.8864529280224815, 1.3353860095143317, 0.4449148046473662, 1.1363243289291858, 1.033867613505572, 0.5274497780948877, 1.3497321690743167, 1.1356885373592376, 0.6286876043304801, 0.646302274428308, 0.6062397554516792, 0.5711492692430814, 0.5899891485925765, 0.8623337008059024, 0.6774888296145946, 0.4980818316340447, 0.46895175203680994, 0.32662600235392647, 0.5907597194115322, 0.26620075611087185, 0.4999621324706823, 1.2911731065018102, 0.23151581382844597, 0.4208469342440367, 0.44577383548021315, 0.32729051078204063, 0.6047293432056904, 0.2778105887817219, 0.12806099827575962, 0.5187335163354874, 0.4029804993420839, 0.3178934982046485, 0.23524348558858038, 0.8664906531572342, 0.327160335239023, 0.5708874245950332, 0.19283531920518726, 0.25208579356161254, 0.4147402297705412, 0.3973940160125494, 0.6729100802913308, 0.4110492906377961, 0.4513607114553452, 0.45436311522498724, 0.5382641824893654, 0.3929958632681519, 0.24911521221511065, 0.1673654405749403, 1.2472502682358027, 0.3409807877615094, 0.3053381185978651, 0.41201678812503817, 0.5742726037278771, 0.3314562930725515, 0.3595850709360093, 0.4568727405741811, 0.3190836114808917, 0.37422686386853454, 0.4129455459614595, 0.30077964051160966, 0.6442670168975989, 0.37097298093140124, 0.5062811153009534, 0.15177433168282733, 0.5327379791298881, 0.9850426320917904, 0.3935617066919803, 0.4405984852463007, 0.1309689373942092, 0.2503534123922388, 0.5734155528713017, 0.7414381001144648, 0.23247301314647, 0.1770092566497624, 0.8049107441833864, 0.7392600322607905, 0.5782630584202707, 0.42421564310789106, 0.6987946240231395, 0.2332548481412232, 0.1115488907167067, 0.2292656651698053, 0.40817602239549156, 0.4600196689367294, 0.5991031027399003, 0.8318521909726163, 0.6458794665833314, 0.27106111620863277, 0.3341925671324134, 0.5978540709863107, 0.5201199799776077, 0.2653968455269933, 0.32906786669045685, 0.45293125323951244, 0.3022494944743812, 0.31893205344676967, 0.4491584567974011, 0.3015093088150025, 0.07810891928966157, 0.7481386737432331, 0.3274705033749342, 0.7062691351398825, 0.7067615480627865, 0.34689417127519845, 0.43718277998268606, 0.3690455961972475, 0.5373578798025846, 0.45387113275937735, 0.45860054418444635, 0.3693798132240772, 0.3725505692884326, 0.2401419330077867, 0.13378353673033416, 0.6828524671494961, 0.4973621848970652, 0.4513340495526791, 0.33875208497047427, 0.2673135281850894, 1.0682011148892343, 0.3243242297321558, 0.6532408929119508, 0.40307473189507925, 0.3693287745118141, 0.6502011924050748, 0.6242621739705404, 0.25786527432501316, 0.5396193820983172, 0.45134370028972626, 0.42376154102385044, 0.32743330001831056, 0.6868575310334564, 0.6455573907122016, 0.729666925757192, 0.7048654846847058, 0.42510800193995235, 0.4451018773019314, 0.3412836525589228, 0.2119484692811966, 0.5421490938402712, 0.26811683885753157, 0.3255720247824987, 0.31951184570789337, 0.4085967860495051, 0.2936163484118879, 0.4621483452618122, 0.42747064990301925, 0.4051214702427387, 0.327027602866292, 0.43419954627752305, 0.39740176871418953, 0.3574890661984682, 0.32273952184865873, 0.5637843023985625, 0.29187897881492975, 0.3949436911692222, 0.4316893368959427, 0.3361836099997163, 0.261835809238255, 0.3936387985944748, 0.48670450784265995, 0.44568742588162424, 0.44826306477189065, 0.361981100961566, 0.4156323917210102, 0.3982085235416889, 0.363140881806612, 0.28088954761624335, 0.46051832363009454, 0.7094305172562599, 0.5328306034207344, 0.51870720560352, 0.34556905515491965, 0.47601874768733976, 0.3888344055041671, 0.4622278317809105, 0.3874056535462538, 0.4038530245423317, 0.351795074592034, 0.42437334271768734, 0.36293727811425924, 0.3385193407535553, 0.3111266862601042, 0.264651644974947, 0.36188512332737444, 0.5093712233006954, 0.2776032708585262, 0.3511425116099417]
2025-12-18 10:16:03 - fedex - INFO - loss data:
2025-12-18 10:16:03 - fedex - INFO - [0.44401811831630766, 0.533859733119607, 0.45378759503364563, 0.48854897362180055, 0.44781909013270504, 0.2320370233122958, 0.48260250214370903, 0.26732880210537197, 0.6767230555415154, 0.5123163118958474, 0.5819095518440008, 0.5243983846157789, 0.3930706024169922, 0.8360895427846118, 0.35858633198908396, 0.12283609139994951, 0.5869036138057708, 1.3732651754980907, 0.6315332122147084, 0.5007575804367661, 0.2972627684473992, 0.07568513242796245, 0.5804464519023895, 0.6481247916817665, 0.664237264962867, 0.5220293387770653, 0.38147389274090526, 0.056835361929188366, 0.5209358481690287, 0.30823959155629077, 0.23414171161518121, 0.44314536377787594, 0.2758134357631207, 0.566778257333984, 0.32673439048230646, 0.5037316981858263, 0.2783080277343591, 0.2664819064705322, 0.30895767975598576, 0.4339810639619827, 0.5494819939369335, 0.4888922363519669, 0.2505956105538644, 0.4441419895738363, 0.21650063933893327, 0.11153367619699567, 0.9508311944082379, 0.4130634102970362, 0.3121203997534596, 0.4503387079703518, 0.06706676165461735, 0.01914617260141919, 0.35304094212395803, 0.41705218367278574, 0.3259128665285451, 0.19455478322405334, 0.5094456538558007, 0.4612184204161167, 0.4556579515337944, 0.6600995444459841, 0.4823317096685059, 0.6625374359544366, 0.12547961894306353, 0.562121501910345, 0.274238930908697, 0.13807951284882924, 0.13464507699079278, 0.20356543820016668, 0.4583029944449663, 0.41646368913352494, 0.34474442242127323, 0.1282900397782214, 0.17092649745089666, 0.29356880181003364, 0.2428443193435669, 0.2668998156572343, 0.028720033224090002, 0.636289788770955, 0.4584914490580559, 0.3838377626612782, 0.2060100564067917, 0.16528798244783371, 0.13919330869684926, 0.17768047287439306, 0.5166869316250086, 0.4636741273105145, 0.3538721498981532, 0.5045924197882414, 0.43703525450546293, 0.3950853465952807, 0.5365671179774735, 0.42009032256901263, 0.3073165096342564, 0.2820198595523834, 0.17733494425192475, 0.3852102559059858, 0.3011258887359872, 0.19592313441680745, 0.28775617514846896, 0.3128655655309558, 0.11524483649215352, 0.44514742791652684, 0.8464577136212028, 0.40930371060967446, 0.3547006415203214, 0.10518591078220024, 0.39002486802637576, 0.39817279353737833, 0.051548990679697856, 0.6810625810176134, 0.43331258492544295, 0.37775465049780904, 0.12267363204155118, 0.33635968193411825, 0.21090431177160807, 0.5388682376593351, 0.3396497746663434, 0.20650027943775057, 0.12754233381045715, 0.3123688315972686, 0.27551792880985887, 0.25664039291441443, 0.3565656553953886, 0.22261347752064467, 0.29868566133081914, 0.4239489516340352, 0.44652266465127466, 0.4084611816331744, 0.36612592078745365, 0.11369597800962983, 0.3879173643887043, 0.31383345304057003, 0.5327079222537577, 0.3193364749196917, 0.4802438847720623, 0.43540915083140136, 0.1161060328854041, 0.5890980113297701, 0.2922043210516373, 0.372018255878772, 0.27853370097776253, 0.4973764706403017, 0.3498946238309145, 0.2690876103937626, 0.29254980352707205, 0.3730443138629198, 0.4816738344728947, 0.1810318856500089, 0.2858503464402424, 0.453864124789834, 0.33272067131474614, 0.4246683167293668, 0.3284125078469515, 0.18552798950113356, 0.2702384340576828, 0.32094187941402197, 0.4247413241614898, 0.7579851572867483, 0.0627745051021015, 0.36987247634679077, 0.7274654677603394, 0.2951843973249197, 0.2623547973111272, 0.24605465922504666, 0.14747979675552675, 0.18555686706677077, 0.6768114084377885, 0.29007371664047243, 0.21393236054314507, 0.5097530327737332, 0.13035501884296535, 0.12381055305105826, 0.4118445033207536, 0.4852938432246447, 0.4317691411823034, 0.1422573761748416, 0.35211438974365594, 0.1456686132070091, 0.06531959752384056, 0.7952755070808861, 0.3687083289027214, 0.700070166029036, 0.3387489587068558, 0.07804143717512488, 0.4954949028789997, 0.10704394924410043, 0.11738273911178113, 0.6317722819745542, 0.06602825251563141, 0.18376068901270629, 0.9495482373982668, 0.9719150882214308, 0.21581007270142435, 0.22152120163664224, 0.12417159354432471, 0.43981201406568293, 0.4424507930874825, 0.37609272785484793, 0.341198505461216, 0.40244527980685235]
2025-12-18 10:39:03 - fedex - INFO - loss data:
2025-12-18 10:39:03 - fedex - INFO - [0.45827353186905384, 0.3391103037736482, 0.18558233217336237, 0.7373544458067045, 0.5474928924813867, 0.4499452956020832, 1.836862093070522, 0.29970022218767556, 0.2888006317429245, 0.8118156598880887, 0.7974288314580917, 0.5293819118912022, 0.8193614661693573, 0.6048832327127457, 0.5947207368910312, 1.9499733149074019, 1.2486594021320343, 0.7145864143967628, 0.21901389076374472, 0.3792090845449517, 0.19352186197001073, 0.9621037980541587, 1.485554833500646, 0.5364079729964335, 0.4911070903142294, 0.6930125400424003, 0.2412348447716795, 1.2761166530350845, 0.12375351637601852, 0.9575046440586448, 0.9180141550799211, 0.4138482344802469, 0.3378684777067974, 0.6176434725872241, 0.6174103608354926, 0.7610540491994471, 0.11492621193174274, 0.833597548554341, 1.4812598913209514, 0.2558191034891125, 0.7688111577183008, 0.4153193049132824, 0.3520301459822804, 0.5978081644978375, 0.4689009044319391, 0.4411268293857574, 0.16845897510647773, 0.7248374745016918, 0.25119655356393195, 0.6195558726787567, 0.12702892173547298, 1.1733844315283932, 1.419226285352488, 0.1385834272019565, 0.3925024450290948, 0.3177449457347393, 0.30268396980439627, 0.6854555656512578, 0.7068653797730804, 0.6134180339674156, 0.35159277012571694, 0.5000958610093221, 0.41447029262781143, 0.41224056035280227, 0.30203474175650624, 0.2886910870671272, 0.6089148316532373, 0.40197278866544367, 1.2183514951495453, 0.7493453746040662, 0.44736188650131226, 0.3618150209154313, 0.8829051094362512, 0.43689988157711923, 0.3256552670383826, 0.43388378384988757, 0.8751680199056864, 0.14513315926758674, 0.18910328787751496, 0.17861673422157764, 0.8362298272550106, 0.5534603521227837, 0.4826599140651524, 1.013398721490133, 1.4396251933532767, 0.6864792318083346, 0.3040854605173485, 0.411553955078125, 0.2382900603794648, 0.5887084915820096, 0.21657636330152552, 0.06892429376603104, 1.68129141042009, 0.9045261643826962, 0.45487261693924663, 0.21632025243479802, 0.5322954189032316, 1.0985804648662452, 0.46943247064482424, 0.3956474569626152, 0.9254537139786407, 0.960306229442358, 1.0171647813792029, 0.18029234011191875, 0.14264761252561584, 0.06891665161238052, 1.3670156250397365, 0.38108101123943927, 0.6804414011538029, 0.2995451679065203, 0.888250137027353, 0.5798468951834366, 1.6704176659462973, 0.47429704169432324, 1.118593437736854, 0.3101497621016784, 0.4262607012254496, 0.40680332500487565, 0.4778259518556297, 0.4537230934947729, 0.35721155945211647, 0.4255193836055696, 0.533978474015991, 0.25514543484896424, 0.9075842937920242, 0.43791235169628634, 0.8412488194182515, 0.26908262767311597, 0.30445100475117215, 0.120675025608701, 0.7453682143241167, 0.36947164675220845, 0.290089325979352, 0.1324814796622377, 0.32452011511971557, 0.732449734956026, 0.44896264001727104, 0.4161757342517376, 0.27656750194728374, 0.2711758905400833, 0.35585302856957746, 0.9586092680692673, 0.3151006931439042, 0.5351143799722194, 0.38321867138147353, 0.30964811508440304, 0.4165080614387989, 0.3296366241605332, 0.30041852705180644, 0.11523217870853841, 0.26757857482880354, 1.098644143342972, 0.5445965122431518, 0.6561873946338892, 0.20003680251538752, 0.7531396190325419, 0.12672600695966846, 0.17075923201045953, 0.7295263178646565, 0.24041327671147883, 0.7650156467221677, 0.6170919019263238, 0.23939949357882143, 0.4174869219772518, 0.2893241866388255, 0.17431347547098994, 0.09528586203232407, 1.244062565267086, 0.8064504344016314, 1.1179526299238205, 0.15039756235718313, 0.29184119310230017, 0.6628025713842363, 0.48877625875175, 1.3487722128629684, 0.25721539178242286, 0.2895426562883788, 0.7455287352204323, 0.5329508893191814, 0.2092900672927499, 0.506643739901483, 0.27075770646333697, 0.14643136872909962, 0.2667837092652917, 0.19571572719141841, 0.276581846550107, 0.15148444371297956, 0.3473294082097709, 0.826228566467762, 0.6305175508993367, 0.6922478824853897, 0.515238492935896, 0.7743601581702629, 0.33549059430758155, 0.7553774202242494, 0.6846153295598925, 0.6819880657829345, 0.37122117914259434, 0.2606949830427766, 0.6731481291353703]
2025-12-20 00:22:49 - fedex - INFO - loss data:
2025-12-20 00:22:49 - fedex - INFO - [0.5359156973659993, 0.9955165669322014, 0.9519379617025454, 1.3574344931791227, 1.2290700854112704, 1.2152173429727555, 0.7745583141222596, 0.996485442109406, 0.42893498130142693, 2.107376530417241, 1.2273793215863407, 0.22721456550061703, 0.2301225725871821, 1.7103156891651452, 1.275186675786972, 0.4831073857843876, 1.135819753073156, 1.1685421381611376, 0.6811011582612991, 1.3883062907494605, 1.2645045548677445, 0.716115040704608, 0.6132329693064094, 0.5870271988213063, 0.6116296262790759, 0.6141716958023609, 0.9435139700770379, 0.6751063401810825, 0.5317594602704048, 0.5656908050179481, 0.3815525980045398, 0.7006806097924709, 0.2504298779492577, 0.612092731334269, 1.337220157450065, 0.23717018767492848, 0.43849246241152284, 0.4837308868765831, 0.35208664229139686, 0.6812776252627373, 0.29472300368361176, 0.12371878093690611, 0.5167756285518408, 0.43263680785894393, 0.40169238913804295, 0.24848023975112787, 0.835418850928545, 0.3291575608542189, 0.5314776398551961, 0.20480243783677, 0.34088777511691054, 0.4264720115810633, 0.46501377150416373, 0.6862086883435646, 0.38752689647177857, 0.48208880629390477, 0.5376506488304585, 0.5748635256662965, 0.4105987017819037, 0.2748807633916537, 0.18576616011559965, 1.2179249245673418, 0.3427553502842784, 0.3251250639557839, 0.4333673559129238, 0.6385070949792861, 0.4169928519520909, 0.4405803463421762, 0.45342644304037094, 0.36119206631556156, 0.4771990505978465, 0.44013388454914093, 0.31304871833417564, 0.7152391340583563, 0.4090917762679358, 0.4997417962178588, 0.1586003683740273, 0.5532957865158096, 1.148325465541954, 0.40070093087852, 0.5154711803421378, 0.1408270277470971, 0.3370983510588606, 0.5878103242488578, 0.8869999768212438, 0.24495239392854273, 0.19428748314579328, 0.7514962684984008, 0.8654822263168171, 0.5904360244050622, 0.4618321850895881, 0.6833641827106476, 0.23455682694911956, 0.14978464829036967, 0.2524718782864511, 0.4521079402416945, 0.3973819434642792, 0.6547489371150732, 0.7664255376284321, 0.5978402229646842, 0.3438782555361589, 0.35917376168072224, 0.6633045181632042, 0.5526833608746529, 0.26099469792097807, 0.37488741278648374, 0.46513855718076225, 0.3614458777010441, 0.37633059583604334, 0.576515095308423, 0.34342589527368544, 0.07728025506949052, 0.7803917983896098, 0.3495735120028257, 0.7051891587674618, 0.8382500498555601, 0.3674404053017497, 0.3978228498250246, 0.40437201634049413, 0.5643581654876471, 0.51743986569345, 0.5225566823035479, 0.399301341176033, 0.41333575546741486, 0.3314767675474286, 0.1499445160385221, 0.7894313044846057, 0.6148750089108944, 0.46408013589680197, 0.335137756774202, 0.3961663866260399, 1.0630706439027562, 0.3811887063086033, 0.7510009760657945, 0.4751547953734795, 0.4202151492238045, 0.6695224840814868, 0.618772658209006, 0.3005345731973648, 0.5632009744644165, 0.5539178693046172, 0.4526107713580132, 0.39252433069050313, 0.6324378136545419, 0.6078239175491035, 0.7187005020678043, 0.7938980326056481, 0.5253643799573183, 0.44565832056105137, 0.3366127163171768, 0.259664823487401, 0.6529777651652693, 0.27072039935737846, 0.348128464880089, 0.46107138879597187, 0.4640748348707954, 0.3858947906643152, 0.4090088326483965, 0.4736144784837961, 0.45642409771680836, 0.3722637206315994, 0.4347476549446583, 0.4636746781567732, 0.3973534107208252, 0.3501120681564013, 0.5501403369009494, 0.3152398647740483, 0.40847332558284205, 0.49111656472086906, 0.3480339969818791, 0.2999211922287941, 0.4454048700630665, 0.5087035366644461, 0.4541994325816631, 0.5011726800352335, 0.40566005520522597, 0.4888754300773144, 0.44679475389420986, 0.42839775532484053, 0.30758004399637384, 0.4839688502252102, 0.6593065902590751, 0.5539333146065474, 0.5320327299336592, 0.37612464353442193, 0.4970783988013864, 0.4527679396793246, 0.5033302437514067, 0.45244209195176754, 0.4392897967249155, 0.38621194859345753, 0.48847393145163853, 0.3802948873490095, 0.3783893994987011, 0.37347577437758445, 0.34113146451612314, 0.38757724612951283, 0.5549942843616009, 0.32868920949598157, 0.376450976356864]
2025-12-20 01:50:47 - fedex - INFO - loss data:
2025-12-20 01:50:47 - fedex - INFO - [0.4651283612474799, 0.5465031005442142, 0.44056917130947115, 0.5064942945260554, 0.4000058193277154, 0.22973353408742697, 0.5153783013694919, 0.30462938062624917, 0.7288364175707102, 0.5216664116829633, 0.624767416715622, 0.6035210315138102, 0.43275021091103555, 0.7495274455985055, 0.3981059953038182, 0.13346055073780008, 0.7017670542001724, 1.2114634443074466, 0.6831613041460514, 0.554710522852838, 0.331203593313694, 0.08117103197663608, 0.7039821866899729, 0.6631631928961724, 0.7562511838972569, 0.5267406560480594, 0.4278802633285522, 0.040876519537414426, 0.5551500849425792, 0.3015955876559019, 0.2425240699874444, 0.47664633840322496, 0.3321951307356358, 0.5772332159491876, 0.3762146644294262, 0.4477020853664726, 0.2967153017719587, 0.280896460182137, 0.3331741191446781, 0.4408594608306885, 0.5751157659105957, 0.5381682828068732, 0.2637595097767189, 0.5085086066275835, 0.24332197196781635, 0.11454912226181477, 1.0140207258984446, 0.438555383309722, 0.3353449745879819, 0.47979715396650136, 0.060493392228252355, 0.023820024445982805, 0.40558444575539654, 0.4603865172713995, 0.36882775894233155, 0.24085425623759096, 0.5119536027312279, 0.5032831344753503, 0.47041815631091594, 0.7004523136420175, 0.4675074114464223, 0.6257506492547691, 0.13651721832866315, 0.5544517426557528, 0.30115806263472356, 0.17670242405988068, 0.1632212361994399, 0.22718066359957448, 0.48155598230659963, 0.44627994745969773, 0.3721197016019788, 0.14953949770683217, 0.2498091765280281, 0.28618573275161907, 0.2875821290271623, 0.2743184465216473, 0.022475488019699695, 0.7293710180325433, 0.4678138043731451, 0.4588433141820133, 0.2526609779202512, 0.20619498013734952, 0.1770730438693944, 0.22029635538347064, 0.5762924382463097, 0.5027500718832016, 0.35646912910872036, 0.5052065648138523, 0.424709227704443, 0.4000617760544022, 0.5143245767129379, 0.47929935418069364, 0.3645876869559288, 0.3428319416940212, 0.20859645409509542, 0.3937051270157099, 0.3538580507971346, 0.21817726225126532, 0.306985314299042, 0.3568238504230976, 0.12830951986834407, 0.48961125761270524, 0.8936918514082208, 0.4665572702884674, 0.39663449274376034, 0.1296014164441398, 0.41998036466538907, 0.42586839087307454, 0.06456073078960697, 0.6656804967671632, 0.45730075649917123, 0.4164859468117357, 0.13267676696414127, 0.35379745047539474, 0.23414977443301016, 0.5790962548926473, 0.4010068904608488, 0.27048182622529565, 0.23819106364888804, 0.30697051174938683, 0.3110532213933766, 0.28726208582520485, 0.4098191734403372, 0.23880383111536502, 0.3212194062769413, 0.46970185810286136, 0.48326541930437084, 0.42260723020881413, 0.42765703909099106, 0.1568818122614175, 0.4358979869633913, 0.3410249407403171, 0.6412907362682745, 0.3994916254654527, 0.5830283507704734, 0.5254903379827738, 0.16112292992571992, 0.5793578021228314, 0.3125686916626162, 0.3982545662139143, 0.31572424607972305, 0.5007435789331793, 0.3737334445118904, 0.2823447773233056, 0.3270878163062864, 0.4051647506654263, 0.4989640790969133, 0.2188954006880522, 0.31997347234023943, 0.50267219748348, 0.3738557105883956, 0.47819277165191515, 0.35302430875599383, 0.2167698720470071, 0.331813158839941, 0.3763857524842024, 0.432023620688253, 0.7253812239505351, 0.08253210377814765, 0.40058798724785444, 0.8736869767308235, 0.29812688026577233, 0.27363173440098765, 0.27244392670691014, 0.20628560251955474, 0.23078439040109516, 0.797617606818676, 0.3120897375047207, 0.24476276168392763, 0.6132545160129667, 0.1585522210225463, 0.1617753381826102, 0.42740774154663086, 0.50301712192595, 0.4423679359257221, 0.19862023049167224, 0.3882760226726532, 0.16223209030512306, 0.09334237178684109, 0.7973179581264654, 0.36922594644129275, 0.766731283813715, 0.3493270318955183, 0.09768029069527984, 0.5906906139105559, 0.14275756307567158, 0.12901321481913328, 0.649115151911974, 0.08437975082132551, 0.22977899238467217, 0.9975496407598257, 1.0759824238717557, 0.25609618006274104, 0.24237000434659423, 0.15603886766447908, 0.4928445976227522, 0.46763986386358736, 0.4359251283109188, 0.4221395591273904, 0.4341829255223274]
2025-12-20 03:15:09 - fedex - INFO - loss data:
2025-12-20 03:15:09 - fedex - INFO - [0.44914546329528093, 0.3605496600063311, 0.17905078516341746, 0.8401657288894058, 0.6289878634735941, 0.450067450478673, 2.0173872970510276, 0.31200301833450794, 0.272821364707003, 0.9692508447915316, 1.1544949486851692, 0.5212565918142598, 0.8347092568874359, 0.7119216963648796, 0.7843359887599946, 1.704172348137945, 1.3129242807626724, 1.0176916643977165, 0.20462216571904718, 0.48605368047331765, 0.27002431264457605, 1.1696382598020136, 2.1632264411775397, 1.1362476547559104, 0.5390878572232194, 0.7024905182421207, 0.26687048966996374, 1.6289556125799816, 0.13981388513930143, 0.9858601831132546, 1.1020257274309795, 0.4688422055914998, 0.3727204701397568, 1.0136647620471193, 0.622056077211164, 0.7691968830612799, 0.1420206650160253, 1.0756450079381465, 1.4531286300625652, 0.2920819894100229, 0.7562823086977005, 0.4873386900871992, 0.392639266513288, 0.664085396612063, 0.4640785906463861, 0.5295369930565357, 0.21646344352047892, 0.6419172178255393, 0.2782068981206976, 0.6752362858969718, 0.14749509207904338, 1.112722213449888, 1.570681068924023, 0.14733933461830018, 0.42516933174596894, 0.3838492942042649, 0.47575644295041764, 0.745440224185586, 0.7137800295371561, 0.493481795458744, 0.4121556546539068, 0.6140291990712285, 0.516116838902235, 0.428004028275609, 0.3289543823339045, 0.3687371414154768, 0.6569220960140228, 0.3933150844182819, 1.2633243486750871, 0.8547671027481556, 0.4359967965218756, 0.4489033821815004, 0.7996614946750924, 0.5210043424740434, 0.3643534993752837, 0.4966034985613078, 0.9499469952657819, 0.15327993547802585, 0.216876401391346, 0.209533170145005, 0.8525178236886859, 0.6982358455657959, 0.515317975729704, 1.0393819472985342, 1.523173105251044, 0.7457668546587228, 0.2867937867219249, 0.46408501714468, 0.28566196175913017, 0.7627000969110264, 0.27133622331699975, 0.0881914921104908, 1.5725160960108042, 0.9491607837378979, 0.4863602813333273, 0.2142272003860853, 0.6165286116302013, 1.045934658497572, 0.5996725942124613, 0.48074579685926433, 0.9870123395463452, 1.0379589766263961, 1.0078513578822217, 0.21659060730598867, 0.1693362571299076, 0.07932697007199749, 1.4374005285402138, 0.4404751729220152, 0.7460473772138357, 0.37867243397825706, 1.0489185961894691, 0.7170348634244874, 1.5517868251423352, 0.564166933298111, 1.1789318695897237, 0.3069139445407523, 0.5473102796822786, 0.4192803895100951, 0.5455052709206939, 0.4008889583249887, 0.4107053942978382, 0.49172264114022257, 0.587354434778293, 0.25873068808577954, 0.8621643924620003, 0.4744009008980356, 0.9718903091270477, 0.3060006876217408, 0.1883995955431601, 0.1662821410741243, 0.8419687960607309, 0.4814151458442211, 0.2978907639160752, 0.14812395155895502, 0.3576465046886975, 0.7528625689446926, 0.5181703746318818, 0.469985856115818, 0.3436784282326698, 0.2933442282179991, 0.4453239166695211, 0.8205585367977619, 0.3663387617096305, 0.5404588982462883, 0.42389309853315355, 0.3767163395467732, 0.5290831685066223, 0.4059870382770896, 0.31028700768947604, 0.12707354612648486, 0.29260140350088476, 1.281083171069622, 0.5619888465851546, 0.7023897759616375, 0.22145610181614755, 0.8124170733305315, 0.18005911296414626, 0.19822024874738417, 0.7751847900450229, 0.3229097679257393, 0.7698224945925176, 0.7468328361399472, 0.31606446719831893, 0.47295013116672635, 0.32089987495500183, 0.2162347117904574, 0.11136878137476743, 1.4010171682263415, 0.8469541776925325, 1.251897320151329, 0.16985749999164707, 0.2887836535461247, 0.7567700697109103, 0.5425296694040298, 1.489466816186905, 0.3236130251549184, 0.33876526107390725, 0.8095841839909553, 0.5772539442405105, 0.219018791615963, 0.5956849198788404, 0.24028411093167962, 0.2226410978473723, 0.2804172245785594, 0.269954002276063, 0.3534853607416153, 0.16802166402339935, 0.39199199276044966, 0.9274951443076134, 0.6653766095793495, 0.8657321184873581, 0.5586687326431274, 0.8443459918101629, 0.3918390261630217, 0.7678400689736009, 0.703649102896452, 0.7200389233650639, 0.41587635688483715, 0.2816082417964935, 0.8034091368317604]
2025-12-22 06:34:32 - fedex - INFO - loss data:
2025-12-22 06:34:32 - fedex - INFO - [0.5217492457479238, 0.9412700727581977, 0.9312267986436684, 1.3706725649535656, 1.1967591430681448, 0.9970810908824205, 0.9579355997654299, 0.9683449432253838, 0.4284808699041605, 2.3418493856986364, 1.2280048581771552, 0.179117914987728, 0.19605881441384554, 1.8864529280224815, 1.3353860095143317, 0.4449148046473662, 1.1363243289291858, 1.033867613505572, 0.5274497780948877, 1.3497321690743167, 1.1356885373592376, 0.6286876043304801, 0.646302274428308, 0.6062397554516792, 0.5711492692430814, 0.5899891485925765, 0.8623337008059024, 0.6774888296145946, 0.4980818316340447, 0.46895175203680994, 0.32662600235392647, 0.5907597194115322, 0.26620075611087185, 0.4999621324706823, 1.2911731065018102, 0.23151581382844597, 0.4208469342440367, 0.44577383548021315, 0.32729051078204063, 0.6047293432056904, 0.2778105887817219, 0.12806099827575962, 0.5187335163354874, 0.4029804993420839, 0.3178934982046485, 0.23524348558858038, 0.8664906531572342, 0.327160335239023, 0.5708874245950332, 0.19283531920518726, 0.25208579356161254, 0.4147402297705412, 0.3973940160125494, 0.6729100802913308, 0.4110492906377961, 0.4513607114553452, 0.45436311522498724, 0.5382641824893654, 0.3929958632681519, 0.24911521221511065, 0.1673654405749403, 1.2472502682358027, 0.3409807877615094, 0.3053381185978651, 0.41201678812503817, 0.5742726037278771, 0.3314562930725515, 0.3595850709360093, 0.4568727405741811, 0.3190836114808917, 0.37422686386853454, 0.4129455459614595, 0.30077964051160966, 0.6442670168975989, 0.37097298093140124, 0.5062811153009534, 0.15177433168282733, 0.5327379791298881, 0.9850426320917904, 0.3935617066919803, 0.4405984852463007, 0.1309689373942092, 0.2503534123922388, 0.5734155528713017, 0.7414381001144648, 0.23247301314647, 0.1770092566497624, 0.8049107441833864, 0.7392600322607905, 0.5782630584202707, 0.42421564310789106, 0.6987946240231395, 0.2332548481412232, 0.1115488907167067, 0.2292656651698053, 0.40817602239549156, 0.4600196689367294, 0.5991031027399003, 0.8318521909726163, 0.6458794665833314, 0.27106111620863277, 0.3341925671324134, 0.5978540709863107, 0.5201199799776077, 0.2653968455269933, 0.32906786669045685, 0.45293125323951244, 0.3022494944743812, 0.31893205344676967, 0.4491584567974011, 0.3015093088150025, 0.07810891928966157, 0.7481386737432331, 0.3274705033749342, 0.7062691351398825, 0.7067615480627865, 0.34689417127519845, 0.43718277998268606, 0.3690455961972475, 0.5373578798025846, 0.45387113275937735, 0.45860054418444635, 0.3693798132240772, 0.3725505692884326, 0.2401419330077867, 0.13378353673033416, 0.6828524671494961, 0.4973621848970652, 0.4513340495526791, 0.33875208497047427, 0.2673135281850894, 1.0682011148892343, 0.3243242297321558, 0.6532408929119508, 0.40307473189507925, 0.3693287745118141, 0.6502011924050748, 0.6242621739705404, 0.25786527432501316, 0.5396193820983172, 0.45134370028972626, 0.42376154102385044, 0.32743330001831056, 0.6868575310334564, 0.6455573907122016, 0.729666925757192, 0.7048654846847058, 0.42510800193995235, 0.4451018773019314, 0.3412836525589228, 0.2119484692811966, 0.5421490938402712, 0.26811683885753157, 0.3255720247824987, 0.31951184570789337, 0.4085967860495051, 0.2936163484118879, 0.4621483452618122, 0.42747064990301925, 0.4051214702427387, 0.327027602866292, 0.43419954627752305, 0.39740176871418953, 0.3574890661984682, 0.32273952184865873, 0.5637843023985625, 0.29187897881492975, 0.3949436911692222, 0.4316893368959427, 0.3361836099997163, 0.261835809238255, 0.3936387985944748, 0.48670450784265995, 0.44568742588162424, 0.44826306477189065, 0.361981100961566, 0.4156323917210102, 0.3982085235416889, 0.363140881806612, 0.28088954761624335, 0.46051832363009454, 0.7094305172562599, 0.5328306034207344, 0.51870720560352, 0.34556905515491965, 0.47601874768733976, 0.3888344055041671, 0.4622278317809105, 0.3874056535462538, 0.4038530245423317, 0.351795074592034, 0.42437334271768734, 0.36293727811425924, 0.3385193407535553, 0.3111266862601042, 0.264651644974947, 0.36188512332737444, 0.5093712233006954, 0.2776032708585262, 0.3511425116099417]
2025-12-22 07:27:26 - fedex - INFO - loss data:
2025-12-22 07:27:26 - fedex - INFO - [0.44401811831630766, 0.533859733119607, 0.45378759503364563, 0.48854897362180055, 0.44781909013270504, 0.2320370233122958, 0.48260250214370903, 0.26732880210537197, 0.6767230555415154, 0.5123163118958474, 0.5819095518440008, 0.5243983846157789, 0.3930706024169922, 0.8360895427846118, 0.35858633198908396, 0.12283609139994951, 0.5869036138057708, 1.3732651754980907, 0.6315332122147084, 0.5007575804367661, 0.2972627684473992, 0.07568513242796245, 0.5804464519023895, 0.6481247916817665, 0.664237264962867, 0.5220293387770653, 0.38147389274090526, 0.056835361929188366, 0.5209358481690287, 0.30823959155629077, 0.23414171161518121, 0.44314536377787594, 0.2758134357631207, 0.566778257333984, 0.32673439048230646, 0.5037316981858263, 0.2783080277343591, 0.2664819064705322, 0.30895767975598576, 0.4339810639619827, 0.5494819939369335, 0.4888922363519669, 0.2505956105538644, 0.4441419895738363, 0.21650063933893327, 0.11153367619699567, 0.9508311944082379, 0.4130634102970362, 0.3121203997534596, 0.4503387079703518, 0.06706676165461735, 0.01914617260141919, 0.35304094212395803, 0.41705218367278574, 0.3259128665285451, 0.19455478322405334, 0.5094456538558007, 0.4612184204161167, 0.4556579515337944, 0.6600995444459841, 0.4823317096685059, 0.6625374359544366, 0.12547961894306353, 0.562121501910345, 0.274238930908697, 0.13807951284882924, 0.13464507699079278, 0.20356543820016668, 0.4583029944449663, 0.41646368913352494, 0.34474442242127323, 0.1282900397782214, 0.17092649745089666, 0.29356880181003364, 0.2428443193435669, 0.2668998156572343, 0.028720033224090002, 0.636289788770955, 0.4584914490580559, 0.3838377626612782, 0.2060100564067917, 0.16528798244783371, 0.13919330869684926, 0.17768047287439306, 0.5166869316250086, 0.4636741273105145, 0.3538721498981532, 0.5045924197882414, 0.43703525450546293, 0.3950853465952807, 0.5365671179774735, 0.42009032256901263, 0.3073165096342564, 0.2820198595523834, 0.17733494425192475, 0.3852102559059858, 0.3011258887359872, 0.19592313441680745, 0.28775617514846896, 0.3128655655309558, 0.11524483649215352, 0.44514742791652684, 0.8464577136212028, 0.40930371060967446, 0.3547006415203214, 0.10518591078220024, 0.39002486802637576, 0.39817279353737833, 0.051548990679697856, 0.6810625810176134, 0.43331258492544295, 0.37775465049780904, 0.12267363204155118, 0.33635968193411825, 0.21090431177160807, 0.5388682376593351, 0.3396497746663434, 0.20650027943775057, 0.12754233381045715, 0.3123688315972686, 0.27551792880985887, 0.25664039291441443, 0.3565656553953886, 0.22261347752064467, 0.29868566133081914, 0.4239489516340352, 0.44652266465127466, 0.4084611816331744, 0.36612592078745365, 0.11369597800962983, 0.3879173643887043, 0.31383345304057003, 0.5327079222537577, 0.3193364749196917, 0.4802438847720623, 0.43540915083140136, 0.1161060328854041, 0.5890980113297701, 0.2922043210516373, 0.372018255878772, 0.27853370097776253, 0.4973764706403017, 0.3498946238309145, 0.2690876103937626, 0.29254980352707205, 0.3730443138629198, 0.4816738344728947, 0.1810318856500089, 0.2858503464402424, 0.453864124789834, 0.33272067131474614, 0.4246683167293668, 0.3284125078469515, 0.18552798950113356, 0.2702384340576828, 0.32094187941402197, 0.4247413241614898, 0.7579851572867483, 0.0627745051021015, 0.36987247634679077, 0.7274654677603394, 0.2951843973249197, 0.2623547973111272, 0.24605465922504666, 0.14747979675552675, 0.18555686706677077, 0.6768114084377885, 0.29007371664047243, 0.21393236054314507, 0.5097530327737332, 0.13035501884296535, 0.12381055305105826, 0.4118445033207536, 0.4852938432246447, 0.4317691411823034, 0.1422573761748416, 0.35211438974365594, 0.1456686132070091, 0.06531959752384056, 0.7952755070808861, 0.3687083289027214, 0.700070166029036, 0.3387489587068558, 0.07804143717512488, 0.4954949028789997, 0.10704394924410043, 0.11738273911178113, 0.6317722819745542, 0.06602825251563141, 0.18376068901270629, 0.9495482373982668, 0.9719150882214308, 0.21581007270142435, 0.22152120163664224, 0.12417159354432471, 0.43981201406568293, 0.4424507930874825, 0.37609272785484793, 0.341198505461216, 0.40244527980685235]
2025-12-22 07:59:33 - fedex - INFO - loss data:
2025-12-22 07:59:33 - fedex - INFO - [0.45827353186905384, 0.3391103037736482, 0.18558233217336237, 0.7373544458067045, 0.5474928924813867, 0.4499452956020832, 1.836862093070522, 0.29970022218767556, 0.2888006317429245, 0.8118156598880887, 0.7974288314580917, 0.5293819118912022, 0.8193614661693573, 0.6048832327127457, 0.5947207368910312, 1.9499733149074019, 1.2486594021320343, 0.7145864143967628, 0.21901389076374472, 0.3792090845449517, 0.19352186197001073, 0.9621037980541587, 1.485554833500646, 0.5364079729964335, 0.4911070903142294, 0.6930125400424003, 0.2412348447716795, 1.2761166530350845, 0.12375351637601852, 0.9575046440586448, 0.9180141550799211, 0.4138482344802469, 0.3378684777067974, 0.6176434725872241, 0.6174103608354926, 0.7610540491994471, 0.11492621193174274, 0.833597548554341, 1.4812598913209514, 0.2558191034891125, 0.7688111577183008, 0.4153193049132824, 0.3520301459822804, 0.5978081644978375, 0.4689009044319391, 0.4411268293857574, 0.16845897510647773, 0.7248374745016918, 0.25119655356393195, 0.6195558726787567, 0.12702892173547298, 1.1733844315283932, 1.419226285352488, 0.1385834272019565, 0.3925024450290948, 0.3177449457347393, 0.30268396980439627, 0.6854555656512578, 0.7068653797730804, 0.6134180339674156, 0.35159277012571694, 0.5000958610093221, 0.41447029262781143, 0.41224056035280227, 0.30203474175650624, 0.2886910870671272, 0.6089148316532373, 0.40197278866544367, 1.2183514951495453, 0.7493453746040662, 0.44736188650131226, 0.3618150209154313, 0.8829051094362512, 0.43689988157711923, 0.3256552670383826, 0.43388378384988757, 0.8751680199056864, 0.14513315926758674, 0.18910328787751496, 0.17861673422157764, 0.8362298272550106, 0.5534603521227837, 0.4826599140651524, 1.013398721490133, 1.4396251933532767, 0.6864792318083346, 0.3040854605173485, 0.411553955078125, 0.2382900603794648, 0.5887084915820096, 0.21657636330152552, 0.06892429376603104, 1.68129141042009, 0.9045261643826962, 0.45487261693924663, 0.21632025243479802, 0.5322954189032316, 1.0985804648662452, 0.46943247064482424, 0.3956474569626152, 0.9254537139786407, 0.960306229442358, 1.0171647813792029, 0.18029234011191875, 0.14264761252561584, 0.06891665161238052, 1.3670156250397365, 0.38108101123943927, 0.6804414011538029, 0.2995451679065203, 0.888250137027353, 0.5798468951834366, 1.6704176659462973, 0.47429704169432324, 1.118593437736854, 0.3101497621016784, 0.4262607012254496, 0.40680332500487565, 0.4778259518556297, 0.4537230934947729, 0.35721155945211647, 0.4255193836055696, 0.533978474015991, 0.25514543484896424, 0.9075842937920242, 0.43791235169628634, 0.8412488194182515, 0.26908262767311597, 0.30445100475117215, 0.120675025608701, 0.7453682143241167, 0.36947164675220845, 0.290089325979352, 0.1324814796622377, 0.32452011511971557, 0.732449734956026, 0.44896264001727104, 0.4161757342517376, 0.27656750194728374, 0.2711758905400833, 0.35585302856957746, 0.9586092680692673, 0.3151006931439042, 0.5351143799722194, 0.38321867138147353, 0.30964811508440304, 0.4165080614387989, 0.3296366241605332, 0.30041852705180644, 0.11523217870853841, 0.26757857482880354, 1.098644143342972, 0.5445965122431518, 0.6561873946338892, 0.20003680251538752, 0.7531396190325419, 0.12672600695966846, 0.17075923201045953, 0.7295263178646565, 0.24041327671147883, 0.7650156467221677, 0.6170919019263238, 0.23939949357882143, 0.4174869219772518, 0.2893241866388255, 0.17431347547098994, 0.09528586203232407, 1.244062565267086, 0.8064504344016314, 1.1179526299238205, 0.15039756235718313, 0.29184119310230017, 0.6628025713842363, 0.48877625875175, 1.3487722128629684, 0.25721539178242286, 0.2895426562883788, 0.7455287352204323, 0.5329508893191814, 0.2092900672927499, 0.506643739901483, 0.27075770646333697, 0.14643136872909962, 0.2667837092652917, 0.19571572719141841, 0.276581846550107, 0.15148444371297956, 0.3473294082097709, 0.826228566467762, 0.6305175508993367, 0.6922478824853897, 0.515238492935896, 0.7743601581702629, 0.33549059430758155, 0.7553774202242494, 0.6846153295598925, 0.6819880657829345, 0.37122117914259434, 0.2606949830427766, 0.6731481291353703]
