2025-11-05 14:17:28 - fedex - INFO - loss data:
2025-11-05 14:17:28 - fedex - INFO - [10.808131712675095, 0.38716269172728063, 0.18338985852897166, 0.18416678570210931, 0.1683503143489361, 0.1579595485702157, 0.15535557102411984, 0.15706436540931462, 0.15124939363449813, 0.1488401245325804, 0.14171725790947676, 0.15883841998875142, 0.14319301322102546, 0.14835867676883935, 0.14475324768573045, 0.13481788020581006, 0.1313279053196311, 0.1319529427215457, 0.1276603288948536, 0.128285151720047, 0.1257308816537261, 0.1164751185104251, 0.13804931659251451, 0.13435476552695036, 0.13389687947928908, 0.13332296703010799, 0.12532984875142575, 0.12449700739234686, 0.1225113334134221, 0.11819251887500286, 0.12414245354011655, 0.11298600472509861, 0.12403719760477543, 0.11923098880797625, 0.11691663796082138, 0.12096412871032954, 0.13486021123826503, 0.1182938303798437, 0.11434707641601563, 0.12292626295238733, 0.13307488271966578, 0.11707329256460071, 0.12237482964992524, 0.11317539662122726, 0.11946544060483574, 0.12415716964751483, 0.1090985406190157, 0.12225094325840474, 0.11843489790335297, 0.11372085046023131, 0.11634208718314767, 0.11881500957533717, 0.11486885128542781, 0.09882824961096048, 0.11050080237910151, 0.10219338294118643, 0.11664568353444338, 0.10137975681573153, 0.11185923758894205, 0.1138129860162735, 0.11617787200957536, 0.11563442489132286, 0.10871726823970676, 0.10717232506722212, 0.11321210879832506, 0.10041972864419221, 0.10292612807825208, 0.10322726611047983, 0.10684670312330127, 0.10310463923960925, 0.10711761610582471, 0.10614267978817224, 0.10085941990837455, 0.11578431706875562, 0.1030790988355875, 0.09647818123921752, 0.09560990100726485, 0.10563313141465187, 0.10512229390442371, 0.09614562550559641, 0.09720288794487715, 0.0999349039979279, 0.09798307800665498, 0.09317023977637291, 0.10367988459765912, 0.09060887238010765, 0.11057438375428319, 0.11407415252178907, 0.09115449301898479, 0.10140450615435839, 0.1023078597150743, 0.10027551427483558, 0.09902315996587277, 0.0747743475716561, 0.09011690309271217, 0.09404111094772816, 0.08624147307127714, 0.08954964764416218, 0.09072777004912495, 0.09131804034113883, 0.09992837794125081, 0.08809224991127848, 0.08374890759587289, 0.10011251205578447, 0.10079077752307057, 0.07991450829431415, 0.08194334479048848, 0.09762055426836014, 0.09091817941516638, 0.09037785353139044, 0.09884455399587751, 0.10030558556318284, 0.086407473962754, 0.09830902367830277, 0.09114781692624091, 0.08676544371992351, 0.09012132678180934, 0.09331767465919256, 0.09895729329437017, 0.09140577884390949, 0.09445140892639756, 0.09106593299657106, 0.09939905889332296, 0.08208910766988993, 0.08988763382658363, 0.0868292341940105, 0.0747127234004438, 0.08576618442311883, 0.08612172380089761, 0.08345053102821112, 0.07771460171788931, 0.09113474134355784, 0.07765603419393301, 0.09062942462041973, 0.08048689039424062, 0.09228041237220169, 0.08312465362250804, 0.07639104016125202, 0.08444032585248351, 0.07017298168502747, 0.07312686177901924, 0.0900430697016418, 0.08301133001223207, 0.0921628188341856, 0.08639152143150568, 0.09350564684718847, 0.09254241269081831, 0.07586865639314055, 0.09650013567879795, 0.07250320697203279, 0.08406360018998385, 0.07638750923797488, 0.07796619841828942, 0.07501151636242867, 0.07380302166566252, 0.08144141305238009, 0.08813651679083706, 0.08011352112516762, 0.08062844686210155, 0.08445662437006832, 0.07366298735141755, 0.08109704218804836, 0.0871642291545868, 0.07816689228639007, 0.0888059813529253, 0.08984612924978136, 0.08227075925096869, 0.06917977300472558, 0.0832176623865962, 0.0876912849023938, 0.09327588928863406, 0.07225947193801402, 0.07360272309742869, 0.07187635004520417, 0.07289527612738311, 0.08132746303454041, 0.08674007626250385, 0.09244462940841913, 0.0833704611286521, 0.08215218782424927, 0.07645708192139863, 0.08116824747994542, 0.0789633764885366, 0.07097405781969429, 0.0761542735621333, 0.07970776902511716, 0.07126540811732411, 0.07661698926240205, 0.08941322872415185, 0.07827682001516223, 0.07433271128684282, 0.09279039418324828, 0.07930071298033, 0.08653134256601333, 0.07348832860589027, 0.06873873667791486, 0.08120140032842756, 0.07836610255762935, 0.0950906828045845, 0.08544814847409725]
2025-11-07 20:04:41 - fedex - INFO - loss data:
2025-11-07 20:04:41 - fedex - INFO - [10.808131712675095, 0.3872797317802906, 0.18346558511257172, 0.18424414601176975, 0.16853053476661445, 0.15788067486137153, 0.15536553021520377, 0.15708592627197504, 0.15124104507267477, 0.14888538867235185, 0.14158593192696572, 0.15881624948233367, 0.1431475508958101, 0.14832175970077516, 0.14479524102061986, 0.13476609531790018, 0.1313606917858124, 0.13190259523689746, 0.12770574679598212, 0.12830239199101925, 0.12569510620087385, 0.11646173726767302, 0.1381349578499794, 0.13433872293680907, 0.1339092614129186, 0.13336408510804176, 0.12543142586946487, 0.12455352991819382, 0.12258569411933422, 0.11829137708991766, 0.12412853697314857, 0.11295205457136034, 0.1240664815530181, 0.11932122744619847, 0.11702573187649251, 0.1209676457569003, 0.1349998379126191, 0.11832966851070523, 0.11449320204555988, 0.12305590324103832, 0.13319703899323942, 0.11715486664324998, 0.1224310051649809, 0.1134827310219407, 0.11962888734415172, 0.12437245771288871, 0.10915960194543003, 0.12240187181159853, 0.11868675202131271, 0.11367541141808032, 0.11650877753272654, 0.11907601188868285, 0.11504997201263904, 0.09909166675060987, 0.11069891089573503, 0.10225861016660928, 0.11676033381372691, 0.10146291190758347, 0.11206713505089283, 0.11413226490840317, 0.11639221608638764, 0.11591708390042185, 0.10896215876564383, 0.10742975771427155, 0.11318166786804795, 0.10044472930021583, 0.1029953833669424, 0.10341028766706586, 0.10674213469028473, 0.10339090339839457, 0.10707313958555459, 0.106358627602458, 0.10102680744603276, 0.1159234806895256, 0.10325227482244373, 0.09629574408754707, 0.09543541325256227, 0.10594313787296414, 0.10512710083276033, 0.09531611632555723, 0.09726100256666542, 0.10044794222339988, 0.09835178470239042, 0.09308019364252687, 0.10407032985240221, 0.08964232439175249, 0.11062814556062221, 0.11466133333742617, 0.09054286051541567, 0.10221579587087035, 0.10211001094430686, 0.1004530386067927, 0.09901434415951371, 0.07396977287717163, 0.08851260161027313, 0.09404909955337643, 0.08599439905956388, 0.09005673024803401, 0.08976948149502277, 0.09154822770506144, 0.09987718285992742, 0.08793448423966765, 0.08335918150842189, 0.10072044972330332, 0.10064673023298383, 0.07930373754352331, 0.08248817678540946, 0.09731067558750511, 0.0911160602234304, 0.09066673368215561, 0.09745444310829043, 0.10006300015375018, 0.08555480455979705, 0.0976986383087933, 0.09149529505521059, 0.08582782167941333, 0.09039199510589241, 0.09286880148574711, 0.09970041336491703, 0.09183262772858142, 0.09469645330682397, 0.08962223706766964, 0.09803025247529149, 0.08182399850338698, 0.08898988552391529, 0.08593756854534149, 0.07385017066262663, 0.08560452731326222, 0.08369626617059112, 0.0825570086017251, 0.07659331681206821, 0.09044754505157471, 0.07630447736009956, 0.08989389762282371, 0.07892019590362906, 0.0923198563978076, 0.08057585270144046, 0.07489245384931564, 0.0835492629557848, 0.0674940247554332, 0.07250253176316619, 0.08886218322440982, 0.08069148510694504, 0.08812233516946436, 0.08573632454499602, 0.09062616620212793, 0.09116886425763368, 0.07306986809708178, 0.09140685219317675, 0.06891884198412299, 0.08209971184842288, 0.07482260586693884, 0.07531329318881035, 0.07076772036962212, 0.06840976262465119, 0.07914334125816821, 0.08321173693984747, 0.07615089705213904, 0.0773533295840025, 0.07978727947920561, 0.0669288550503552, 0.07630988359451293, 0.0821600672788918, 0.07600965239107609, 0.08529884554445744, 0.08801354179158807, 0.07661587512120605, 0.06325296349823475, 0.07852488155476749, 0.08178793527185918, 0.08676732880994678, 0.06489945366047323, 0.06944378190673887, 0.0673411451280117, 0.06704540392383933, 0.07512174220755696, 0.08240644680336118, 0.08934788443148137, 0.07915819170884789, 0.07588115744292737, 0.06936281574890017, 0.07017336711287499, 0.07102140747010707, 0.06484988993033766, 0.06935287490487099, 0.07206537835299968, 0.06141325701028109, 0.06876883707009256, 0.08230262622237206, 0.06709848614409566, 0.06629939409904181, 0.08620062796398997, 0.06966341454535722, 0.07512897071428597, 0.05820898259989917, 0.05647593345493078, 0.06843046229332686, 0.07097772639244795, 0.08789525693282485, 0.07594440914690495, 0.08275793762877584, 0.07494047014042735, 0.07007459388114512, 0.06681939982809126, 0.0711110558360815, 0.06448454195633531, 0.05566742052324116, 0.06486968421377243, 0.0683201861102134, 0.06781006809324025, 0.07124036885797977, 0.062352673849090934, 0.08865255778655409, 0.06965055698528885, 0.07545189764350653, 0.06760598411783576, 0.06526211421005429, 0.06743546519428492, 0.05547844339162111, 0.07139874175190926, 0.07490944229066371, 0.06652987538836896, 0.06969859218224883, 0.0713797270320356, 0.08498746668919921, 0.06382181840017437, 0.052218814427033064, 0.06065579298883676, 0.07819682164117694, 0.06385252363979815, 0.05956376623362303, 0.06914254031144082, 0.07412477619946004, 0.061027075396850705, 0.05464551574550569, 0.06542286723852157, 0.05722019476816058, 0.05734595009125769, 0.06250121612101793, 0.05759282754734159, 0.06172111718915403, 0.06732888175174594, 0.06706772707402706, 0.06375073841772974, 0.056951904529705645, 0.05818626205436886, 0.06878776825033128, 0.05572943696752191, 0.06872357409447433, 0.08173306304961443, 0.0543422014452517, 0.056141218775883316, 0.06535273245535791, 0.05758230648934841, 0.05851179165765643, 0.07507527563720942, 0.05736512811854482, 0.0648513977881521, 0.05235610608942807, 0.05585472323000431, 0.07346759326756, 0.04356862511485815, 0.06280353786423802, 0.06719410251826047, 0.06892063952982426, 0.07568495869636535, 0.05913405199535191, 0.051692250976338984, 0.06782681019976736, 0.06724382955580949, 0.07618760378099979, 0.06212967541068792, 0.06020116754807532, 0.05690117441117763, 0.05268583614379167, 0.059229084523394704, 0.05897342343814671, 0.05250213439576328, 0.05519115757197142, 0.06211078567430377, 0.0694230509456247, 0.05793274473398924, 0.07594701116904617, 0.05013115904293954, 0.060008441610261795, 0.06736768051050604, 0.053215382155030966, 0.06032077400013804, 0.06061100848019123, 0.06166508886963129, 0.05525368042290211, 0.05933052748441696, 0.06023276946507394, 0.0685623814817518, 0.059082975657656786, 0.05727546554990113, 0.045600206172093746, 0.0535167922731489, 0.06199942138046026, 0.05057646133936941]
2025-11-08 08:15:14 - fedex - INFO - loss data:
2025-11-08 08:15:14 - fedex - INFO - [10.808131712675095, 0.38716269172728063, 0.18338985852897166, 0.18416678570210931, 0.1683503143489361, 0.1579595485702157, 0.15535557102411984, 0.15706436540931462, 0.15124939363449813, 0.1488401245325804, 0.14171725790947676, 0.15883841998875142, 0.14319301322102546, 0.14835867676883935, 0.14475324768573045, 0.13481788020581006, 0.1313279053196311, 0.1319529427215457, 0.1276603288948536, 0.128285151720047, 0.1257308816537261, 0.1164751185104251, 0.13804931659251451, 0.13435476552695036, 0.13389687947928908, 0.13332296703010799, 0.12532984875142575, 0.12449700739234686, 0.1225113334134221, 0.11819251887500286, 0.12414245354011655, 0.11298600472509861, 0.12403719760477543, 0.11923098880797625, 0.11691663796082138, 0.12096412871032954, 0.13486021123826503, 0.1182938303798437, 0.11434707641601563, 0.12292626295238733, 0.13307488271966578, 0.11707329256460071, 0.12237482964992524, 0.11317539662122726, 0.11946544060483574, 0.12415716964751483, 0.1090985406190157, 0.12225094325840474, 0.11843489790335297, 0.11372085046023131, 0.11634208718314767, 0.11881500957533717, 0.11486885128542781, 0.09882824961096048, 0.11050080237910151, 0.10219338294118643, 0.11664568353444338, 0.10137975681573153, 0.11185923758894205, 0.1138129860162735, 0.11617787200957536, 0.11563442489132286, 0.10871726823970676, 0.10717232506722212, 0.11321210879832506, 0.10041972864419221, 0.10292612807825208, 0.10322726611047983, 0.10684670312330127, 0.10310463923960925, 0.10711761610582471, 0.10614267978817224, 0.10085941990837455, 0.11578431706875562, 0.1030790988355875, 0.09647818123921752, 0.09560990100726485, 0.10563313141465187, 0.10512229390442371, 0.09614562550559641, 0.09720288794487715, 0.0999349039979279, 0.09798307800665498, 0.09317023977637291, 0.10367988459765912, 0.09060887238010765, 0.11057438375428319, 0.11407415252178907, 0.09115449301898479, 0.10140450615435839, 0.1023078597150743, 0.10027551427483558, 0.09902315996587277, 0.0747743475716561, 0.09011690309271217, 0.09404111094772816, 0.08624147307127714, 0.08954964764416218, 0.09072777004912495, 0.09131804034113883, 0.09992837794125081, 0.08809224991127848, 0.08374890759587289, 0.10011251205578447, 0.10079077752307057, 0.07991450829431415, 0.08194334479048848, 0.09762055426836014, 0.09091817941516638, 0.09037785353139044, 0.09884455399587751, 0.10030558556318284, 0.086407473962754, 0.09830902367830277, 0.09114781692624091, 0.08676544371992351, 0.09012132678180934, 0.09331767465919256, 0.09895729329437017, 0.09140577884390949, 0.09445140892639756, 0.09106593299657106, 0.09939905889332296, 0.08208910766988993, 0.08988763382658363, 0.0868292341940105, 0.0747127234004438, 0.08576618442311883, 0.08612172380089761, 0.08345053102821112, 0.07771460171788931, 0.09113474134355784, 0.07765603419393301, 0.09062942462041973, 0.08048689039424062, 0.09228041237220169, 0.08312465362250804, 0.07639104016125202, 0.08444032585248351, 0.07017298168502747, 0.07312686177901924, 0.0900430697016418, 0.08301133001223207, 0.0921628188341856, 0.08639152143150568, 0.09350564684718847, 0.09254241269081831, 0.07586865639314055, 0.09650013567879795, 0.07250320697203279, 0.08406360018998385, 0.07638750923797488, 0.07796619841828942, 0.07501151636242867, 0.07380302166566252, 0.08144141305238009, 0.08813651679083706, 0.08011352112516762, 0.08062844686210155, 0.08445662437006832, 0.07366298735141755, 0.08109704218804836, 0.0871642291545868, 0.07816689228639007, 0.0888059813529253, 0.08984612924978136, 0.08227075925096869, 0.06917977300472558, 0.0832176623865962, 0.0876912849023938, 0.09327588928863406, 0.07225947193801402, 0.07360272309742869, 0.07187635004520417, 0.07289527612738311, 0.08132746303454041, 0.08674007626250385, 0.09244462940841913, 0.0833704611286521, 0.08215218782424927, 0.07645708192139863, 0.08116824747994542, 0.0789633764885366, 0.07097405781969429, 0.0761542735621333, 0.07970776902511716, 0.07126540811732411, 0.07661698926240205, 0.08941322872415185, 0.07827682001516223, 0.07433271128684282, 0.09279039418324828, 0.07930071298033, 0.08653134256601333, 0.07348832860589027, 0.06873873667791486, 0.08120140032842756, 0.07836610255762935, 0.0950906828045845, 0.08544814847409725]
2025-11-11 12:35:59 - fedex - INFO - loss data:
2025-11-11 12:35:59 - fedex - INFO - [10.561385810375214, 0.38199565168470145, 0.17950308229774237, 0.1762429239228368, 0.16857749950140716, 0.16113396752625703, 0.15844545122236015, 0.1577095387503505, 0.15789008066058158, 0.15002077352255583, 0.14308622777462005, 0.12964928895235062, 0.15023336913436652, 0.1399951782077551, 0.13497424330562352, 0.12942502200603484, 0.12736359983682632, 0.13982845563441515, 0.12957229018211364, 0.13282376918941735, 0.11770088467746972, 0.12589380964636804, 0.12425852715969085, 0.12604511231184007, 0.11934723500162363, 0.1289268192835152, 0.11837171576917171, 0.13720972314476965, 0.12180367931723594, 0.12590465545654297, 0.11695380341261624, 0.11774242771789432, 0.11686178715899587, 0.12436052663251758, 0.1121607344597578, 0.11203143391758202, 0.12079697176814079, 0.1054379714652896, 0.11912194518372415, 0.10861131306737662, 0.1118294371291995, 0.11231249272823335, 0.12460561161860823, 0.11048067025840283, 0.10834447965025902, 0.10337280612438918, 0.10540032386779785, 0.11350735947489739, 0.10085085798054934, 0.10803436348214746, 0.10438937237486243, 0.10037323972210288, 0.10495414845645427, 0.11137944078072906, 0.10696820709854364, 0.0986453934572637, 0.09979226430878044, 0.09882147628813981, 0.09161515105515719, 0.09263669941574335, 0.09754126472398639, 0.0988825454376638, 0.08912234259769321, 0.09885047934949398, 0.10484390687197447, 0.09550188696011902, 0.10562315750867128, 0.09131970424205064, 0.0875033399090171, 0.09769748561084271, 0.09244384104385972, 0.08578258976340294, 0.08956719981506467, 0.09149012006819249, 0.0967361737973988, 0.08883652258664369, 0.09150190642103553, 0.0870943927206099, 0.08934025652706623, 0.08282083133235574, 0.08618028415367007, 0.08903580158948898, 0.08323419159278272, 0.08485783524811269, 0.0878927611745894, 0.08360558422282338, 0.08808090267702937, 0.08683064514771105, 0.0785893619991839, 0.0797778901644051, 0.07781185912899674, 0.07380451615899801, 0.07593326205387713, 0.07558429259806872, 0.07852419642731548, 0.08574836635962128, 0.07132251840084791, 0.07657875465229154, 0.06610463839024305, 0.07311969106085599, 0.07382782781496644, 0.0743629771284759, 0.07293604295700788, 0.072786335228011, 0.07625691648572683, 0.08066807761788368, 0.07125491071492433, 0.06801900155842304, 0.06785096442326903, 0.06767437360249459, 0.06303966678678989, 0.07640629606321454, 0.06711759683676063, 0.06925452733412385, 0.06748302094638348, 0.0782163797877729, 0.08131530424579977, 0.06416656533256174, 0.06227214545942843, 0.07065649894066155, 0.06842797598801553, 0.06111410688608884, 0.062295109219849105, 0.06406927332282067, 0.06341146910563111, 0.06302364715375006, 0.06586806317791342, 0.0632827753201127, 0.06620705211535097, 0.06623550029471517, 0.05706918323412538, 0.06559563144110143, 0.05750524466857314, 0.0574610619340092, 0.05804221697617322, 0.06618735780939461, 0.06457702917978167, 0.053118530195206404, 0.05643292176537216, 0.05882052569650113, 0.05672500682994723, 0.058250512368977075, 0.050438334327191116, 0.06117511023767293, 0.06064039575867355, 0.05353816370479762, 0.05820591454394161, 0.060522720124572514, 0.05115894665941596, 0.051188995409756896, 0.04315489917062223, 0.06463234778493643, 0.05647815694101155, 0.05873734205961227, 0.045805673813447356, 0.04643853991292417, 0.04687095736153424, 0.05750796652864665, 0.04369689999148249, 0.057563997153192756, 0.058519755071029064, 0.05278468769975007, 0.04862265912815929, 0.04930752506479621, 0.05161797325126827, 0.05273704170249402, 0.04914291175082326, 0.042363427300006154, 0.04903108780272305, 0.05242266724817455, 0.053353311773389575, 0.04944978607818484, 0.0481573224067688, 0.04273775513283909, 0.04749125079251826, 0.04869834310375154, 0.04967321907170117, 0.04782102815806866, 0.05365039822645486, 0.03570082136429846, 0.05441975626163185, 0.054701860342174766, 0.04715985606890172, 0.05248536812141538, 0.051966240722686054, 0.055958598107099536, 0.048371632630005476, 0.06349975205957889, 0.04850114998407662, 0.039700750075280664, 0.04704280709847808, 0.04568792078644038, 0.046803063433617356, 0.048558027297258374, 0.04689471363089978, 0.04510467699728906, 0.04368152455426752, 0.051769321761094035, 0.05184029794763774, 0.050982281705364584]
2025-11-11 19:43:40 - fedex - INFO - loss data:
2025-11-11 19:43:40 - fedex - INFO - [9.831594663858414, 0.38558268882334235, 0.19108471404761077, 0.1684215659275651, 0.17254716698080302, 0.16315564792603254, 0.163649800978601, 0.15605788342654706, 0.14832559339702128, 0.1578469891101122, 0.148190788179636, 0.14370446298271417, 0.1450222093611956, 0.14652105662971737, 0.13816339904442432, 0.14476270712912082, 0.13378174230456352, 0.12797647509723903, 0.1264791138470173, 0.13771563861519098, 0.12029245849698782, 0.12534191831946373, 0.12109054774045944, 0.13279377333819867, 0.12898962181061507, 0.11980126174166798, 0.12523793932050467, 0.11635477151721715, 0.11959066474810243, 0.12150425799190999, 0.11535689160227774, 0.12270754147320986, 0.12786590866744518, 0.11902428381145, 0.09885887317359447, 0.11918705636635422, 0.12537296265363693, 0.1179320640861988, 0.10319092171266675, 0.11164961829781533, 0.10822092387825251, 0.1203453866764903, 0.10737683987244964, 0.10482866484671832, 0.10940604843199253, 0.10146673200652004, 0.0999243668280542, 0.11267887316644191, 0.10103554474189877, 0.09772678976878524, 0.09780951635912061, 0.1093042753636837, 0.10983050987124443, 0.11252590753138064, 0.1095773909240961, 0.0937554114498198, 0.09725263100117446, 0.10049048578366637, 0.09324060566723347, 0.10097678322345019, 0.09782577063888312, 0.10446438146755099, 0.09112833691760897, 0.09445889117196202, 0.09347703289240598, 0.09204085301607848, 0.09331111842766404, 0.09341612849384545, 0.0818956577219069, 0.08614043528214096, 0.09040450174361467, 0.09543268233537675, 0.08575976346619427, 0.10521205170080067, 0.08153229486197233, 0.08136280262842774, 0.08209488419815898, 0.09050786616280676, 0.09461477128788828, 0.08448037467896938, 0.07921196613460779, 0.10007042409852147, 0.06745832776650787, 0.0680921775754541, 0.08964375574141742, 0.09249465884640813, 0.08443704284727574, 0.08309646546840668, 0.08213650807738304, 0.08397635975852609, 0.08598490823060273, 0.06563084502704442, 0.08409986030310393, 0.06763884462416173, 0.07838301216252148, 0.08589594895020128, 0.07413296662271023, 0.0751277350820601, 0.08161248136311769, 0.07162098661065101, 0.0694370923563838, 0.06581968441605568, 0.060418553184717894, 0.07319850707426667, 0.05558835379779339, 0.07348161358386278, 0.07991492468863726, 0.05717422510497272, 0.06977926939725876, 0.06046777344308794, 0.0651879123877734, 0.07174555882811547, 0.06392822805792094, 0.07037203721702098, 0.08426961125805973, 0.06780849844217302, 0.05614447663538158, 0.07256977399811149, 0.060162483528256414, 0.06003300356678665, 0.06897536111064256, 0.058848693128675224, 0.06118697519414127, 0.071010272949934, 0.06854499904438853, 0.05206589922308922, 0.06449178485199808, 0.06939569348469377, 0.06631218874827027, 0.07631121734157205, 0.08430443024262786, 0.06126655470579863, 0.06023351419717074, 0.07159294174052774, 0.0728811901062727, 0.053401920339092614, 0.06710556992329658, 0.051087941089645025, 0.05113204289227724, 0.061263345181941986, 0.0589391753077507, 0.06801861678250135, 0.06428465591743589, 0.0675940518733114, 0.060347818629816176, 0.0638244914356619, 0.05928144459612667, 0.07186318985186517, 0.05187479238957167, 0.05920209460891783, 0.060146656213328244, 0.04412502311170101, 0.05154417334124446, 0.06285390667617322, 0.060150958737358456, 0.05279651833698154, 0.05377783942967653, 0.05669138012453914, 0.056857713311910626, 0.05000975518487394, 0.04534043385647237, 0.05011840090155602, 0.04710713543463498, 0.04463392172474415, 0.05438718106597662, 0.05068637123331428, 0.06096267020329833, 0.06101593002676964, 0.06493798391893506, 0.042775910976342854, 0.04850384388118982, 0.059563966235145926, 0.05873275576159358, 0.05007621739059687, 0.045506834797561166, 0.04845684450119734, 0.051251734141260386, 0.054061825061216956, 0.037575945258140564, 0.048935665842145676, 0.04341199644841254, 0.04505916135385632, 0.047005190327763555, 0.04748478215187788, 0.05876712976023555, 0.04158265141304582, 0.05189706990495324, 0.05377050274983049, 0.04314181543886662, 0.049308556132018566, 0.05323000918142498, 0.048578072292730215, 0.04588033617474139, 0.04867553529329598, 0.04018963451962918, 0.053430787101387975, 0.043041702127084136, 0.04548898981884122, 0.044373644515872, 0.05146732330322265]
2025-11-12 07:56:39 - fedex - INFO - loss data:
2025-11-12 07:56:39 - fedex - INFO - [10.883569985628128, 0.3851422980427742, 0.17836604714393617, 0.1694034131243825, 0.16410236731171607, 0.15689224787056447, 0.16434650849550964, 0.15108725279569624, 0.14408046808093788, 0.14780232701450585, 0.1389690387994051, 0.1317407287657261, 0.1414495274424553, 0.13466454539448022, 0.1427974797785282, 0.1349601771682501, 0.1324234759435058, 0.14848400708287957, 0.13047355841845273, 0.1485787542536855, 0.1240775203332305, 0.12770172003656627, 0.1254150110296905, 0.1289765120483935, 0.12308786436915398, 0.1313830129802227, 0.12359688123688102, 0.12790982499718667, 0.12144731134176254, 0.11406017886474729, 0.1251593418419361, 0.12483388744294643, 0.12004187377169728, 0.12197896093130112, 0.10709489695727825, 0.1142742189578712, 0.11568016977980733, 0.10768392160534859, 0.1103028042241931, 0.12262111231684684, 0.10578326806426047, 0.1145981129258871, 0.10853202529251577, 0.11150142289698123, 0.10865859361365438, 0.10923232957720758, 0.10782064562663436, 0.10641393829137087, 0.10131847392767668, 0.11071897149085999, 0.11433424660935998, 0.10806776173412799, 0.10925495354458689, 0.10073635429143905, 0.10029092337936163, 0.1022600439377129, 0.09919759668409825, 0.09975279839709401, 0.10161554971709848, 0.09495221562683581, 0.08581259083002805, 0.10958398487418891, 0.08989960141479969, 0.0887008889578283, 0.08528256071731448, 0.09209828982129693, 0.10473470948636532, 0.10820775609463454, 0.0808209553360939, 0.0929277933202684, 0.09569433629512786, 0.08155946619808674, 0.07814703537151217, 0.10073654195293785, 0.07649636827409267, 0.08995892740786075, 0.06948918774724007, 0.0841206733137369, 0.09138289215043187, 0.08806465016677975, 0.07486680820584296, 0.0872172744013369, 0.08357067769393325, 0.07232140991836786, 0.09013870675116778, 0.08678162153810262, 0.08671615989878774, 0.08653284423053265, 0.0730176587589085, 0.0795208966359496, 0.083109434787184, 0.06468310807831584, 0.0793990021571517, 0.06456989287398757, 0.06715838778764009, 0.07548721423372626, 0.08296064594760537, 0.07403340768069028, 0.08481721300631762, 0.07507713655941188, 0.06833378332667053, 0.08342570839449763, 0.05634963479824364, 0.0775894139893353, 0.07283743289299309, 0.06547127352096141, 0.07930507138371468, 0.07912918548099697, 0.06720536481589079, 0.09006243487820029, 0.07214595098048449, 0.06764043811708689, 0.0638069085776806, 0.059973947098478676, 0.06893332521431147, 0.08121635112911463, 0.0596392857376486, 0.061001514177769424, 0.05763890873640776, 0.08375250296667218, 0.06880433745682239, 0.0708813545294106, 0.06537315826863051, 0.05941281910054386, 0.07336756493896246, 0.0686708223540336, 0.05630720150656998, 0.07660734923556448, 0.05143363508395851, 0.06613195254467427, 0.05488711670041084, 0.055376064311712984, 0.07951488625258207, 0.052881780499592426, 0.07708455296233296, 0.05533016072586179, 0.06832887562923133, 0.06769707938656211, 0.05954689271748066, 0.0519662996288389, 0.07140140244737267, 0.07084961328655481, 0.06287446422502399, 0.057284912467002874, 0.06320818131789566, 0.060196149116382, 0.049540922255255276, 0.05769652056042105, 0.04698595702648163, 0.061874875565990806, 0.05933720883913338, 0.055691815260797736, 0.059978997427970165, 0.04968383340165019, 0.051245207386091354, 0.06498393788933754, 0.06341038038954139, 0.06379411132074891, 0.05001889984123409, 0.04985430529341102, 0.057231113687157636, 0.06250742953270674, 0.050789856584742665, 0.05819916464388371, 0.048726369882933794, 0.04629266248084604, 0.060062460135668516, 0.0640057141892612, 0.0625977870542556, 0.05392320128157735, 0.04901858563534915, 0.05667610545642674, 0.048989237891510135, 0.06094814157113433, 0.040688752708956596, 0.049415047047659755, 0.052895480860024685, 0.05242597879841923, 0.050538857886567715, 0.04493131779599935, 0.05035090129822493, 0.039258249173872176, 0.05543411001563072, 0.04424094818532467, 0.04886778793297708, 0.060755710350349545, 0.04850406292825937, 0.04762019538320601, 0.0539802729152143, 0.03413434373214841, 0.04522507556248456, 0.05662749197799712, 0.037773459265008566, 0.05589523932430893, 0.061747663421556354, 0.05291148142423481, 0.04231229745782912, 0.06217277147807181, 0.05143951764330268, 0.05136575330980122]
2025-11-24 14:55:02 - fedex - INFO - loss data:
2025-11-24 14:55:02 - fedex - INFO - [10.572606533765793, 0.36542010866105556, 0.18282581884413956, 0.16960991621017457, 0.16610212493687868, 0.15434615928679704, 0.1664053050801158, 0.15606076810508968, 0.15347384102642536, 0.15447182655334474, 0.14999266769737007, 0.13376379385590553, 0.14548847619444133, 0.1389963010326028, 0.1269067905843258, 0.14004448503255845, 0.1410171387717128, 0.14073059502989055, 0.1396762479096651, 0.13919806331396103, 0.13747215755283831, 0.1306370520964265, 0.13461889848113062, 0.13476127665489912, 0.1413158304989338, 0.1261899068951607, 0.13136668577790261, 0.12471622563898563, 0.12413857243955134, 0.12207464277744293, 0.12748591806739568, 0.13632676284760237, 0.12793162222951648, 0.12307326812297106, 0.12447918709367514, 0.11816862802952527, 0.12517344187945129, 0.12924507353454828, 0.11673551555722952, 0.11789769828319549, 0.12229683166369795, 0.13324307855218648, 0.11827920619398356, 0.1217491315677762, 0.12645515352487563, 0.11249617496505379, 0.1134404856711626, 0.11186445336788893, 0.1242131058126688, 0.1167562659829855, 0.11468290891498327, 0.11375626800581812, 0.11225790549069642, 0.1070629215799272, 0.1041999576613307, 0.11757235582917928, 0.10046672895550728, 0.10685310875996948, 0.11190115390345454, 0.10735297342762351, 0.11243178639560938, 0.10511126834899187, 0.09895860617980361, 0.10329115875065327, 0.1114096206612885, 0.10708323093131183, 0.1070739783346653, 0.1048880411311984, 0.09635942922905089, 0.11087814159691334, 0.10564789222553372, 0.09240022683516144, 0.10234802914783359, 0.10909321466460824, 0.10570103600621222, 0.10260131638497114, 0.10685590598732234, 0.10564085748046637, 0.10433486569672823, 0.1059850610792637, 0.10093298824504018, 0.10309604927897453, 0.10283696344122291, 0.09270221078768373, 0.10067300358787179, 0.09953093649819493, 0.10310611296445131, 0.10294033912941813, 0.08957169810310006, 0.09766710856929421, 0.10691911019384862, 0.1064082806929946, 0.09958612341433763, 0.08180054021067917, 0.09782838691025972, 0.10068094143643974, 0.10359386792406439, 0.08968224208801984, 0.09152022153139114, 0.08623263444751501, 0.09820460984483362, 0.09608474737033249, 0.08567289700731635, 0.09747785367071629, 0.09414750719442963, 0.10112601406872274, 0.08141627283766867, 0.08624214287847282, 0.0931154395453632, 0.07935213651508093, 0.08556828359141946, 0.09892248092219233, 0.08016213178634643, 0.0989254079759121, 0.08392097149044275, 0.10223995167762041, 0.09696245193481445, 0.09593029906973242, 0.08229259736835956, 0.09153044726699591, 0.08661504136398435, 0.08745015515014529, 0.09196048993617296, 0.08490519123151899, 0.08582619298249483, 0.08279324704781174, 0.08024586690589786, 0.08713146494701504, 0.08266619499772787, 0.08291505184024572, 0.08392075765877963, 0.08057596036233008, 0.08831547982990742, 0.08432206818833948, 0.08504035389050842, 0.07897415664047003, 0.09464224921539426, 0.08344313940033317, 0.07943147495388984, 0.080271521396935, 0.07867962243035437, 0.0876232860609889, 0.08756816033273936, 0.07721827849745751, 0.08994600642472506, 0.08158083464950322, 0.09982251822948456, 0.07383206086233259, 0.08929270021617414, 0.08330593360587954, 0.0840544793754816, 0.07512555764988066, 0.08860854236409069, 0.07826637290418148, 0.08987337276339531, 0.0889630456455052, 0.07570506529882551, 0.07585341678932309, 0.06820202227681875, 0.08812765423208474, 0.08015595627948642, 0.07420003982260823, 0.08527697818353772, 0.07878112634643913, 0.08174830377101898, 0.09318827819079162, 0.07771454537287355, 0.079701507370919, 0.07651550169102847, 0.08602668261155486, 0.07696285769343375, 0.08499697931110858, 0.07592207463458181, 0.08438031147234143, 0.07372356718406081, 0.07424800442531704, 0.08142226487398146, 0.08917861506342888, 0.07169659053906799, 0.07247720113955439, 0.07436608979478479, 0.08066675188019873, 0.08528035162016749, 0.06597071280702949, 0.07455043150112034, 0.08486483935266734, 0.06951375519856812, 0.07691781343892216, 0.08053004527464508, 0.09043501634150744, 0.07972903731279074, 0.08347132205963134, 0.08026404548436403, 0.08877147845923901, 0.07827717904001474, 0.08160698488354684, 0.07069417890161275, 0.07827481841668488, 0.07359443516470492, 0.08087008483707905]
2025-11-24 17:45:48 - fedex - INFO - loss data:
2025-11-24 17:45:48 - fedex - INFO - [10.652423799037933, 0.3698143092915416, 0.18024169746786356, 0.1692936599254608, 0.1624414574354887, 0.15523672159761193, 0.15826362948864697, 0.14512831177562474, 0.14194395150989295, 0.14957712758332492, 0.14076414294540882, 0.14845179244875908, 0.136620257422328, 0.1312393955886364, 0.14227103572338817, 0.13460085541009903, 0.13998012319207193, 0.1259106772020459, 0.12935391273349522, 0.13747082203626632, 0.1316726919263601, 0.12147792354226113, 0.12461091224104166, 0.1379429416731, 0.12466073781251907, 0.1245466923341155, 0.1355757610872388, 0.12000212958082557, 0.12769195288419724, 0.12440006770193576, 0.1256658841855824, 0.12391350362449885, 0.12244804631918668, 0.12094579357653856, 0.11075506247580051, 0.12061150334775447, 0.12191906962543726, 0.1299114955589175, 0.12217791061848401, 0.12510386817157268, 0.12207304053008555, 0.11642375010997057, 0.12257075738161802, 0.12035574475303293, 0.12044913647696376, 0.10863529685884715, 0.11084824372082949, 0.12096147667616605, 0.11836461164057255, 0.11160645922645926, 0.1015302657149732, 0.11064776610583067, 0.10877650296315551, 0.11364370193332433, 0.10647450108081102, 0.11785593051463365, 0.11014205124229193, 0.12041237875819207, 0.1007948168553412, 0.10381507314741611, 0.13019792586565018, 0.10165640199556947, 0.09620255567133426, 0.11539648436009883, 0.1105428596958518, 0.11757577797397972, 0.11437484743073582, 0.10403633015230299, 0.11536867255344987, 0.10690663810819387, 0.114106051530689, 0.10009513990953564, 0.10308041851967573, 0.09371377797797323, 0.09830151153728366, 0.11597998766228557, 0.10225670058280228, 0.11349103599786758, 0.10280339550226927, 0.10005379281938076, 0.10142304962500931, 0.09232804141938686, 0.0878390373662114, 0.09176671830937266, 0.0968083545565605, 0.09630594933405517, 0.10258806953206659, 0.08582512885332108, 0.08855657083913684, 0.10245661027729511, 0.09087842144072056, 0.09634775426238776, 0.10428013959899544, 0.10702729923650622, 0.10433480925858021, 0.09658556263893843, 0.09923598999157549, 0.09062673402950167, 0.10967880394309759, 0.0947159162722528, 0.09184988155029714, 0.09407405676320195, 0.1124872313812375, 0.08671701308339834, 0.09546118145808577, 0.09511663829907774, 0.0732862802222371, 0.08925637593492866, 0.09327994138002396, 0.08626118153333664, 0.08381162155419589, 0.09007791057229042, 0.08440612554550171, 0.09553748778998852, 0.0942608959041536, 0.09284120947122573, 0.0968166982755065, 0.09560424508526921, 0.08257731972262264, 0.09073869604617357, 0.09174458337947727, 0.0915022974833846, 0.10322362706065177, 0.08732358673587441, 0.08135536583140493, 0.08432396808639168, 0.09128575315698981, 0.08038292294368149, 0.08469538558274507, 0.09116274090483784, 0.08140213061124087, 0.08827913887798786, 0.08578688260167837, 0.09045182960107923, 0.09144438104704022, 0.09348832275718451, 0.0743581940419972, 0.08586010746657849, 0.0922137714922428, 0.07397514572367073, 0.0904141330625862, 0.07668077833950519, 0.0905759172514081, 0.08162534302100538, 0.09077268159016967, 0.09722276013344527, 0.07858386971056461, 0.09460160275921226, 0.10084643941372633, 0.09022188009694218, 0.09124753111973405, 0.0810381717979908, 0.08587116952985524, 0.0956590773537755, 0.08010034309700131, 0.09435251560062169, 0.07611071416176857, 0.07435778612270952, 0.07521245870739221, 0.08159210979938507, 0.06929035414941609, 0.07381219631060959, 0.07702152701094747, 0.08828210216015578, 0.08227636460214853, 0.07506760684773325, 0.08527680514380336, 0.07922589210793377, 0.08423238135874271, 0.08938569854944944, 0.08749351287260651, 0.06863135965541005, 0.07588226757943631, 0.07072031707502902, 0.07747106468304991, 0.0919332609511912, 0.08148366110399366, 0.06896944842301309, 0.07827760735526682, 0.0698224843479693, 0.08324110303074121, 0.09253764697350561, 0.06651965938508511, 0.09367936151102185, 0.08439615266397596, 0.07952943574637175, 0.08510954715311528, 0.0858775855973363, 0.06698911958374083, 0.08154559275135398, 0.07211554944515228, 0.08830309389159083, 0.07873157383874058, 0.07202785862609744, 0.08311373507604003, 0.07840893962420523, 0.07550171054899693, 0.07280418640002609, 0.07644481584429741, 0.0777676347643137]
2025-11-24 20:38:33 - fedex - INFO - loss data:
2025-11-24 20:38:33 - fedex - INFO - [10.798131334781647, 0.35350894629955293, 0.1898437190800905, 0.17609114218503236, 0.15707537364214658, 0.14703579936176536, 0.15751725565642116, 0.1418785648420453, 0.14298277702182532, 0.14690561778843403, 0.15366736836731434, 0.1494273217394948, 0.12905202694237233, 0.15225847400724887, 0.12751725520938634, 0.14595879334956408, 0.12889694180339573, 0.1533412545919418, 0.13548678420484067, 0.14628598690032957, 0.14410791415721177, 0.13397927228361367, 0.14445687606930732, 0.1317204864695668, 0.11779845524579287, 0.128272835444659, 0.11618218971416355, 0.1273160967975855, 0.127845461294055, 0.12200490031391382, 0.12831751462072133, 0.12474611774086952, 0.11819074936211109, 0.12354053743183613, 0.1176716897636652, 0.11595300808548928, 0.12229754840955137, 0.12159199714660644, 0.12279476281255483, 0.11755472561344504, 0.11364574935287236, 0.11384130343794822, 0.1068765272386372, 0.11977099012583495, 0.11278361277654766, 0.12260649260133505, 0.11947534494102001, 0.11924105156213045, 0.10615578852593899, 0.0993783038109541, 0.11348560787737369, 0.1261314980685711, 0.10053666103631258, 0.10715789254754782, 0.10005320757627487, 0.1097675290890038, 0.10232882667332888, 0.09805762246251107, 0.1059360251761973, 0.11415124721825123, 0.11620413176715375, 0.11544977817684413, 0.11592115303501488, 0.12138185612857341, 0.11403227224946022, 0.11161289904266596, 0.09107280494645238, 0.09858634136617184, 0.10856888042762876, 0.11796690104529262, 0.09616127684712411, 0.11582008972764016, 0.10717124799266457, 0.10103274881839752, 0.09154392508789896, 0.10509452288970351, 0.10328511167317629, 0.11080478206276895, 0.10974454870447517, 0.10594390193000436, 0.09301555519923568, 0.10743035711348056, 0.09805163647979498, 0.0917587025091052, 0.10331898005679249, 0.09740865044295788, 0.1021178019233048, 0.09569571064785123, 0.09259896399453282, 0.10602785572409629, 0.08469520425423979, 0.07511057006195188, 0.09540467066690325, 0.10282207187265158, 0.09724239241331815, 0.09581008069217206, 0.09471800597384572, 0.08871677536517382, 0.09944887785241008, 0.09999117273837327, 0.09650270817801357, 0.09128910601139069, 0.10445766504853964, 0.0905115781351924, 0.09579552309587597, 0.09942464651539923, 0.09822129812091589, 0.09365866035223007, 0.09190885573625565, 0.08613492147997022, 0.09388422006741165, 0.08309693597257137, 0.09404030949808657, 0.08814328461885451, 0.1071931030601263, 0.09235634310171009, 0.09599917773157358, 0.08013029657304288, 0.08408420598134397, 0.09076665341854095, 0.07830510437488555, 0.08658289462327956, 0.0892248960211873, 0.0926616394892335, 0.10062926905229688, 0.08029026305302978, 0.08103823093697429, 0.09400351047515869, 0.0833009896799922, 0.08979666735976935, 0.0850819862447679, 0.08521360484883189, 0.07945295087993146, 0.08943215385079384, 0.08351414408534766, 0.0810061666648835, 0.08496728194877505, 0.0990544238127768, 0.08690985320135952, 0.07043056720867752, 0.08531955340877176, 0.09097209190949798, 0.08419317957013844, 0.07643181122839451, 0.08767818864434958, 0.07990461876615881, 0.07893552081659436, 0.08814922319725155, 0.0830447619780898, 0.10342642841860653, 0.088096431363374, 0.07336317342706025, 0.08342754319310189, 0.07974116560071706, 0.08678150335326791, 0.07475145207718015, 0.08635104475542904, 0.08781790253706276, 0.0973081124946475, 0.06873620469123126, 0.08330148551613092, 0.07997021544724703, 0.07551168939098715, 0.0715026419609785, 0.08056266512721777, 0.08356697214767336, 0.07820513332262635, 0.06776033705100418, 0.08729317188262939, 0.0698368230368942, 0.07991953184828163, 0.0695053342729807, 0.07686529038473963, 0.09889995958656073, 0.09365071840584278, 0.07975041717290879, 0.07306223772466183, 0.0820078152231872, 0.07749072145670652, 0.09362314362078905, 0.08353987159207463, 0.08343819379806519, 0.08686952027492226, 0.09041832108050585, 0.08078357446938753, 0.07359526292420923, 0.07231209566816688, 0.07879603160545229, 0.07441007453016937, 0.07273016860708595, 0.07475460730493069, 0.07076731864362955, 0.07696688333526254, 0.08379678605124355, 0.08486238531768323, 0.07989803198724985, 0.08236999502405523, 0.09010204272344709, 0.08769989497959614, 0.09371251408010721]
2025-12-06 00:26:00 - fedex - INFO - loss data:
2025-12-06 00:26:00 - fedex - INFO - [10.572606533765793, 0.36542010866105556, 0.18282581884413956, 0.16960991621017457, 0.16610212493687868, 0.15434615928679704, 0.1664053050801158, 0.15606076810508968, 0.15347384102642536, 0.15447182655334474, 0.14999266769737007, 0.13376379385590553, 0.14548847619444133, 0.1389963010326028, 0.1269067905843258, 0.14004448503255845, 0.1410171387717128, 0.14073059502989055, 0.1396762479096651, 0.13919806331396103, 0.13747215755283831, 0.1306370520964265, 0.13461889848113062, 0.13476127665489912, 0.1413158304989338, 0.1261899068951607, 0.13136668577790261, 0.12471622563898563, 0.12413857243955134, 0.12207464277744293, 0.12748591806739568, 0.13632676284760237, 0.12793162222951648, 0.12307326812297106, 0.12447918709367514, 0.11816862802952527, 0.12517344187945129, 0.12924507353454828, 0.11673551555722952, 0.11789769828319549, 0.12229683166369795, 0.13324307855218648, 0.11827920619398356, 0.1217491315677762, 0.12645515352487563, 0.11249617496505379, 0.1134404856711626, 0.11186445336788893, 0.1242131058126688, 0.1167562659829855, 0.11468290891498327, 0.11375626800581812, 0.11225790549069642, 0.1070629215799272, 0.1041999576613307, 0.11757235582917928, 0.10046672895550728, 0.10685310875996948, 0.11190115390345454, 0.10735297342762351, 0.11243178639560938, 0.10511126834899187, 0.09895860617980361, 0.10329115875065327, 0.1114096206612885, 0.10708323093131183, 0.1070739783346653, 0.1048880411311984, 0.09635942922905089, 0.11087814159691334, 0.10564789222553372, 0.09240022683516144, 0.10234802914783359, 0.10909321466460824, 0.10570103600621222, 0.10260131638497114, 0.10685590598732234, 0.10564085748046637, 0.10433486569672823, 0.1059850610792637, 0.10093298824504018, 0.10309604927897453, 0.10283696344122291, 0.09270221078768373, 0.10067300358787179, 0.09953093649819493, 0.10310611296445131, 0.10294033912941813, 0.08957169810310006, 0.09766710856929421, 0.10691911019384862, 0.1064082806929946, 0.09958612341433763, 0.08180054021067917, 0.09782838691025972, 0.10068094143643974, 0.10359386792406439, 0.08968224208801984, 0.09152022153139114, 0.08623263444751501, 0.09820460984483362, 0.09608474737033249, 0.08567289700731635, 0.09747785367071629, 0.09414750719442963, 0.10112601406872274, 0.08141627283766867, 0.08624214287847282, 0.0931154395453632, 0.07935213651508093, 0.08556828359141946, 0.09892248092219233, 0.08016213178634643, 0.0989254079759121, 0.08392097149044275, 0.10223995167762041, 0.09696245193481445, 0.09593029906973242, 0.08229259736835956, 0.09153044726699591, 0.08661504136398435, 0.08745015515014529, 0.09196048993617296, 0.08490519123151899, 0.08582619298249483, 0.08279324704781174, 0.08024586690589786, 0.08713146494701504, 0.08266619499772787, 0.08291505184024572, 0.08392075765877963, 0.08057596036233008, 0.08831547982990742, 0.08432206818833948, 0.08504035389050842, 0.07897415664047003, 0.09464224921539426, 0.08344313940033317, 0.07943147495388984, 0.080271521396935, 0.07867962243035437, 0.0876232860609889, 0.08756816033273936, 0.07721827849745751, 0.08994600642472506, 0.08158083464950322, 0.09982251822948456, 0.07383206086233259, 0.08929270021617414, 0.08330593360587954, 0.0840544793754816, 0.07512555764988066, 0.08860854236409069, 0.07826637290418148, 0.08987337276339531, 0.0889630456455052, 0.07570506529882551, 0.07585341678932309, 0.06820202227681875, 0.08812765423208474, 0.08015595627948642, 0.07416037879884244, 0.08528095651417972, 0.0787670779041946, 0.08175775781273842, 0.09316440001130104, 0.07763680103234946, 0.0796768518164754, 0.07649820796214044, 0.0860295619815588, 0.0769435373134911, 0.0850076511502266, 0.07593731256201863, 0.084336005942896, 0.07373782237991691, 0.07427478791214526, 0.08139305086806417, 0.08918584687635303, 0.07174607519991696, 0.07256555864587426, 0.07436642767861486, 0.08067833976820112, 0.08528181137517095, 0.06596587421372532, 0.07452013706788421, 0.08487029559910297, 0.06947943707928061, 0.07691017044708133, 0.08050565030425787, 0.09038882972672582, 0.07972344402223824, 0.08345184149220586, 0.08025632137432695, 0.08879296807572246, 0.07830342901870609, 0.08160333670675754, 0.07074068281799556, 0.07834124090149999, 0.07357623507268726, 0.0808612192980945]
2025-12-06 03:11:49 - fedex - INFO - loss data:
2025-12-06 03:11:49 - fedex - INFO - [10.652423799037933, 0.3698143092915416, 0.18024169746786356, 0.1692936599254608, 0.1624414574354887, 0.15523672159761193, 0.15826362948864697, 0.14512831177562474, 0.14194395150989295, 0.14957712758332492, 0.14076414294540882, 0.14845179244875908, 0.136620257422328, 0.1312393955886364, 0.14227103572338817, 0.13460085541009903, 0.13998012319207193, 0.1259106772020459, 0.12935391273349522, 0.13747082203626632, 0.1316726919263601, 0.12147792354226113, 0.12461091224104166, 0.1379429416731, 0.12466073781251907, 0.1245466923341155, 0.1355757610872388, 0.12000212958082557, 0.12769195288419724, 0.12440006770193576, 0.1256658841855824, 0.12391350362449885, 0.12244804631918668, 0.12094579357653856, 0.11075506247580051, 0.12061150334775447, 0.12191906962543726, 0.1299114955589175, 0.12217791061848401, 0.12510386817157268, 0.12207304053008555, 0.11642375010997057, 0.12257075738161802, 0.12035574475303293, 0.12044913647696376, 0.10863529685884715, 0.11084824372082949, 0.12096147667616605, 0.11836461164057255, 0.11160645922645926, 0.1015302657149732, 0.11064776610583067, 0.10877650296315551, 0.11364370193332433, 0.10647450108081102, 0.11785593051463365, 0.11014205124229193, 0.12041237875819207, 0.1007948168553412, 0.10381507314741611, 0.13019792586565018, 0.10165640199556947, 0.09620255567133426, 0.11539648436009883, 0.1105428596958518, 0.11757577797397972, 0.11437484743073582, 0.10403633015230299, 0.11536867255344987, 0.10690663810819387, 0.114106051530689, 0.10009513990953564, 0.10308041851967573, 0.09371377797797323, 0.09830151153728366, 0.11597998766228557, 0.10225670058280228, 0.11349103599786758, 0.10280339550226927, 0.10005379281938076, 0.10142304962500931, 0.09232804141938686, 0.0878390373662114, 0.09176671830937266, 0.0968083545565605, 0.09630594933405517, 0.10258806953206659, 0.08582512885332108, 0.08855657083913684, 0.10245661027729511, 0.09087842144072056, 0.09634775426238776, 0.10428013959899544, 0.10702729923650622, 0.10433480925858021, 0.09658556263893843, 0.09923598999157549, 0.09062673402950167, 0.10967880394309759, 0.0947159162722528, 0.09184988155029714, 0.09407405676320195, 0.1124872313812375, 0.08671701308339834, 0.09546118145808577, 0.09511663829907774, 0.0732862802222371, 0.08925637593492866, 0.09327994138002396, 0.08626118153333664, 0.08381162155419589, 0.09007791057229042, 0.08440612554550171, 0.09553748778998852, 0.0942608959041536, 0.09284120947122573, 0.0968166982755065, 0.09560424508526921, 0.08257731972262264, 0.09073869604617357, 0.09174458337947727, 0.0915022974833846, 0.10322362706065177, 0.08732358673587441, 0.08135536583140493, 0.08432396808639168, 0.09128575315698981, 0.08038292294368149, 0.08469538558274507, 0.09116274090483784, 0.08140213061124087, 0.08827913887798786, 0.08578688260167837, 0.09045182960107923, 0.09144438104704022, 0.09348832275718451, 0.0743581940419972, 0.08586010746657849, 0.0922137714922428, 0.07397514572367073, 0.0904141330625862, 0.07668077833950519, 0.0905759172514081, 0.08162534302100538, 0.09077268159016967, 0.09722276013344527, 0.07858386971056461, 0.09460160275921226, 0.10084643941372633, 0.09022188009694218, 0.09124753111973405, 0.0810381717979908, 0.08587116952985524, 0.0956590773537755, 0.08010034309700131, 0.09435251560062169, 0.07611071416176857, 0.07435778612270952, 0.07521245870739221, 0.08159210979938507, 0.06929035414941609, 0.07381219631060959, 0.07702152701094747, 0.08828210216015578, 0.08227636460214853, 0.07506760684773325, 0.08527680514380336, 0.07922589210793377, 0.08423238135874271, 0.08938569854944944, 0.08749351287260651, 0.06863135965541005, 0.07588226757943631, 0.07072031707502902, 0.07747106468304991, 0.0919332609511912, 0.08148366110399366, 0.06896944842301309, 0.07827760735526682, 0.0698224843479693, 0.08324110303074121, 0.09253764697350561, 0.06651965938508511, 0.09367936151102185, 0.08439615266397596, 0.07952943574637175, 0.08510954715311528, 0.0858775855973363, 0.06698911958374083, 0.08154559275135398, 0.07211554944515228, 0.08830309389159083, 0.07873157383874058, 0.07202785862609744, 0.08311373507604003, 0.07840893962420523, 0.07550171054899693, 0.07280418640002609, 0.07644481584429741, 0.0777676347643137]
2025-12-06 06:05:25 - fedex - INFO - loss data:
2025-12-06 06:05:25 - fedex - INFO - [10.798131334781647, 0.35350894629955293, 0.1898437190800905, 0.17609114218503236, 0.15707537364214658, 0.14703579936176536, 0.15751725565642116, 0.1418785648420453, 0.14298277702182532, 0.14690561778843403, 0.15366736836731434, 0.1494273217394948, 0.12905202694237233, 0.15225847400724887, 0.12751725520938634, 0.14595879334956408, 0.12889694180339573, 0.1533412545919418, 0.13548678420484067, 0.14628598690032957, 0.14410791415721177, 0.13397927228361367, 0.14445687606930732, 0.1317204864695668, 0.11779845524579287, 0.128272835444659, 0.11618218971416355, 0.1273160967975855, 0.127845461294055, 0.12200490031391382, 0.12831751462072133, 0.12474611774086952, 0.11819074936211109, 0.12354053743183613, 0.1176716897636652, 0.11595300808548928, 0.12229754840955137, 0.12159199714660644, 0.12279476281255483, 0.11755472561344504, 0.11364574935287236, 0.11384130343794822, 0.1068765272386372, 0.11977099012583495, 0.11278361277654766, 0.12260649260133505, 0.11947534494102001, 0.11924105156213045, 0.10615578852593899, 0.0993783038109541, 0.11348560787737369, 0.1261314980685711, 0.10053666103631258, 0.10715789254754782, 0.10005320757627487, 0.1097675290890038, 0.10232882667332888, 0.09805762246251107, 0.1059360251761973, 0.11415124721825123, 0.11620413176715375, 0.11544977817684413, 0.11592115303501488, 0.12138185612857341, 0.11403227224946022, 0.11161289904266596, 0.09107280494645238, 0.09858634136617184, 0.10856888042762876, 0.11796690104529262, 0.09616127684712411, 0.11582008972764016, 0.10717124799266457, 0.10103274881839752, 0.09154392508789896, 0.10509452288970351, 0.10328511167317629, 0.11080478206276895, 0.10974454870447517, 0.10594390193000436, 0.09301555519923568, 0.10743035711348056, 0.09805163647979498, 0.0917587025091052, 0.10331898005679249, 0.09740865044295788, 0.1021178019233048, 0.09569571064785123, 0.09259896399453282, 0.10602785572409629, 0.08469520425423979, 0.07511057006195188, 0.09540467066690325, 0.10282207187265158, 0.09724239241331815, 0.09581008069217206, 0.09471800597384572, 0.08871677536517382, 0.09944887785241008, 0.09999117273837327, 0.09650270817801357, 0.09128910601139069, 0.10445766504853964, 0.0905115781351924, 0.09579552309587597, 0.09942464651539923, 0.09822129812091589, 0.09365866035223007, 0.09190885573625565, 0.08613492147997022, 0.09388422006741165, 0.08309693597257137, 0.09404030949808657, 0.08814328461885451, 0.1071931030601263, 0.09235634310171009, 0.09599917773157358, 0.08013029657304288, 0.08408420598134397, 0.09076665341854095, 0.07830510437488555, 0.08658289462327956, 0.0892248960211873, 0.0926616394892335, 0.10062926905229688, 0.08029026305302978, 0.08103823093697429, 0.09400351047515869, 0.0833009896799922, 0.08979666735976935, 0.0850819862447679, 0.08521360484883189, 0.07945295087993146, 0.08943215385079384, 0.08351414408534766, 0.0810061666648835, 0.08496728194877505, 0.0990544238127768, 0.08690985320135952, 0.07043056720867752, 0.08531955340877176, 0.09097209190949798, 0.08419317957013844, 0.07643181122839451, 0.08767818864434958, 0.07990461876615881, 0.07893552081659436, 0.08814922319725155, 0.0830447619780898, 0.10342642841860653, 0.088096431363374, 0.07336317342706025, 0.08342754319310189, 0.07974116560071706, 0.08678150335326791, 0.07475145207718015, 0.08635104475542904, 0.08781790253706276, 0.0973081124946475, 0.06873620469123126, 0.08330148551613092, 0.07997021544724703, 0.07551168939098715, 0.0715026419609785, 0.08056266512721777, 0.08356697214767336, 0.07820513332262635, 0.06776033705100418, 0.08729317188262939, 0.0698368230368942, 0.07991953184828163, 0.0695053342729807, 0.07686529038473963, 0.09889995958656073, 0.09365071840584278, 0.07975041717290879, 0.07306223772466183, 0.0820078152231872, 0.07749072145670652, 0.09362314362078905, 0.08353987159207463, 0.08343819379806519, 0.08686952027492226, 0.09041832108050585, 0.08078357446938753, 0.07359526292420923, 0.07231209566816688, 0.07879603160545229, 0.07441007453016937, 0.07273016860708595, 0.07475460730493069, 0.07076731864362955, 0.07696688333526254, 0.08379678605124355, 0.08486238531768323, 0.07989803198724985, 0.08236999502405523, 0.09010204272344709, 0.08769989497959614, 0.09371251408010721]
