2025-11-06 02:20:01 - fedex - INFO - loss data:
2025-11-06 02:20:01 - fedex - INFO - [0.6905579866694385, 1.3728884869151645, 0.8720730621563761, 1.4340620584347668, 0.716206656509945, 1.3822901267558336, 1.179922846194945, 0.7036843618809961, 1.196279705217522, 0.8825857831389092, 0.8911029100418091, 1.3630882560844637, 0.7834064741929372, 0.7704144620434626, 0.9537265792489051, 0.9836289889075689, 2.572907312307507, 0.7045393310322919, 0.7028068747474916, 0.692365086482217, 1.0515662664547563, 0.7328352748195905, 1.3430766016244888, 0.9744453070064385, 0.9965906067586997, 0.9712986490305733, 1.1014886486764048, 0.9112937798102697, 0.9767420552670956, 0.5795181213044807, 0.45390347954299715, 1.1483496716246009, 0.8008452934262, 0.8420229108448614, 0.8121646734782391, 0.8367393957450986, 1.0451739028096199, 1.075898739695549, 0.7242421244581541, 0.7168244168162345, 0.7472614099582036, 1.047262705764488, 0.9756042835807879, 0.9294303411193061, 0.7449140972049351, 0.8251936314598695, 1.198563233949244, 0.9141489602747112, 1.1090660685052476, 0.5530251672284471, 1.1573964153726894, 0.8725859947502613, 0.7485559295887262, 0.7925182550802434, 1.1376730471588017, 1.284636194507281, 1.0120557447274525, 0.847648108877193, 1.1524006724357605, 0.8841542568715179, 0.6996916130769487, 1.243029858916998, 0.9053500697893255, 1.1256472567717235, 0.8549715799997466, 0.9613869761427244, 0.96992377191782, 1.052656577527523, 1.2401478473717968, 0.9265327427317114, 1.1627670065009672, 0.9122281576457776, 0.7550685055946049, 0.4823166576835017, 0.9853884378034208, 0.7693082441575825, 0.7349600691691434, 0.685167270583204, 0.5605385854529837, 1.0534791500928502, 1.6364157988744623, 0.8911979338154197, 1.2981188545624416, 0.7222975121653326, 1.226592406630516, 1.4072385251522064, 1.357127569615841, 1.1765917018055916, 0.863607416871716, 0.6113112561747824, 1.0375742574825007, 1.3237041100445721, 1.2805756742463392, 0.6397913091472889, 0.7527413728336493, 0.9868466454116922, 0.9609866683474846, 0.7089203194611602, 0.8237173209587733, 0.7474968711535136, 1.1119937300682068, 1.663585574262672, 1.082270942369683, 0.5542148609560181, 1.0142986360523436, 0.8110872209072113, 0.9541750363352006, 0.8596657648682595, 1.1670423719618057, 0.736499456051541, 0.7327463573672706, 1.2033490743488073, 0.9678843926800333, 0.9631354200964173, 0.844779510051012, 0.7733762730722842, 1.7991663962602615, 1.1154258406921929, 0.8055948205292225, 0.9717380226534955, 1.0319071950062233, 1.219002266228199, 0.9607833272413067, 0.4319899974701305, 2.6862142086029053, 0.7655606996513119, 1.2589219553067403, 0.819935046001405, 0.9410984516143799, 0.9422096483409405, 0.7338605134023561, 1.5918071880936622, 1.0498458488899118, 1.1401454452155293, 0.7673033016423385, 1.1675948798656464, 0.7640554958747493, 0.9229930524268877, 1.3326519611565506, 1.0708043072372675, 1.0292421032985053, 1.1198719301157527, 0.9741853587329388, 0.9076619669795036, 0.8569202527403832, 1.0006650134354182, 0.9980931095778942, 1.0152072136600812, 1.092283672269653, 0.8857560997207959, 0.8772535910829902, 1.0267771086272073, 1.193311930530601, 1.028636564811071, 1.0247486587069188, 0.7930649065601281, 1.0190144406010706, 0.8505052621165912, 1.0327046260237693, 0.8818032674542553, 1.2514947671443224, 1.0048504778080516, 1.1274188792004305, 0.7606577318357794, 1.1016738853520818, 1.477775323547815, 1.2268124043941497, 1.0410152173217606, 0.9050345926856, 0.913569493827067, 0.7653383329510689, 1.2028483916074038, 1.304568908962549, 1.300911071896553, 1.2681206539273262, 1.2567375799020133, 1.0574292593142567, 1.1771759747163109, 1.186387741834753, 0.9732778191566467, 1.1410489001351853, 1.2149324516582367, 0.8046937448283036, 1.170798893093758, 1.1756381930089463, 1.1442668287100806, 0.9355182993807564, 1.3325969676176705, 1.2491558641195297, 1.1615125743770285, 1.0740145904322465, 0.9451264425536285, 1.093423743546009, 1.3102066981441833, 1.1544360269213576, 1.2600627629195942, 1.1184222638607024, 1.0616607586542766, 1.1230241777456325, 1.2218786614636579]
2025-11-08 13:54:11 - fedex - INFO - loss data:
2025-11-08 13:54:11 - fedex - INFO - [0.7088117919690711, 0.9186208037866486, 1.1199780847681196, 1.5359737285796333, 0.639095830177202, 1.2633774150162935, 1.065748150411405, 0.7019582206477829, 1.4482514587515551, 0.9701224012905374, 0.9241244100034237, 1.6381748699479632, 0.8837345898151397, 0.7348123622666064, 0.9437794514000416, 0.823384203761816, 2.434649608524827, 0.6809023163810957, 0.7545227213607479, 0.7341530037422974, 1.045542755164206, 0.7545790937751675, 1.3164990916848183, 0.9531296321501335, 0.9933923433589584, 0.9869319380206221, 1.0762086113293967, 0.8973837544520696, 1.0072369053959846, 0.5989461642690003, 0.4343632698317783, 1.1719104517251253, 0.7630698331876805, 0.8159387320541499, 0.7560862585281332, 0.8686236441135406, 0.9418857958167791, 1.0872665372987589, 0.6879841595888138, 0.6910928636789322, 0.7289255501495467, 1.048976636148597, 0.9662671177800185, 0.9075487207686692, 0.7868374859129912, 0.8271911523705666, 1.2003775322809815, 0.9425920414817489, 1.0996836805716157, 0.5216208880042864, 1.1280180444320043, 0.9016934563716252, 0.7697675696580238, 0.7439805998246332, 1.322533156396004, 1.2378895183404288, 1.0226756930351257, 0.9379214567734915, 1.054031029343605, 0.8866847556303529, 0.6938804458899825, 1.2385350006322067, 0.9008182835052996, 1.2139632503191629, 0.9061350632378191, 0.9318608734756708, 0.9715854555368424, 1.120614694058895, 1.376753764692694, 0.9847946631557801, 0.9063879614042347, 0.8412299191711856, 0.7880073720687314, 0.46477109079973566, 0.9650608017626736, 0.7565027872100473, 0.804516026554139, 0.7733358165197488, 0.5107397783237199, 0.9911108546269436, 1.455483758712516, 0.9336822665193014, 1.5377094693895845, 0.7326524531643506, 1.032143587736707, 1.3159387901425361, 1.1837601483696036, 1.3964327350258827, 0.8803205947957786, 0.6181663947277947, 1.1301936281516272, 1.2552328358093896, 1.184127204996698, 0.6374320862324614, 0.7375576686527994, 0.9057019568587604, 0.8920382236440976, 0.6869811842011081, 0.8309727112452189, 0.7547063191731771, 1.1913118302822112, 1.5240174382925034, 0.8803995365483893, 0.5665888164084458, 1.002018357316653, 0.8145345499118168, 0.9697381396565521, 0.8711223567525546, 1.1234718571934437, 0.8717231793133051, 0.8671758767631319, 0.9274723790585995, 1.0516446232795715, 0.9909300239756703, 0.8094304477175076, 0.7890029754759609, 1.6667688637971878, 1.116450045155544, 0.801817952344815, 0.9892801150971768, 1.0540335668141352, 1.287649030983448, 0.9447074074136175, 0.4339752981646193, 2.6565208435058594, 0.8265873982914185, 1.3116590076509644, 0.8029306732469064, 0.9713940706104041, 0.939973950261871, 0.721039940085676, 1.6187446430325507, 1.010345345034319, 1.2215090188859166, 0.7886413137118022, 1.1228976100683212, 0.7575611252751615, 0.8461167214681273, 1.288508203538025, 1.0557180307805538, 1.014888702581326, 1.045857740048733, 0.9809897921979427, 0.892900818089644, 0.8814609736204148, 1.0151146450282438, 0.9992315415292978, 1.0139968745410441, 1.0682361567137288, 0.8880972375472387, 0.7671588170342147, 1.0663893429672018, 1.1126906938023038, 1.0618869157301054, 1.0075813960175068, 0.8131175805248465, 1.0264369231959183, 0.8851077978809674, 0.9913367328544458, 1.072095684758313, 1.1251246929168701, 1.128048790825738, 1.119997644202997, 0.8175289718205468, 1.2335224491026666, 1.3154933750629425, 1.1726645916700362, 1.0890222724307987, 0.9306819991519053, 1.091943600067967, 0.9635234236717224, 1.1042131446301937, 1.2733839580825732, 1.3175489455461502, 1.1951230466365814, 1.2165961662928262, 1.105707568280837, 1.1269573702112488, 1.201368973693914, 0.9784633189439773, 1.1161025701441627, 1.15340169467737, 0.8801194416979949, 1.126485596722959, 1.1791181494207943, 1.097688486424762, 0.9439659027949623, 1.266432306667169, 1.2311665669083596, 1.0878030493071205, 1.0692798861612876, 0.9732707853694469, 1.137752315402031, 1.3028805913294064, 1.143785790752267, 1.2383291230482214, 1.2356683522462846, 1.0588300362229348, 1.1225452872074169, 1.2840778579314551]
2025-11-09 19:00:55 - fedex - INFO - loss data:
2025-11-09 19:00:55 - fedex - INFO - [0.6944490774706202, 1.1688902561138903, 0.9197659868943064, 1.4738692001384848, 0.6407175584532844, 1.2836849931627512, 1.164808761132391, 0.6985349816040716, 1.3143414393739983, 0.9001709276529224, 0.8658117262025673, 1.4095711204895958, 0.7675726108253003, 0.7145975122571384, 0.9750703945755959, 0.8466599509326949, 2.5902240263919034, 0.6929776785785662, 0.6207999911987119, 0.6587916266483564, 1.0437999479472637, 0.768549607121858, 1.3600925020873547, 0.9679195976505677, 0.9976643341429093, 0.9871388647486181, 1.1369399264747022, 0.9203502784172694, 0.9817329309880733, 0.5678185019985234, 0.43235262145495246, 1.148474008155366, 0.7597925268897885, 0.8218555956033238, 0.8103151803629266, 0.8292941078543663, 0.9764718890190125, 1.088726465155681, 0.6817230880260468, 0.7112533410390218, 0.7528774047063457, 1.048861712217331, 1.0017094676888068, 0.9230886237663136, 0.7715542135727511, 0.8399900555749058, 1.2315859384834766, 0.9386041796480129, 1.1319012685368457, 0.5375868649635878, 1.0476997862259547, 0.7973707920147313, 0.7454585576904755, 0.7968894587339539, 1.1790174935993396, 1.2243436425924301, 0.993458370367686, 0.9247181734277142, 1.0801277309656143, 0.8963975400170859, 0.71407076596812, 1.1865203782088227, 0.9007419882451786, 1.0982358256975808, 0.8482438491271007, 0.9625138298918804, 0.9419873632490635, 1.0312386929988862, 1.260625416257729, 0.9322335794568062, 1.3983658546818778, 0.9532273728688805, 0.7595909323608666, 0.45689382310956717, 0.9350505239433713, 0.7817953972145916, 0.7205231637742958, 0.8056581224728789, 0.5252087357609222, 0.9444462579364579, 1.461211877710679, 0.9339708931640619, 1.3579647338224783, 0.7194513875982581, 1.2003933073658692, 1.3563427845637004, 1.2923136721882555, 1.2251590341329575, 0.8658964027376735, 0.5875141097624835, 1.0755228742080576, 1.187646107127269, 1.3588243871927261, 0.6383017335871333, 0.7730664821962515, 0.9575170270706478, 0.7910091968563695, 0.7290946572191186, 0.8576266045371691, 0.7520501099526882, 1.1507533572614193, 1.4132748941580453, 0.8585169768581787, 0.5582060860110005, 1.0173800715969668, 0.7914188131690025, 0.9428600681978359, 0.8806038059294223, 1.1900438816183143, 0.9113475473663002, 0.8420814383361075, 1.0246576806530356, 1.0300404914047407, 0.9801185811559359, 0.876958039899667, 0.7866247795198275, 1.7472618967294693, 1.107786622409727, 0.8033188072343667, 0.9678777077034408, 1.0427925208145203, 1.251693642139435, 1.031723370856565, 0.45004437817260623, 2.546086758375168, 0.7507466983883396, 1.2009350122336078, 0.7845367128704337, 0.9368676461279393, 0.9350583514819543, 0.7361112247738574, 1.6665054440498352, 1.1009674668312073, 1.1582999682944755, 0.7858309671282768, 1.267142117023468, 0.7374490888582336, 0.8318187591174375, 1.334908483440385, 1.066979894414544, 1.0149302768210569, 1.119736529369321, 0.9654973022639751, 0.914256906012694, 0.8524687200784683, 1.0099208870011827, 0.9952424764633179, 0.9908966285487015, 1.060529496155533, 0.8746234511335691, 0.7246785193371276, 1.0454560069915126, 1.1319100972678926, 1.028146405186918, 1.0410362301252738, 0.8346360020972544, 1.0107042886316777, 0.8632825059195359, 1.0335355053345363, 1.0080030866018421, 1.1488120751455426, 1.1367606537209616, 1.0861791427198209, 0.8510074201775224, 1.0654735358224974, 1.4549316857990466, 1.2956971742212773, 1.0552053689956664, 0.8043312299996614, 0.9998751103355175, 0.853810497334129, 1.1715754866600037, 1.256801162572468, 1.3003650173544883, 1.1997891984879971, 1.1855683823426566, 1.0129179840578753, 1.1621378776819808, 1.119066871702671, 0.9990023796757062, 1.1118724110981693, 1.1854780747381317, 0.8282617603739102, 1.1606821862937848, 1.105436917905714, 1.1940227628861417, 0.9805702593697563, 1.232044705748558, 1.2254154413938523, 1.1315570029577142, 1.0675029928485553, 0.9463688147384763, 1.038593815267086, 1.2658955717788023, 1.1528607834406825, 1.1751399145406836, 0.9735255504647891, 1.1123222589492796, 1.1276300603928773, 1.1239454740037522]
2025-11-10 17:14:43 - fedex - INFO - loss data:
2025-11-10 17:14:43 - fedex - INFO - [0.6944490774706202, 1.1688902561138903, 0.9197659868943064, 1.4738692001384848, 0.6407175584532844, 1.2836849931627512, 1.164808761132391, 0.6985349816040716, 1.3143414393739983, 0.9001709276529224, 0.8658117262025673, 1.4095711204895958, 0.7675726108253003, 0.7145975122571384, 0.9750703945755959, 0.8466599509326949, 2.5902240263919034, 0.6929776785785662, 0.6207999911987119, 0.6587916266483564, 1.0437999479472637, 0.768549607121858, 1.3600925020873547, 0.9679195976505677, 0.9976643341429093, 0.9871388647486181, 1.1369399264747022, 0.9203502784172694, 0.9817329309880733, 0.5678185019985234, 0.43235262145495246, 1.148474008155366, 0.7597925268897885, 0.8218555956033238, 0.8103151803629266, 0.8292941078543663, 0.9764718890190125, 1.088726465155681, 0.6817230880260468, 0.7112533410390218, 0.7528774047063457, 1.048861712217331, 1.0017094676888068, 0.9230886237663136, 0.7715542135727511, 0.8399900555749058, 1.2315859384834766, 0.9386041796480129, 1.1319012685368457, 0.5375868649635878, 1.0476997862259547, 0.7973707920147313, 0.7454585576904755, 0.7968894587339539, 1.1790174935993396, 1.2243436425924301, 0.993458370367686, 0.9247181734277142, 1.0801277309656143, 0.8963975400170859, 0.71407076596812, 1.1865203782088227, 0.9007419882451786, 1.0982358256975808, 0.8482438491271007, 0.9625138298918804, 0.9419873632490635, 1.0312386929988862, 1.260625416257729, 0.9322335794568062, 1.3983658546818778, 0.9532273728688805, 0.7595909323608666, 0.45689382310956717, 0.9350505239433713, 0.7817953972145916, 0.7205231637742958, 0.8056581224728789, 0.5252087357609222, 0.9444462579364579, 1.461211877710679, 0.9339708931640619, 1.3579647338224783, 0.7194513875982581, 1.2003933073658692, 1.3563427845637004, 1.2923136721882555, 1.2251590341329575, 0.8658964027376735, 0.5875141097624835, 1.0755228110972572, 1.187646083947685, 1.3588244660812265, 0.6383016960401284, 0.773066365160048, 0.9575166088577949, 0.7910027492067053, 0.72909364849329, 0.8576176464557648, 0.7520517334342003, 1.1507126361131668, 1.4122207860151925, 0.8556253293322192, 0.5608766713463094, 1.001617095536656, 0.787256268163522, 0.9442767729623276, 0.8830935920278231, 1.1815628627108203, 0.8955288149841261, 0.9191842818425762, 0.8903853669762611, 1.077522920979106, 0.9875856077919404, 0.8826010910173256, 0.7858288709236227, 1.7451323320468266, 1.1302869559795248, 0.8285571200152237, 0.9671927258664487, 1.0324981460238205, 1.2206987008452415, 1.0202125297940294, 0.39962864072165555, 2.6314864307641983, 0.7041184938218641, 1.121105544269085, 0.7705857046690864, 0.9514340210705996, 0.9433547433465719, 0.7585494202044275, 1.4345215532928706, 1.0570816713220932, 1.088675580378892, 0.7276065337161224, 1.246450662612915, 0.7285187157491844, 0.9060610093824242, 1.2219328900032185, 1.0584442429244518, 1.03223941847682, 1.1642191904700465, 0.9762549504637719, 0.9117458646496137, 0.8635638877749443, 0.9990669587303115, 1.00587241910398, 1.0088466395934423, 1.095881730610249, 0.8736226494113604, 0.7178875872244438, 1.0562955582404836, 1.1187715182701747, 1.0747906267642975, 1.0147393673048382, 0.798248256976698, 1.0203031341234843, 0.8565541202823321, 1.0145723164081573, 0.9446563979512766, 1.2407761116822562, 1.087494418852859, 1.084180507312987, 0.7966624112244238, 1.113997076948484, 1.2913737367642553, 1.183813525736332, 1.159393606904675, 0.9827828003714483, 1.1281192460603882, 0.9737253811798597, 1.1103345844894648, 1.2455825066449595, 1.2678019421796005, 1.2319203816354274, 1.337828447421392, 1.0672376278568716, 1.1635686061952426, 1.197534827205042, 0.9540108894308408, 0.9817907961382382, 1.1296509463921227, 0.9235039185732603, 1.1387529245118047, 1.123234271126635, 1.0985727393221192, 0.9187771159328639, 1.3276710604627926, 1.2513977944850923, 1.1248380745712079, 1.0776177781323593, 0.9796465066967954, 1.1879242584109306, 1.3220802983816933, 1.1592742846445048, 1.1552191657178543, 0.9567630658547084, 1.2494395275910697, 1.1505196509801823, 1.1349606843044362]
2025-11-11 09:48:21 - fedex - INFO - loss data:
2025-11-11 09:48:21 - fedex - INFO - [0.6845029003084883, 1.0508035463694898, 0.9967216484640774, 1.5143921086016823, 0.6028621865567146, 1.2225555554032326, 1.1590940568007921, 0.6971452097826893, 1.2107114844645064, 0.9227114687947666, 0.8555763304233551, 1.4797887073978524, 0.7900431466599305, 0.7205098964347455, 0.9988171301782132, 0.7517404537027081, 2.476770994719118, 0.6894130130828011, 0.7611825747622384, 0.7250612534893056, 1.0381316067650914, 0.7352212490378947, 1.4113561362028122, 0.9833031537632148, 0.9944331768681021, 0.997588352245443, 1.2113162688180512, 0.9484178076187769, 0.9955626614391804, 0.5715105022450812, 0.4261715510704865, 1.1429577022790909, 0.8047990016639233, 0.7830352546614513, 0.8079366547365983, 0.7785929432138801, 0.9769320473074913, 1.110671671728293, 0.6636983767151833, 0.6960732576747735, 0.7416048401759731, 1.0754480057052875, 0.9196928791409613, 0.9262019994488935, 0.7392466329936789, 0.826611179685445, 1.1824110317975283, 0.9269781518861457, 1.1013361625373363, 0.5311860779507293, 1.1521853720148405, 0.9534067091842493, 0.7601236370848674, 0.8000980067115866, 1.169710275112537, 1.2345619599024453, 0.9128281970818837, 0.8836279910520402, 1.0928196161985397, 0.8975662442252916, 0.6949746952045198, 1.3568833499319024, 0.893217872170841, 1.1829847743113835, 0.8521714961796353, 0.9316175524145365, 0.9472484484314918, 1.047268456220627, 1.3314338017565508, 1.0199617739109432, 1.14275065019498, 0.8797722998141504, 0.7630624749942829, 0.48160636987433664, 0.978728339696924, 0.746460920991376, 0.7443760253341967, 0.7502429270858152, 0.5197646038399802, 1.0365349100902677, 1.4519214709015453, 0.9340641336101624, 1.2984519807828798, 0.7272717244155893, 1.2416740965686346, 1.3898226673404377, 1.1822632269726858, 1.1764518432319164, 0.8726201924915407, 0.7040902920508463, 1.204213489942691, 1.2677952496127949, 1.3243113107541027, 0.6483831866399238, 0.7550743919693761, 1.0060629174113274, 1.0145271773346596, 0.7494551001323594, 0.8269685084621111, 0.7431645318865776, 1.1745841309428215, 1.5510382130742073, 1.050486887494723, 0.5649644732970186, 1.0299237569173176, 0.7890000542004902, 0.9873882741258855, 0.878417099515597, 1.2247362989518378, 0.8641066368538559, 0.9646706773175134, 0.851130461320281, 1.1369037073591481, 0.9937969516962767, 0.7933220913012822, 0.7917576626591061, 1.7290473878383636, 1.1411333446993548, 0.8521437135835488, 1.0148541174098558, 1.0552211959353266, 1.2746459603309632, 1.0250954461162505, 0.5214130427274439, 2.1104364544153214, 0.7850501213320776, 1.353072608481435, 0.8374362292807496, 1.0181134887039662, 0.9484558008611202, 0.7610498415927092, 1.6302308812737465, 1.0687568424379124, 1.3026531263106111, 0.7951183294256527, 1.1680743843317032, 0.7641214600039853, 0.8710051290690899, 1.2427240651758278, 1.0801266189664602, 1.015464218954245, 1.0142110778639715, 0.9544309079647064, 0.8878017673889795, 0.8381140328943729, 1.0012649605455606, 1.0005390010774136, 0.9977978584667047, 1.0387096630007613, 0.8828803703188897, 0.8622781696418921, 1.0150365837356623, 1.1374977810515299, 1.1288355067372322, 1.0380375458918816, 0.7886725858925214, 1.0324894178658723, 0.8668121211230755, 1.0015756368637085, 0.9440847740293368, 1.1636176571870844, 1.0186860321296587, 1.149308475639798, 0.8154817008266324, 1.221313597427474, 1.567443418659662, 1.2552375212311744, 1.194132664405248, 0.7929398032526176, 0.9787623319970933, 0.7783460110818086, 1.2271361090242863, 1.322150892778939, 1.3176944208641848, 1.2585369393229484, 1.1322609931230545, 1.040559642455157, 1.2713208943605423, 1.239252608579894, 0.9907575393716495, 1.074579320826392, 1.1212972392282827, 0.9763934643318255, 1.094480100190243, 1.1078145492310618, 1.107649124028513, 1.018765884351403, 1.1869110450148583, 1.1296828498442968, 1.1378404617701707, 1.0741206388920546, 0.9920617966836202, 1.038443699479103, 1.2131090181715347, 1.1115421712246087, 1.1614610245999168, 1.1442410786946615, 1.1045455783605576, 1.1045095243531726, 1.1515442319214344]
2025-11-13 17:56:05 - fedex - INFO - loss data:
2025-11-13 17:56:05 - fedex - INFO - [0.6959050112207861, 1.3514217301375337, 0.8710171148965233, 1.645010166308459, 0.7675857976846919, 1.4148901896551251, 1.1757685181341673, 0.9901330604460901, 1.6509544489801757, 1.1284557441082756, 0.8030254264672597, 1.2273377726475398, 0.8038772566864888, 0.6334527584626094, 0.8763283060863614, 1.0616771187219354, 2.26136839374279, 0.5972815188761873, 0.5511649050749838, 0.5941991771881779, 0.8222544696182013, 0.4919783598810866, 0.9609028026461601, 0.6100587751716375, 0.63215703166583, 0.6260491364142474, 0.5885303583653534, 0.4324168711900711, 0.586765518411994, 0.3043498519464935, 0.27077814764399794, 0.6567072818676631, 0.37279393680785833, 0.49768887130184136, 0.3314353911620047, 0.3070661476813257, 0.47149286810308694, 0.5543134999771913, 0.31428800647457444, 0.3600583570698897, 0.3987221736460924, 0.45571332003333065, 0.5791608297138238, 0.4229313384806901, 0.29761881164373144, 0.435862014929392, 0.6619526077993214, 0.565671815959112, 0.473826531941692, 0.28787590219225323, 0.5737106688320637, 0.5109649697163452, 0.38266277403321136, 0.33100811689847, 0.5567668350903612, 0.695397620399793, 0.2804449459848305, 0.49191307075613855, 0.31033922266215086, 0.41012473831720214, 0.3947555594004727, 0.6637771003362205, 0.4368797468350214, 0.5801427115996679, 0.39112287471445717, 0.48302428020785254, 0.37631101938895883, 0.48860963694751264, 0.7564216598402709, 0.5130388486911268, 0.640245192120538, 0.3948087647049789, 0.3047267503448223, 0.23895567389651357, 0.4593995853016774, 0.4366595802363008, 0.3104294683465636, 0.3811921055562885, 0.20037036516522574, 0.7228596951657286, 0.9458233477438197, 0.4452570979224725, 0.5870772536016173, 0.27745657096226917, 0.7119956727286703, 0.35495269695917764, 0.634111457116281, 0.5255088331177831, 0.4524677651039526, 0.22708841548668907, 0.5845933900050381, 0.4837078886323272, 0.487200931262444, 0.1904524932860544, 0.27319047440929956, 0.22736353231103795, 0.41496462240141024, 0.28693295277965564, 0.24685961877306303, 0.27915420768161614, 0.6134743914008141, 0.587293334512247, 0.26106888633583164, 0.21681020577990867, 0.31529026540617144, 0.3596185905237993, 0.2991371952781552, 0.4541244217505057, 0.4759325699337448, 0.4204971223575341, 0.3177730280543781, 0.2384202911052853, 0.4784265203968338, 0.436386815054963, 0.2821021738151709, 0.263490849107072, 0.9262273624384155, 0.4970776568513875, 0.2531718790220718, 0.47954572035255383, 0.47065862205208225, 0.5891063464456238, 0.32353572838980216, 0.14695497170194155, 1.0307029038667679, 0.19274580044867962, 0.6073840308277046, 0.43560040502579533, 0.43336102850735186, 0.44560746056959033, 0.3040795115960969, 0.7127488909289241, 0.48500175248174104, 0.5863471845893756, 0.22705418275048336, 0.6379726678133011, 0.27800127160218024, 0.28911492622295476, 0.508328188347685, 0.3877798765897751, 0.27191520792742574, 0.40959953702824553, 0.5076522435992956, 0.44453508940835795, 0.4150092026218772, 0.395958065662695, 0.45110883424058557, 0.44806954190135007, 0.3800419411238502, 0.4492311085263888, 0.4911042432067916, 0.510876128493863, 0.4602286863131061, 0.33131097215745187, 0.3747081840574219, 0.31318921231547925, 0.4205801821313798, 0.41743583617111046, 0.5524672055073703, 0.33092296716183833, 0.4622563367399076, 0.3394901265079776, 0.44737664131511107, 0.34858709683216976, 0.34127441203842557, 0.6279688777500078, 0.3769095463678241, 0.5091038086396806, 0.30915144186777377, 0.4889660989898339, 0.3953734032809734, 0.4431740250438452, 0.5406722392083383, 0.5354177139699459, 0.5109830211848021, 0.36946921298901236, 0.339889757335186, 0.5122987807768842, 0.4687575247694945, 0.4284907379498084, 0.5017761404855527, 0.4691438603183955, 0.3481435741608342, 0.45647419518445764, 0.43844595609926706, 0.4653043462419104, 0.3514310370883489, 0.4658794682472944, 0.5171397089958191, 0.44932909376036967, 0.42871774826198816, 0.3565789817198031, 0.40253566615283487, 0.5654425594736547, 0.45856520903232456, 0.595678695861031, 0.62487458512187, 0.37658400808771453, 0.46499493350477317, 0.6335451658815145]
2025-11-14 07:45:46 - fedex - INFO - loss data:
2025-11-14 07:45:46 - fedex - INFO - [0.7039499222546032, 1.3929600593944391, 0.8569180079196629, 1.6595253926866196, 0.7890270764751588, 1.480846470221877, 1.1764345102404294, 0.951242996737415, 1.7884245320326753, 1.163139596886342, 0.8668116259078185, 1.482248751899331, 0.8999102408687274, 0.7184305866371448, 1.003712159022689, 1.150679974630475, 2.6479598158039153, 0.6890290248591233, 0.8136630428230597, 0.7646840613645811, 1.0506973378360271, 0.7552234415270855, 1.375541914254427, 0.899276885514458, 0.9173411226228756, 0.8784739287460552, 1.029008328330283, 0.7239603598912556, 0.8992016203701496, 0.4826423756288071, 0.4231697810296383, 1.1284166785577934, 0.7534148789157993, 0.8450350653968359, 0.7897251918911934, 0.7539162505418062, 0.9020082015544176, 0.9825329380730787, 0.5908840542038282, 0.6096589217583339, 0.6669677384197712, 0.8592371196535074, 0.8153523827105567, 0.7849960791175825, 0.5777015320409351, 0.6848808859616241, 0.9152613738551736, 0.8071651055304078, 0.8830737546086311, 0.40954723364363116, 0.6958751710752646, 0.7624756870998277, 0.502435347101852, 0.4807482402722694, 0.9146599995723942, 0.8603466153144836, 0.6248957049101591, 0.6699906483998681, 0.7054713647812605, 0.6255899250288219, 0.5274708150045982, 0.9145876148508655, 0.667526423054583, 0.8078535248835881, 0.5560451748178286, 0.4497529783596595, 0.5184477558359504, 0.6910221374128014, 1.0381588077483077, 0.7716393948477858, 0.5089341920163286, 0.5098347270705568, 0.4122480794787407, 0.27840570508916346, 0.6306001716810796, 0.5523094705150773, 0.4203080045623019, 0.5169148055914169, 0.2844446830697254, 0.8365825753038127, 1.1678531410939552, 0.5383431618877996, 0.8422944963806206, 0.3651849630393207, 0.6312501292283598, 0.7455966340998809, 0.7661396669508476, 0.7549065556377172, 0.49821281441870857, 0.30918086671858636, 0.6951812276726259, 0.7528689241217863, 0.6521914622143787, 0.27622637346288875, 0.2744655945134582, 0.35536700996913406, 0.45631261392069666, 0.3515697374112076, 0.514960303902626, 0.3433515512694915, 0.6967979893088341, 0.919219935636243, 0.5774755753817671, 0.2588964137532176, 0.4300386665595902, 0.3827442700664202, 0.4386939125364287, 0.4931286742289861, 0.5189314842638042, 0.4950067322096673, 0.3555408048585782, 0.549740637652576, 0.5139299960887951, 0.5021829164897402, 0.2890726253390312, 0.2647962324705947, 1.2346159797161818, 0.5648093577912625, 0.30118259477118653, 0.5067845904651811, 0.552076300688307, 0.5940908331423997, 0.42352456405110983, 0.19711300219124597, 1.4504444301128387, 0.289722320329594, 0.6516023889183998, 0.5055859630566387, 0.481368772033602, 0.5180929695256055, 0.34152339870731035, 0.7345249912177678, 0.5871614695471876, 0.6388198449343875, 0.22328262077644467, 0.8511598184704781, 0.3740366170596745, 0.37043111338077683, 0.6179262095076197, 0.5570117984898388, 0.4667856643597285, 0.4854135857700991, 0.5117015151306987, 0.4999033477157354, 0.44974850565195085, 0.47634546916283993, 0.5446751527488232, 0.4628838737805684, 0.5680592121446835, 0.5242667607963085, 0.5460101649320374, 0.5224256706588408, 0.5795502522442904, 0.5356652577304177, 0.4617544702139863, 0.4173867441470327, 0.4792876104824245, 0.43658683747053145, 0.4861192180154224, 0.39813793239181594, 0.6611837052429717, 0.4082053924600283, 0.5116644294776784, 0.36417585484552806, 0.4993363213207987, 0.7064752527757695, 0.42044815652279793, 0.5424499138532316, 0.4449307541362941, 0.5500474235337032, 0.3841632754566442, 0.5409724954515696, 0.43789747521719513, 0.5180815787365038, 0.5890670796856284, 0.5775622725486755, 0.5049728786244112, 0.5961892967638762, 0.5237632074082892, 0.4986882848044236, 0.5324255406856537, 0.5088671055024542, 0.3853530163566271, 0.5057923561891022, 0.5470192868481665, 0.5236365160798141, 0.40722350280910935, 0.5935767189910015, 0.6235671982169151, 0.5219485060753006, 0.43989427434280515, 0.4181117342452064, 0.5506816610693932, 0.6737266594872755, 0.5116878252123933, 0.6332718699293978, 0.6510671565930048, 0.5296269396940867, 0.49438768688427365, 0.7021558899432421]
2025-11-14 17:00:13 - fedex - INFO - loss data:
2025-11-14 17:00:13 - fedex - INFO - [0.7010745153713384, 1.3333292721874184, 0.8651329357373088, 1.6097516768118916, 0.6955722863867617, 1.2954002805054188, 1.2067955791165954, 1.000158245648271, 1.8592832764196727, 1.1779900859002872, 0.8724040120840073, 1.293924767524004, 0.844541056205829, 0.7100428377621268, 0.904135955683887, 0.9699634049501684, 2.3689826872044555, 0.5941881066663008, 0.5394120481796563, 0.5613641977931062, 0.7463574828580022, 0.46612417959756614, 0.7846346460282803, 0.6008715694770217, 0.6242610913537004, 0.5527069235549253, 0.6277356064494919, 0.4510374267896016, 0.6135672749951482, 0.27764335253864136, 0.25558828803865863, 0.6494825592574973, 0.35825112427731876, 0.5105345953713383, 0.3549580589040286, 0.3921038005501032, 0.533239221572876, 0.5465577901651462, 0.3770556343098481, 0.370301483074824, 0.42011977214780116, 0.46418956382886356, 0.5588301121701602, 0.41816738019125504, 0.268287390722738, 0.43209556256054726, 0.6015710160136223, 0.5197421893640269, 0.532821982788543, 0.2953933286221905, 0.715340775748094, 0.5077743268028523, 0.36495207449774336, 0.31682894361744585, 0.6140762722413791, 0.6151316594332457, 0.30078541673719883, 0.45935231405827737, 0.31439484003931284, 0.389999888234717, 0.37686124740296284, 0.6138107605899373, 0.4393763846772558, 0.5132351890206337, 0.40436321492350136, 0.3021484574613472, 0.4111997360363603, 0.33020747541449963, 0.7388653354719281, 0.4056386489640264, 0.38049299589341934, 0.4028042605833003, 0.3225874832847662, 0.21390404980144617, 0.4871953001452817, 0.4125705697496111, 0.2672657599476607, 0.40108801981749465, 0.2341640314940984, 0.6033013365231454, 0.9516802040093085, 0.4263780519961276, 0.6519918951930271, 0.2808836784333127, 0.5762514517103371, 0.42006441118816534, 0.5824645510098586, 0.6292187664657831, 0.4291745227633738, 0.2606287144896525, 0.5366162193172118, 0.5272054524846479, 0.5341701465932762, 0.233675325607979, 0.2529148242933338, 0.26628801623653425, 0.33389805921878074, 0.21657123855806681, 0.26258816942572594, 0.277466498563687, 0.5387096475809813, 0.5652984363130398, 0.2535188656507267, 0.1991019110366306, 0.37518411222845316, 0.19054798300688464, 0.3207949914626385, 0.4553325193623702, 0.4652841373976925, 0.40307394221931564, 0.2928412341732635, 0.2511249359231442, 0.45431544124756174, 0.4379183110470573, 0.19563948797682923, 0.3448446647034607, 0.9406513975312313, 0.4950428537147887, 0.3113263478347411, 0.4704562548474938, 0.4775351201019743, 0.5918032743036747, 0.3306191000358566, 0.14297381914285426, 0.909154012799263, 0.25239355636356203, 0.6005935987238498, 0.41898949446656025, 0.45225630290806296, 0.47091770547752576, 0.3039569327814712, 0.6218038894236088, 0.419627158299965, 0.4704284657980653, 0.23703303576136628, 0.5111798644065857, 0.22739496620164978, 0.27028794544141577, 0.546079007032163, 0.3552482440136373, 0.3054369452099005, 0.41543951258063316, 0.4702171767130494, 0.4241712817301353, 0.37520425394177437, 0.417655741026544, 0.4235450606793165, 0.4521853607147932, 0.3995994940838393, 0.43392097018659115, 0.36905513571885723, 0.48971417101428794, 0.3494800112158474, 0.4283898063004017, 0.3649422794427962, 0.33779819820531237, 0.4348328979996343, 0.4019591107964516, 0.49442808292418094, 0.3486013495250343, 0.48648458362246555, 0.37330041349762016, 0.43486064609036357, 0.3275757439924698, 0.336837206967175, 0.5360398880745235, 0.4589416827773675, 0.5206656062208554, 0.28699649474583566, 0.4864919396868923, 0.37147027863875814, 0.46413163747638464, 0.4785594867871088, 0.5210695077975591, 0.5128841448575259, 0.3562678527086973, 0.3180932371931917, 0.49676393442179845, 0.44174673015044796, 0.3867441112796466, 0.512206097335919, 0.47716581604688824, 0.3387785744853318, 0.4595790589537919, 0.4139589166232184, 0.44259582173898127, 0.3479238588200963, 0.4653671320527792, 0.49972516049941385, 0.4411662358692602, 0.4083529021590948, 0.3622937355424471, 0.36741381250321864, 0.5001804175622323, 0.4683563335491416, 0.50821554748451, 0.5395138313372929, 0.3762830264866352, 0.47414490774921747, 0.5480441382775705]
2025-11-22 03:57:34 - fedex - INFO - loss data:
2025-11-22 03:57:34 - fedex - INFO - [1.0495814772943657, 1.0360025092959404, 0.6752577174025086, 2.2964122832335274, 1.9202495109703805, 1.04262290596962, 1.3127173211957728, 1.693598753048314, 0.7915786853681008, 0.7911947568257649, 1.6499976153884615, 0.8210222132503986, 0.7531237751245499, 1.2548757907417085, 0.6990917800811299, 0.5659662577493761, 1.3666946253783645, 1.296339819828669, 0.5880426781187797, 0.9744998050275547, 0.776951340782015, 0.6416636536518733, 0.7945537531541453, 0.6587944815556208, 0.5510220348321158, 0.6067732617450066, 0.5290093928575516, 0.3958282907230732, 0.8432159200310707, 0.5346381198047684, 0.46385594581564266, 0.8457669127318594, 0.4633930128422521, 0.5043661207222102, 0.439367106029143, 0.38708120953832936, 0.5241473242640495, 0.4663706300780177, 0.4324142623958843, 0.5145964859674375, 0.4997035059424346, 0.4952033410469691, 0.39892946990827716, 0.5036550822357336, 0.5121421044899357, 0.35535655555625756, 0.4242894897858302, 0.44872397308548295, 0.4350953216354052, 0.3277654889672517, 0.8321023493384322, 0.5453526899218559, 0.5054454551388821, 0.33931289464235304, 0.31437837039379196, 0.39836096784306896, 0.43152666619668406, 0.34327830797770903, 0.48637724828360407, 0.7426004866138101, 0.4189740164205432, 0.7716310855001212, 0.4877916065355142, 0.3293743429886591, 0.3092661316987577, 0.39753432579730685, 0.35010917542180175, 0.5209219195879996, 0.2856351393274963, 0.46441196480558977, 0.7110907611878294, 0.4682544768477479, 0.46007064627483485, 0.3830528141309818, 0.48123723222340786, 0.3250467949065155, 0.3990085565795501, 0.3006675961459505, 0.3157004889411231, 0.5127165652811527, 0.6079292395669553, 0.642939325993688, 0.37074824453641975, 0.35053085877249635, 0.4026173019693011, 0.8264622019810809, 0.3705076550226114, 0.38115484452185533, 0.2659024286736873, 0.5039990923057001, 0.2700405767083996, 0.2933212886435083, 0.31155856893311146, 0.3471355893804381, 0.34595828029470377, 0.5457951575517654, 0.31994129542727023, 0.3105672700330615, 0.4031050747881333, 0.35317554216211045, 0.40066244453191757, 0.19944453877450405, 0.5515778727829457, 0.33946180020769434, 0.42900590896606444, 0.25096613541339724, 0.5083929033329089, 0.35106236810485525, 0.2918142521354769, 0.5049154145133674, 0.38920615936319036, 0.455829029964904, 0.2693588590666909, 0.45799996877710025, 0.41899831146001815, 0.30667293903728327, 0.4187616632164766, 0.298959465453831, 0.3754575805117687, 0.30387353344510004, 0.38931893222033975, 0.4904242387662331, 0.3049075247143351, 0.6653795135207474, 0.35038165745668504, 0.2761839681949753, 0.42276606067187256, 0.3370508475539585, 0.22779983955959993, 0.5831276150420308, 0.21229696492306316, 0.33346844681849086, 0.3288622293979503, 0.7578557807331284, 0.7825698653856913, 0.2533970568329096, 0.3977753412806325, 0.49933798580120003, 0.31424125318105023, 0.38313692918136005, 0.37572730510599084, 0.36840787157416344, 0.4551563110379946, 0.40378344230926955, 0.1666212658612774, 0.8441196169393758, 0.3552093177050766, 0.31312987953424454, 0.37073765210807325, 0.3726435493056973, 0.4234588574618101, 0.4410950168967247, 0.3981649145483971, 0.28246574867664975, 0.4836933292662873, 0.5819370690733194, 0.4388762295532685, 0.47390725240111353, 0.3598695341306619, 0.3365994623551766, 0.3332230504602194, 0.34602643592904014, 0.32928311864012166, 0.3213998893896739, 0.35718528988460696, 0.30555907557585704, 0.48996258473822046, 0.3300666376017034, 0.39949068520218134, 0.37927021707097686, 0.37687594468394914, 0.36776255094691324, 0.32272889061520493, 0.22188452236258832, 0.43646928034404403, 0.3650339703577069, 0.2370483107505399, 0.4114759551584084, 0.7001644160066332, 0.5413167979008049, 0.41931189770499866, 0.6085628715272133, 0.5294155094672666, 0.36599250133524, 0.42633756871024764, 0.31634893930620617, 0.3866411343216896, 0.3133187587062518, 0.5074512440907328, 0.3585867033950214, 0.37354673739326627, 0.3260392359936768, 0.3077882654344042, 0.34712623916566376, 0.4331722186257442, 0.24807394078622264, 0.3334451819438188, 0.3733017162109415, 0.5950637826962131, 0.44065110087394715]
2025-11-22 06:30:58 - fedex - INFO - loss data:
2025-11-22 06:30:58 - fedex - INFO - [0.8042914072672527, 0.8600834139837669, 0.9108489981955952, 0.9810106779138247, 0.8542014385706613, 0.9190090977554691, 0.8422754583777963, 0.6840427557113526, 0.7979166265648443, 0.8127424651655284, 0.6342241408733221, 0.5384651954130579, 1.7395119559951127, 0.8913738341691593, 0.6919588691421917, 0.4357866846128471, 0.6741431107848329, 0.38714797236025333, 0.7591613775644547, 0.6913155272332104, 0.5382999162234011, 0.543355984534797, 0.3641174799607446, 0.426909584021478, 0.5853454039585545, 1.2511533945798874, 0.5028187226326692, 0.5611493236252241, 0.5894594947592571, 0.5279910418515404, 0.5189001036009618, 0.5138950978095332, 0.4384997673332691, 0.6677007165604404, 0.4495501612024061, 0.5222283155471086, 0.4610901061401126, 0.4986217959783971, 0.48589583379216494, 0.45695715559453803, 0.5220423061400652, 0.4205212078833332, 0.46279868825028336, 0.5163796259060739, 0.555003970270119, 0.4845862317830324, 0.37112503525885665, 0.36576176124314463, 0.6109120585024357, 0.4744909256696701, 0.4016221727554997, 0.5946463116755089, 0.39312191614437675, 0.5447767242375348, 0.5045809898791569, 0.37473980026940507, 0.31911401147954166, 0.45925079568881877, 0.40827429844913155, 0.46178894955664873, 0.423137736817201, 0.2965580041985959, 0.3933526300514738, 0.44671929523453013, 0.5164280384778976, 0.4577805103645438, 0.479293892160058, 0.3019507502981772, 0.513134755504628, 0.36819891492525736, 0.39516744597090614, 0.5402557553723455, 0.2553725701841441, 0.43002852057417235, 0.4691194205821215, 0.3531481892890136, 0.42469088771733743, 0.44430934662620225, 0.36695095511346026, 0.4620931366872456, 0.3455246641867976, 0.4160758263369402, 0.34943366170461687, 0.4852679292857647, 0.3839022069947705, 0.44547468264188084, 0.4126045116711231, 0.4859818265669875, 0.45277297869324684, 0.40660192920929855, 0.2974125467583366, 0.38707655133171515, 0.390579261563041, 0.4018616613547702, 0.3488283453974873, 0.40337581382009197, 0.7580101097313067, 0.4384109219702493, 0.5303780451106528, 0.43816115625202656, 0.3988179173320532, 0.4450248933086792, 0.2889510982359449, 0.3416451721205416, 0.7308660708367825, 0.5491867722012103, 0.3510920788782338, 0.3652481720744585, 0.28562923903915693, 0.32905886041072124, 0.40861929704745614, 0.4241581284441054, 0.45648153622945153, 1.068868513374279, 0.8162614988783995, 0.4506611838682085, 0.256409451753522, 1.3419358676506414, 0.42277542120289235, 0.39074694858839243, 0.41524688950688626, 0.3709817247092724, 0.3263084785360843, 0.7712722938352575, 0.40591826890077853, 0.4277704770987233, 0.2969449621935686, 0.23211558203523358, 0.23908094339201164, 0.4084651533401374, 0.35669156672576297, 0.28988586033049685, 0.8207746706902981, 0.48332693402965865, 0.5126063009753588, 0.387656759818395, 0.4992938404237585, 0.38248484476159017, 0.4546067714691162, 0.43135412672365253, 0.35297272307798266, 0.4103231696256747, 0.4783461062745614, 0.3927866446857269, 0.40980430079831015, 0.28407024819817805, 0.4493233495170162, 0.3594795839550594, 0.37902952817135627, 0.291788738304428, 0.4172804642404462, 0.3588312738842663, 0.39362396772418706, 0.45597200468182564, 0.44755522372821965, 0.5460776805412024, 0.4540889856095115, 0.331541052646935, 0.4360003365260182, 0.4016253539066539, 0.37154812511356394, 0.3759378609531596, 0.3799337542926272, 0.2854680387148013, 0.5209226038247821, 0.3972018538520504, 0.49240479643146196, 0.34452959398428595, 0.4058425689308808, 0.44822688513331943, 0.4486913718800578, 0.38863680325448513, 0.4670895809928576, 0.37982124158935177, 0.34969478584825997, 0.49835015052840825, 0.5188179115454357, 0.4794281351069609, 0.5307220752750124, 0.36455075445048735, 0.4667863767328007, 0.4824810462693373, 0.38637742338081205, 0.5048593504168093, 0.40474298323194186, 0.42876901171273657, 0.4847279984193544, 0.41654579030970734, 0.45648427680134773, 0.44905148920687765, 0.3672396778350785, 0.4307543949948417, 0.46416657055831617, 0.4403570057451725, 0.3995911821837169, 0.43344558365643027, 0.36923518998637084, 0.43354588076472284, 0.49423573538661003, 0.44410145996759337]
2025-11-22 08:53:31 - fedex - INFO - loss data:
2025-11-22 08:53:31 - fedex - INFO - [0.9165820486488796, 0.7317823668941855, 0.9589529830548499, 1.2693096777158124, 0.8441689304179616, 0.7023464644239062, 1.0067019799724222, 0.8895496861077845, 0.8202433204628471, 0.9420466340546096, 0.9872784599661827, 0.5721920402720571, 1.7812173441052437, 1.3758443053811789, 0.8678132196267446, 0.7136115885029237, 0.772109224327973, 0.577822659980683, 0.9755370797855514, 0.9909353220746631, 1.0132514056667947, 0.8553004159792965, 0.8101686996718247, 0.866988146517958, 0.8632873860106134, 0.8167999617755413, 1.4194641136342572, 1.4126851005773795, 1.113052795664603, 0.899744767606968, 1.0440330099314452, 0.45291496586897184, 0.9690796107770159, 0.7149362926681837, 1.1631615108882005, 1.0844552928493136, 0.7910575321978993, 0.9606858904163043, 0.9865790357192357, 0.7124178695625493, 1.0709678142198493, 0.6540422154700054, 0.9969699997454882, 0.8955729493782634, 1.322099441786607, 0.8314271039868656, 1.0162390874077876, 0.6133812427343357, 1.359168284705707, 1.287303163714352, 0.6598482048759857, 1.0482897080773232, 1.1266332815090816, 0.8141710494918035, 1.2171108413201113, 0.6144288952772816, 1.197595505269019, 0.871404764552911, 0.9893023259937763, 0.4862543443838755, 0.589837380191859, 0.692908640684826, 1.1153486164079771, 1.024372556971179, 0.6889758070930838, 1.141863602399826, 0.8990964295390325, 1.4913575321435928, 0.6544745798819722, 1.302247095320906, 1.3858270534338095, 0.9183185974756876, 0.5870208766000966, 1.2335722289151616, 0.6965513203293086, 0.9600014147304354, 0.8076503249092235, 1.2799942940473557, 0.8949431888759136, 1.4919722686211268, 1.0725227852007408, 1.149375237027804, 1.6675710720320542, 1.133852552374204, 0.9720803024795126, 0.8892543865661872, 1.60925519267718, 0.7982921509889134, 0.8348783190051714, 1.760794082449542, 1.1760449518139162, 0.8520180400874879, 1.0266615471669607, 0.7575163406630356, 1.4028587887684503, 1.110712721476368, 0.9764431531425395, 1.0892690337184585, 1.2276123771443963, 1.1000510029522053, 0.9648083916732243, 0.8661051243543625, 0.778928311452979, 1.3818260179116175, 1.1920384481549262, 0.7777405192454656, 1.2372174764934338, 0.9727062202990056, 1.3750872690053213, 2.0560019314289093, 1.2946753956769643, 1.2911694220134189, 1.0219171854356925, 0.9613550919425358, 1.0096510101316705, 0.546503801861157, 1.2105163725522847, 0.753852641955018, 1.1477087919733355, 1.1112970653762164, 1.0342245611406509, 1.1255430057644844, 0.883973491980749, 1.0467731326818466, 1.4939778704196214, 1.0751639395242645, 0.6079646237549328, 1.063744904179322, 0.7572102699606191, 0.8578737493604421, 0.6127870827292402, 1.6082761353792105, 1.2537127807736397, 0.9525185059756041, 1.2194958937664828, 0.6680591211964687, 0.7102249492055331, 1.155178651213646, 2.077748268842697, 0.8224142692983151, 1.0885015768309434, 0.6136311828432714, 0.8899954433111767, 1.2022995852372227, 0.9866454604562822, 1.046249301234881, 0.6689663696856726, 1.1211467269394133, 0.8734021805847685, 1.1501139861620253, 1.1830541282892226, 1.0282917026252973, 1.1890125383551304, 1.1306812865038713, 0.8689836349338294, 0.8037155823161204, 1.3694704600742886, 1.240729733556509, 1.0042111972967782, 1.0145817783971627, 0.889702171131092, 1.5397773931423822, 0.8636408285134368, 0.7739592015743255, 1.9446352037944292, 1.2727047829164397, 0.9639972050984701, 0.9496375578145186, 1.2817401349544526, 1.1178567601101739, 1.331809851154685, 1.298150966564814, 0.9366472478498493, 0.6139496366182963, 1.5134849928757723, 1.197430636982123, 1.3503257996506162, 1.1620572581887245, 1.0530089666209523, 0.9565375499782107, 1.108773012459278, 1.102499398802008, 1.0852970092704421, 0.923451711734136, 1.2332489169424488, 1.5632645785808563, 1.1363480729170334, 1.453561713298162, 1.228069864651736, 1.3185645880406363, 1.1331313777911034, 1.2343286832173666, 1.1161074973642826, 1.1159446001052857, 1.1755425647685402, 0.9498265606661638, 1.1625510454177856, 1.1521493921677273, 1.0742618417456038, 1.2413983176151913]
2025-11-25 17:45:54 - fedex - INFO - loss data:
2025-11-25 17:45:54 - fedex - INFO - [1.0443547467390695, 1.031461663544178, 0.6971793320459815, 2.2382394084385755, 1.9064628995127149, 1.0373001001775264, 1.599393227448066, 1.7848395647274122, 0.755175867676735, 0.7069722302258015, 1.6751567024205412, 0.8248886407663425, 0.6848109145959218, 1.0922744419011805, 0.6770323425836382, 0.5620151450947071, 1.2805086105973238, 1.324927563468615, 0.5137469628504638, 1.0455173632322714, 0.7803486158973292, 0.6329951107501983, 0.8702319952348868, 0.6592738385001818, 0.561609544211078, 0.6196821282307308, 0.5504180161903302, 0.39723920148725694, 0.8212125295152266, 0.5387281308858058, 0.45818949138952625, 0.8520310591492388, 0.4700940597846749, 0.5389482478954291, 0.4768195915967226, 0.4258353396868094, 0.5587657764554024, 0.49368266947567463, 0.4210610758779304, 0.5446053643943742, 0.5380430086760929, 0.5403508248428504, 0.43223895505070686, 0.507009944692254, 0.5433965505825149, 0.40654396414756777, 0.4492211125436283, 0.4886656651894251, 0.48028067462146284, 0.4013475867955444, 0.8449368067085743, 0.5896952428544561, 0.5603151110311348, 0.36627253952125705, 0.34658162949813737, 0.447519064673947, 0.4716654308140278, 0.377152673030893, 0.5501172483160064, 0.7948575194925069, 0.49363682878514137, 0.7386005915701389, 0.5413714904338122, 0.5625431218973568, 0.3581319405840566, 0.4446381495187157, 0.36963830592068736, 0.569747248540322, 0.3684929923620075, 0.48745635027686757, 0.8235134200045937, 0.5349941418816646, 0.5450506045172612, 0.4222943478988277, 0.5243617937478244, 0.3506047827801828, 0.457886986186107, 0.3509798200115904, 0.39301966648134923, 0.5577526884153485, 0.5890873824763629, 0.6790818477242158, 0.42626594193279743, 0.37791414571305115, 0.46749578128080993, 0.9486903711739514, 0.4496104754289688, 0.4762585076193015, 0.3355944401038618, 0.529925303409497, 0.31500185487998855, 0.3688536682683561, 0.3474025772168086, 0.43236882433605694, 0.42145573328583474, 0.5774306495570474, 0.40749312813083327, 0.29722073022276163, 0.5042452048510313, 0.443067192286253, 0.44824302941560745, 0.24406571023637194, 0.6955617964267731, 0.41785903001825014, 0.5618992049247027, 0.2681355482751602, 0.5733148995786905, 0.4444601810847719, 0.34259010924558553, 0.645699675155119, 0.45565366496642434, 0.5438491478562355, 0.2893477056432387, 0.513307016591231, 0.44216449148952963, 0.3521367112795512, 0.465790742294242, 0.37797024917717165, 0.4548892627159754, 0.3496799413114786, 0.45939260981976987, 0.5450093659261862, 0.3555899880737776, 0.7110203239135444, 0.44281885717390923, 0.3151688602967904, 0.5458124677340189, 0.4070110858107606, 0.2777857422200656, 0.6694625004505118, 0.2550535675806877, 0.4018412015090386, 0.4038744361784596, 0.8434022451263099, 0.8650534078478813, 0.3123866714356158, 0.4665206412060393, 0.5683031041796008, 0.3561022659453253, 0.4788295012056118, 0.4501824238648017, 0.47097586819695103, 0.5399561113190083, 0.4808876391213674, 0.18088219991813487, 0.8472240276634693, 0.42310704332258964, 0.42414242174062466, 0.42928474681117595, 0.4723866318042079, 0.46020469777286055, 0.5196526907384396, 0.4511900347967943, 0.32909398914292576, 0.5667308555502031, 0.608187356342872, 0.48449356467104876, 0.4462634682655335, 0.42667361123439596, 0.43143077505131566, 0.40645004250109196, 0.4299055856962999, 0.37584569314984895, 0.4314083398630222, 0.41511357550819716, 0.37020802225819543, 0.5662260547369009, 0.4290062241256237, 0.4631991324325403, 0.4850759506225586, 0.48640004160503547, 0.44647689253876083, 0.5104229242230455, 0.27243789717172967, 0.4781695832936173, 0.45408904265898925, 0.29801172923231334, 0.4610543976912005, 0.7853636257350445, 0.6011850928145468, 0.5129019213219483, 0.5094260751174238, 0.5820117983039312, 0.4329112231474498, 0.46557914825777214, 0.39310593654712045, 0.4839801862835884, 0.3825794532895088, 0.5698854070352881, 0.4402955674148839, 0.42952832285510867, 0.36436986034879315, 0.37601120894153917, 0.4182925143589576, 0.5028785243630409, 0.3031423504058367, 0.37718465379599864, 0.45970966567595795, 0.6714096978810945, 0.5648597575724125]
2025-11-25 19:24:36 - fedex - INFO - loss data:
2025-11-25 19:24:36 - fedex - INFO - [0.8042384315696027, 0.908798655657432, 0.9825828836195998, 0.9923603013157845, 0.8985070492628784, 0.9968670225092049, 0.9453155817020507, 0.7514855015808823, 0.90022232603296, 0.9367468170686202, 0.6950099351696479, 0.6347880892766019, 1.8915681480430067, 0.9998528620849053, 0.7931524962186813, 0.5076924621955389, 0.7715670831442196, 0.41501937061548233, 0.8587687914060731, 0.7698256423527544, 0.5939510788191997, 0.6238550220070214, 0.4225459289737046, 0.5017252117282514, 0.6666707442466784, 1.3297676788643003, 0.5706141909791363, 0.6345221914705776, 0.6425054100557015, 0.581054845203956, 0.5811593262478709, 0.5873824634278815, 0.4858098216354847, 0.7372612162227077, 0.5167212171401557, 0.5661759693175554, 0.4941922919159489, 0.5573606652021408, 0.5342111909606804, 0.5280752729341902, 0.585950721676151, 0.48285820552458364, 0.5165589810349047, 0.5641781871044447, 0.6050140417757488, 0.5470302723561014, 0.3953987718305805, 0.3977852373073498, 0.7211534753441811, 0.5293938894238737, 0.4773459538506965, 0.6483246227105458, 0.4581205348705962, 0.5848820110162098, 0.5448087423241564, 0.41600346456592285, 0.40426215265567106, 0.5252266576287873, 0.4884146915918047, 0.495234782807529, 0.49637536911500824, 0.3395153848920017, 0.44977499954402445, 0.48809421958623234, 0.5612380464250843, 0.5326732801539558, 0.5439201769019877, 0.3275713227068384, 0.5858662215371926, 0.4149595344811678, 0.4698963314294815, 0.5939767270866367, 0.2949937654151158, 0.49795866402486966, 0.5117988315694061, 0.39345634407524405, 0.5018976199729689, 0.5611393097788095, 0.39484948487631205, 0.5316705707874563, 0.3896559937482421, 0.47661979887220596, 0.3948951386181372, 0.5402164489669459, 0.43949509718056234, 0.528353244864515, 0.48704532125876066, 0.5469194729295042, 0.5292422450664971, 0.4822291380001439, 0.3660776199526742, 0.4581411340697245, 0.45169229336179695, 0.46176778639738375, 0.4055200912989676, 0.46467953897119546, 0.8127029741493365, 0.4970804808129157, 0.599189072350661, 0.5115231151133776, 0.4595794109235093, 0.5038635386154056, 0.32773175107625624, 0.40281839987151646, 0.8208595536649227, 0.6298288938123733, 0.40885111631359905, 0.44316193570913553, 0.34825680036605755, 0.37755028982288563, 0.43888558372855185, 0.4912665600164069, 0.5550025664269924, 1.1328027060565848, 0.9528459322949251, 0.5188425223733115, 0.30726692864360905, 1.451106881101926, 0.49602538950386504, 0.4517963417368479, 0.4800376504414029, 0.42884475514292714, 0.40391983289737254, 0.8355194008521115, 0.47977146725096403, 0.5302483886480331, 0.36874075019214714, 0.2766080534706513, 0.32635867959637754, 0.4837734580341012, 0.4088813140271948, 0.3307620089787703, 0.9654052913188934, 0.5573575910801689, 0.5812354969481628, 0.4779750378926595, 0.5850285805562245, 0.45580416824668646, 0.5141315936214393, 0.49026317267932673, 0.4363720441237092, 0.4778393900820187, 0.5952903169912822, 0.501311910076019, 0.44250902094774774, 0.3578976573836472, 0.5162413229899747, 0.46600436729689443, 0.4746186100611729, 0.3422773333501884, 0.5285645947342033, 0.455622428435818, 0.47183995251144684, 0.5153496985634167, 0.5210981773833434, 0.6847443242246906, 0.550152766207854, 0.37076033993313706, 0.4815961733610943, 0.46605517918992245, 0.44141461032217943, 0.4689066372515352, 0.4817229751497507, 0.36399849077376223, 0.5584152478665587, 0.48863772570322717, 0.5473983889135222, 0.43983644672802513, 0.4862479474678122, 0.5194852783282597, 0.5076590471176637, 0.4826013265798489, 0.527508583954639, 0.44117493794432705, 0.41091736368834975, 0.5847994906029531, 0.5855892341997888, 0.5745897977302472, 0.6103489273892981, 0.4160773931692044, 0.5528850446322134, 0.5494924299418926, 0.46284550583610934, 0.6335811312496662, 0.4597270617882411, 0.48171136499279077, 0.61266074096784, 0.5416959937484491, 0.5072956444187597, 0.4978290701454336, 0.4636023881889525, 0.5234446061982049, 0.5201810971937246, 0.524902601763606, 0.4759434452744279, 0.5243478430807591, 0.4800947301444553, 0.5022782117128373, 0.5312367249280214, 0.5100893188781779]
2025-11-25 21:00:58 - fedex - INFO - loss data:
2025-11-25 21:00:58 - fedex - INFO - [0.9161079171158019, 0.7423295980319381, 0.9883781317207548, 1.4563681256203425, 0.8475136202242639, 0.678102856838987, 1.1022266671061516, 1.2636814483751853, 0.892828025540015, 1.1383053287863731, 1.010538243005673, 0.6230688123032451, 1.8474221418301264, 1.4923071842640638, 0.8936403517921765, 0.6974192614888861, 0.7553328197533475, 0.6368921643921307, 0.9524818843319303, 1.549824784908976, 1.1185238873749448, 0.719843882672927, 0.6855530322839816, 0.914697504655591, 0.8447129923784942, 0.6840305292358001, 1.0833550942618222, 0.8678761057947811, 0.8078069992426062, 0.7070267437070253, 0.7202914131184419, 0.37688461735046336, 0.7806260865754806, 0.558723739348352, 0.7565025973062103, 0.8079571920846189, 0.5462539651327664, 0.6539226611455282, 0.5199154193202654, 0.5021253172973437, 0.7229908113146112, 0.41759981467005086, 0.5301947914995253, 0.5486206442694224, 0.6504183202981949, 0.496667076398929, 0.6587016833946109, 0.3914801943160239, 0.7087353193866355, 0.6119606239455087, 0.40446153841912746, 0.5590136959491407, 0.5653590729667081, 0.436802195147016, 0.6884512551701986, 0.3762057388511797, 0.6371223892975639, 0.531460484303534, 0.5999411945231259, 0.26419239429136115, 0.3384820801370284, 0.4190870810832296, 0.5449391028119458, 0.5073554205397764, 0.41370105743408203, 0.6476443546513717, 0.4216877115078461, 0.6472715874512991, 0.3059101581048125, 0.6798451839103585, 0.7684922836816463, 0.4781511234740416, 0.23825702767741555, 0.6564709386891789, 0.3839081389208635, 0.5182930474125204, 0.4718887404021289, 0.6912788145598912, 0.3648293882918855, 0.8461992522080739, 0.5449356628179332, 0.5473589730759462, 0.9280113190412521, 0.5659009821535577, 0.46017374681747136, 0.4485859088861106, 0.7695105084528526, 0.4118536351673436, 0.443015722806255, 0.8662690942486128, 0.4939455861846606, 0.4134044576850202, 0.5648077313921281, 0.4887459191183249, 0.6328537277877331, 0.5133271760069856, 0.48589876827363876, 0.5705616364985595, 0.61912764965867, 0.5605307449023802, 0.5010507301028286, 0.4358720098518663, 0.38437920010515625, 0.5788937228946731, 0.7105648854747415, 0.45098531022667887, 0.5602329611255411, 0.5126543998718261, 0.5726033772031466, 1.1067442677560306, 0.5181301775339403, 0.7328217733828795, 0.47851773761212824, 0.4424506233452441, 0.5007086569546826, 0.24731715840753168, 0.5891565949870989, 0.3858085810517271, 0.47845945434112636, 0.49049487953575754, 0.4570692053153401, 0.5380488460262617, 0.44986835702032857, 0.5564023837447166, 0.6969077407071987, 0.5837692621917951, 0.3214646900693575, 0.4837619758810592, 0.32476233478103367, 0.46031412029018004, 0.3367693353754779, 0.7520189227298238, 0.5078232285256188, 0.45883769169449806, 0.5521285377908498, 0.2762019606307149, 0.3190432221461565, 0.6145038314163684, 1.1072337925434113, 0.4768573577515781, 0.5751483129958311, 0.31489500483753635, 0.43839988155584586, 0.5298911645351088, 0.42202872729727203, 0.510826529810826, 0.3497040572797968, 0.4570667458077272, 0.4158613310195506, 0.6116991964057975, 0.6342540182173252, 0.4728114606132583, 0.6112982737616851, 0.6059352722018957, 0.45721353627741335, 0.5270400489680469, 0.5157327322023255, 0.6380995282282431, 0.4921759977227166, 0.4787198964506387, 0.4940870341242236, 0.5538799660901228, 0.4195197621153461, 0.39986698826154077, 0.7945552750637657, 0.5521603265984191, 0.4103265119095644, 0.5250735248128573, 0.5373032848040262, 0.5591117668719519, 0.6071620459978779, 0.5758860545853773, 0.465758426250297, 0.3208723508997967, 0.6595753088958708, 0.6919355890757981, 0.7392409006281504, 0.5249483436346054, 0.4852151807456736, 0.4776703189881075, 0.45670856684446337, 0.45858425513974255, 0.5387323215799896, 0.4473541309436162, 0.6344400089056719, 0.6047846426566441, 0.5402067419237051, 0.5759718418121338, 0.5048906325417406, 0.5937298724525852, 0.46505198980632584, 0.552222715318203, 0.5192002462844054, 0.5684033128122489, 0.4717139684055981, 0.5049802958965302, 0.46620315810044605, 0.5431390213469665, 0.49248831254385766, 0.5445030512909095]
2025-12-18 11:55:32 - fedex - INFO - loss data:
2025-12-18 11:55:32 - fedex - INFO - [1.0281608727243212, 0.9649907015264034, 0.5536290716344061, 1.754229998961091, 1.6108767695724964, 1.0410350476702055, 1.2223380617345825, 1.146318605914712, 0.6438535899643737, 0.5974711262517505, 1.4144699795792501, 0.6316707591836651, 0.535220328334606, 0.9433289011319479, 0.5244910985231399, 0.43928390752206237, 0.8877649569601723, 0.6468553914773194, 0.40160589789350826, 0.721489515931656, 0.5470923139403263, 0.5641546354149327, 0.5666360420485337, 0.5270618187884489, 0.5082604683314761, 0.5405517883121204, 0.5005191305031379, 0.31521847814165216, 0.5895473568335823, 0.29484167246123977, 0.4088197625552614, 0.6318063567082087, 0.4395350001131495, 0.4956528148303429, 0.41891691270707687, 0.33086103676603396, 0.416237729601562, 0.45231672957863495, 0.3814006490839852, 0.479489418072626, 0.49919617908696334, 0.44969968870282173, 0.3893900218574951, 0.4241421709044112, 0.4013137096228699, 0.36788883889870094, 0.40701452710976205, 0.42256127420974815, 0.45765110726157826, 0.31404488555552973, 0.5286626080455987, 0.44876598218536895, 0.45949289696291085, 0.3474118235521019, 0.3172335962920139, 0.37541074206431707, 0.3797755319702749, 0.35281766808281345, 0.37793741915374995, 0.49169850779904256, 0.43606398776173594, 0.6718268358148635, 0.4452753280289471, 0.2719525657019183, 0.3040536702682193, 0.32480255955209336, 0.36082458766177294, 0.4436715442433276, 0.2510446258079769, 0.3700122979624818, 0.45217603525767724, 0.34203651132790935, 0.3915079038242123, 0.3847364460428556, 0.3684509367085038, 0.356112398339125, 0.4021005726108948, 0.2961120570699374, 0.25594567724037914, 0.4137076671468094, 0.5051043942260245, 0.4777274102386501, 0.3359923296108626, 0.3260740205024679, 0.39262919138665453, 0.6227528414378564, 0.29474958578745525, 0.34426454282506846, 0.2958182855354001, 0.4195662765453259, 0.24148579482259094, 0.29129657681720955, 0.2710981654188333, 0.4066985212901438, 0.36333355027827796, 0.4230548066849058, 0.23425277640027076, 0.30333229509944265, 0.37310255620007715, 0.32114024469064495, 0.37602716870605946, 0.17907449717661647, 0.4689412139252656, 0.37106114656974876, 0.40395240796109044, 0.20807002761941523, 0.3829007166660512, 0.32583259123687947, 0.2791345895268023, 0.32753490800670804, 0.3488201796387633, 0.3693645982071757, 0.25344230198404855, 0.3958532122895122, 0.3805577592458576, 0.2748883059248328, 0.38537291232778714, 0.2583429993589958, 0.36406652542452017, 0.262066159164533, 0.3201893298783236, 0.43705364527261775, 0.3283746371045708, 0.46738893047652463, 0.31669999078537026, 0.24348012871968633, 0.31938651616995534, 0.3141437228364141, 0.21410925107387205, 0.545133480678002, 0.12914950941484568, 0.2765636246438826, 0.3112866119601023, 0.5867080044706888, 0.3377082416449081, 0.16510941842936563, 0.4264694355428219, 0.44579786766806373, 0.32248384105606065, 0.4239137017478546, 0.4067212538793683, 0.3202301886454789, 0.4699729546283682, 0.47084925897741836, 0.14709954117559113, 0.7219773449210657, 0.27527237583064673, 0.30109044040242827, 0.3327752186331707, 0.35895687229931356, 0.3006401225924492, 0.4956185892224312, 0.33659295092402686, 0.2999182427349763, 0.4067020654678345, 0.5378768759901109, 0.36536726133945663, 0.44135824948963187, 0.37244401195874577, 0.2649784568667765, 0.2844703390517018, 0.3573477347259936, 0.27820397225829463, 0.330905648217433, 0.30451352950749977, 0.25785600512366125, 0.5049847218113532, 0.3788840449104707, 0.4241924370328585, 0.3626335203986276, 0.35485576515396433, 0.2864218882285059, 0.32407805256256267, 0.22114118895409868, 0.4574349191356212, 0.3611622945811504, 0.19076781753789296, 0.39738060207679293, 0.7663863960032662, 0.544940581296881, 0.4739974204761287, 0.4404466192765565, 0.5583549377818902, 0.42199349406485753, 0.38294437122013836, 0.2714442844361519, 0.33934393951462377, 0.3105466691269116, 0.5257380137220025, 0.350958763808012, 0.32845775118718545, 0.25198083907270274, 0.2405425869013098, 0.32579394948358337, 0.45024474191789826, 0.2016308220572301, 0.36770438514649867, 0.3781992230564356, 0.6216577785089612, 0.3982255454692576]
2025-12-18 13:15:58 - fedex - INFO - loss data:
2025-12-18 13:15:58 - fedex - INFO - [0.8072330525765816, 0.9993364730477334, 0.9159220938881238, 0.9631959244415358, 0.8188685727616152, 0.8773846606413523, 0.832219015955925, 0.6661743542800347, 0.7422456405229039, 0.7215305788047386, 0.591462426239794, 0.49521515673647326, 1.3376550517355401, 0.5750150129118043, 0.6745025694922164, 0.4000206972161929, 0.6257378780345122, 0.3342205870275696, 0.5441122125089168, 0.6339219315146858, 0.48787797533137645, 0.4772548149443335, 0.32337469580686756, 0.38002989869000336, 0.5491154375175635, 0.9143574210682086, 0.47013633546453937, 0.5091139976763064, 0.4898741830512881, 0.518256166579653, 0.44318490181359704, 0.4629083910540487, 0.3432051475558962, 0.5767078937479744, 0.43197980752835674, 0.44145178322990736, 0.4231143079476128, 0.4463390963772933, 0.4692699103926619, 0.4618407974640528, 0.47821776428586477, 0.42565058631201586, 0.3542881934593121, 0.49418399362928334, 0.4104970860536452, 0.4575918349816843, 0.3177361254326322, 0.32747428463328454, 0.5283890364437618, 0.448170159281128, 0.3615168786015023, 0.4527101120149547, 0.37678234471629063, 0.41380702008286285, 0.48029157072650613, 0.34425261549894576, 0.25461104738971463, 0.4774132732951054, 0.3474597645161504, 0.41824638727121055, 0.38777514789817913, 0.2636060308044155, 0.3500375374361421, 0.36055818719620053, 0.4620701326522976, 0.4575404380344682, 0.40408155984348726, 0.2865772591903806, 0.35030743145299226, 0.3744457870100935, 0.3227346970351658, 0.4267617749671141, 0.23975500444966286, 0.44201912557085354, 0.420345919157068, 0.3336735977818245, 0.38914509881852255, 0.3678563776200242, 0.3353559318309029, 0.39829846653377726, 0.30530951224213493, 0.40583873283531935, 0.31311259507546546, 0.45241265861248525, 0.29986710392685545, 0.3736528520575828, 0.38729559701901894, 0.4360607567346758, 0.40890985256474877, 0.3135326254091019, 0.34487866989026467, 0.34347978761476095, 0.34829303299951736, 0.34402285963974216, 0.286636163170139, 0.4203063586105903, 0.6512990427070431, 0.3591251721812619, 0.38653332536932133, 0.3606555470498279, 0.3396307272215684, 0.3614327452302753, 0.25540671464987097, 0.31078538707974884, 0.5302800184115768, 0.4221258678163091, 0.3297969662955544, 0.38521211308737596, 0.2618824019237901, 0.28541009991119304, 0.34326453771856097, 0.3779777960838291, 0.38979408299465745, 0.7604967185606559, 0.41906714003363793, 0.4306414663294951, 0.23405735036358238, 1.115505074461301, 0.41333511658012867, 0.3606617157285412, 0.33849647201873634, 0.3697167125840982, 0.31583842616528274, 0.5768801797336588, 0.3333353339866908, 0.3736669507796888, 0.26449923374586637, 0.2146780618905103, 0.27215253747459767, 0.33983946047873814, 0.27566979746617704, 0.24696741321124135, 0.7926154455170036, 0.38124566320329906, 0.41322779148403144, 0.3539125792907946, 0.4309776900508614, 0.34902251507155596, 0.41306374006801183, 0.36094022809993476, 0.3050797221561273, 0.39207909125834706, 0.3757004852378459, 0.27109495897523384, 0.3491993702327212, 0.2423174169503944, 0.42801786040266354, 0.2776639113210053, 0.40267204424987235, 0.3250744378194213, 0.35604436071589585, 0.381721739584787, 0.4092712465535711, 0.4495993848269184, 0.3892209168833991, 0.37832796198005475, 0.3631474445675216, 0.33758998769335447, 0.38233642800513545, 0.33220272981458243, 0.3604482001258117, 0.44467408490677673, 0.28516798434590085, 0.23878079702456792, 0.4567786842170689, 0.3306787349251301, 0.5228154783447584, 0.30533131037647476, 0.41805990810195603, 0.43396305814385416, 0.4019361390732229, 0.3134066443890333, 0.4044541572738025, 0.3662307204540681, 0.3376386848588785, 0.5031706279866553, 0.49666947647929194, 0.40201139254630475, 0.48250105542441213, 0.36008045303099084, 0.3859071853027368, 0.38603524931452493, 0.3528169478825999, 0.45537700317800045, 0.44989537658790746, 0.4352290098865827, 0.3523750872121773, 0.337659587489738, 0.42637316478096476, 0.4408084451587814, 0.3360777176439963, 0.3527930614848932, 0.44252686883943776, 0.44287321493029597, 0.38326384238898753, 0.4252761373917262, 0.35761017434227005, 0.4570327623022927, 0.4712837979064456, 0.4947111534575621]
2025-12-18 14:25:25 - fedex - INFO - loss data:
2025-12-18 14:25:25 - fedex - INFO - [0.911537661155065, 0.6766463842242956, 0.9363258185400359, 1.0290872401661344, 0.8206047760266246, 0.535127345258715, 0.6572023720790943, 0.7187628565588966, 0.7212182673888328, 0.723388574945812, 0.6817221154201905, 0.3429777248102861, 1.0599330127239228, 0.6053291687276214, 0.5203311838209629, 0.5152226666885393, 0.43672765485114523, 0.34204570406840906, 0.5158658378447095, 0.5302977566434829, 0.435942247727265, 0.4561233321204782, 0.3747004398222392, 0.6176966408267617, 0.4915281710525354, 0.514272094766299, 0.547104073750476, 0.4663991507763664, 0.5049613418296361, 0.49140018212298553, 0.45851107441509764, 0.23737090075716238, 0.5156627820183833, 0.4456188657010595, 0.4635360176395625, 0.48193893643813984, 0.45215349917610487, 0.45074662075501104, 0.24162546341540292, 0.37088111135418766, 0.4689418932560969, 0.30223871014313775, 0.42707824031822383, 0.3738376833774425, 0.41704411154302456, 0.39400192958613234, 0.41915535874961113, 0.32668154459973475, 0.49158055825089964, 0.4159560751049193, 0.3217842168174684, 0.44106264046082894, 0.4606060373286406, 0.375171531832371, 0.5231182919442654, 0.2520273284559759, 0.5353887517635638, 0.36539286881064376, 0.41816696473397313, 0.18990192064084113, 0.27043984934571197, 0.2928756649157515, 0.41671095838149386, 0.3976785318305095, 0.31394402825584017, 0.44776118037989365, 0.2773762607456107, 0.4902411742756764, 0.21356982158807417, 0.43900333927175794, 0.4349747492982583, 0.3934471362027883, 0.15139627508663883, 0.39936243028011326, 0.3525226726507147, 0.39810805528105553, 0.3476108332164586, 0.4637210604089957, 0.2419762380886823, 0.6611415697882572, 0.4145606532444557, 0.4361720974557102, 0.5402125187839071, 0.323861647490412, 0.3511984661454335, 0.3815760954593619, 0.48027191213332115, 0.36613004095852375, 0.37211666115079867, 0.5827513306091229, 0.2926943581240873, 0.3197151524325212, 0.3312678231985078, 0.3244580593971728, 0.5032720217311923, 0.3728232058386008, 0.370054017752409, 0.4168310669064522, 0.36126256954545777, 0.3900470231225093, 0.38298062623276574, 0.3235578588802706, 0.28729511205520897, 0.352475271364674, 0.4877150530616442, 0.2978391431850092, 0.38279916851245094, 0.4112885591574013, 0.3649622137658298, 0.8708896239288151, 0.38631229276458423, 0.44718415135328005, 0.4432339570988184, 0.3057170514934338, 0.36892142153034607, 0.15063506780425087, 0.43053497590124606, 0.24878199959057384, 0.36900683694805664, 0.32054335199296474, 0.31283987696907567, 0.3758132126055319, 0.2873741566720936, 0.46032960017522173, 0.4666473915179571, 0.3533491342478282, 0.28421647753566504, 0.3016951941202084, 0.26643267158383077, 0.2966122117771328, 0.22814888546638418, 0.45250273504509375, 0.3988973282898466, 0.3167949663087105, 0.33447596175440897, 0.20138364768354222, 0.20614553190767765, 0.4319323012661753, 0.6407709401100874, 0.2802787938155234, 0.5199684095180904, 0.2446179084829055, 0.39288208590199547, 0.36998463405373816, 0.27106135072329873, 0.39890381187286184, 0.2995904188292722, 0.37968827672302724, 0.2573657132918015, 0.48500728738339, 0.4905003678674499, 0.3101128402142188, 0.4075800447165966, 0.42170794295767944, 0.2815383088034697, 0.3034932759900888, 0.4112968457241853, 0.38737975278248393, 0.33724291939978246, 0.4848966439094009, 0.3087471284593145, 0.48974545175830525, 0.28552761959532896, 0.3332897483117201, 0.5546502365420262, 0.4329115871029595, 0.2692188018991146, 0.4516147246979403, 0.3883018321047227, 0.37034149252188703, 0.4314782512641844, 0.33808766547590496, 0.4232204657047987, 0.26515077737470466, 0.4639963213975231, 0.5394469084183651, 0.46813001105630836, 0.363777187410354, 0.3370204749588783, 0.37041437605825756, 0.35983499946693576, 0.3361948085603891, 0.48391239369908967, 0.35894026768704257, 0.5127939735849698, 0.3923288155347109, 0.38179082185029983, 0.3111735968850553, 0.3390603474030892, 0.4084159833689531, 0.3519426751260956, 0.3989722047129582, 0.39477300432821116, 0.4527848650108684, 0.3686254094044368, 0.42439001859433345, 0.3308802355080843, 0.4301952362526208, 0.3984424161032224, 0.40818867906928064]
2025-12-20 01:09:04 - fedex - INFO - loss data:
2025-12-20 01:09:04 - fedex - INFO - [1.0328988917999797, 0.9436706127598882, 0.5699221731503852, 1.899050386250019, 1.7179548730452856, 1.0403463438153266, 1.356061929238565, 1.5295952009658018, 0.7100280959537064, 0.6595530524705919, 1.4286437470465898, 0.7456158044748008, 0.6175296737163356, 1.0444931745529176, 0.567552704612414, 0.502651791336785, 0.9359850762807058, 0.7392971789972349, 0.45432211278627316, 0.800090029835701, 0.5714955033113559, 0.635872159017758, 0.6393429194887479, 0.5767035937557619, 0.5645980251332124, 0.5782959599429981, 0.5478361944357555, 0.38186245978243283, 0.6673920072777115, 0.36183860968823633, 0.4489157220503936, 0.7220596175640821, 0.4773281212896109, 0.5201470291862885, 0.514774552461776, 0.39468866622027676, 0.5161604881286621, 0.4735670960143856, 0.39482362382113934, 0.538601616070126, 0.5246475143978993, 0.5133698253995842, 0.4128468033702423, 0.4909669818149673, 0.4723127913971742, 0.39523918968625366, 0.46350525251279273, 0.4834854185365248, 0.5050184082239866, 0.379478987573379, 0.6396160534906971, 0.4793762311177409, 0.4712923689434926, 0.3914301662084957, 0.3506122460278372, 0.40380418436517096, 0.49763766246226926, 0.39711707780758543, 0.4307041737871865, 0.5755522148890628, 0.4897690943752726, 0.6933827604167163, 0.47963315195714434, 0.46912924756832197, 0.3363101132643911, 0.39249407456566887, 0.40549875386059286, 0.4653632304094958, 0.35542328485330055, 0.4563908645262321, 0.5121814739579955, 0.4271259308752159, 0.5044792622722911, 0.4215881126001477, 0.4275732679865681, 0.33559960120668014, 0.4603356830775738, 0.35592521050324044, 0.29584376369214926, 0.5613063522614539, 0.514428160029153, 0.5597231056851646, 0.426692087440819, 0.3864153211005032, 0.44766751236536284, 0.6133438943264385, 0.3451338764280081, 0.41444770760382665, 0.3536504272526751, 0.48569824910826154, 0.28766647498190834, 0.37543624443933366, 0.30311428331411805, 0.4012145081704313, 0.3911655720531529, 0.5105165984594461, 0.3062027359211987, 0.31395767417482356, 0.4714961144452293, 0.39704857012539196, 0.4693969713989645, 0.23334688465252065, 0.5439547990138331, 0.4311785458897551, 0.499725004658103, 0.25745276889244384, 0.4433366663389556, 0.4129598097254833, 0.32665142330030605, 0.4278804651342141, 0.40731856139997646, 0.43308796677738426, 0.2866995371412486, 0.4503971196711063, 0.39994206354022027, 0.3328969458738963, 0.46934941395496327, 0.29947146943583286, 0.4191017258291443, 0.3191696459427476, 0.4091113581425614, 0.5561947888978149, 0.381482334745427, 0.5873577843780037, 0.3973137312879165, 0.2724262809094328, 0.4403398955861727, 0.3882483911255131, 0.27054641852155326, 0.6485961282004913, 0.19025756611492423, 0.3549311353632694, 0.3905273450920597, 0.6854489358819343, 0.4970007420263507, 0.1981834823268657, 0.4956264375398557, 0.5696825476201333, 0.3652372241118979, 0.4821257675687472, 0.47432994873573386, 0.41470444784358595, 0.5319155041128397, 0.5117835954297334, 0.1754071700203125, 0.8922584953821369, 0.401310862922533, 0.4085055975243449, 0.37489023691353696, 0.41601227422555287, 0.41173399295657875, 0.560703931376338, 0.4189199706671214, 0.34780607333597846, 0.4558309312909842, 0.6296072522097308, 0.43938833735405636, 0.46628335263166165, 0.4371896892881546, 0.38830638856520294, 0.41838955303484743, 0.4274440170630165, 0.3610197578556836, 0.43548999610874384, 0.3701417829577971, 0.3329904263260577, 0.597589310442192, 0.47556873559951784, 0.49585648824771245, 0.4035232031548565, 0.44885694788148006, 0.33978952448815103, 0.45896404237683974, 0.24742947738044535, 0.5156628601253033, 0.46328779892422833, 0.2629354571980057, 0.47310832424017674, 0.8758368180443843, 0.6189634601896008, 0.54814541892459, 0.38855057132879756, 0.6433106052378813, 0.498118257895112, 0.4568138839883937, 0.36140573579027796, 0.4492337605605523, 0.3656900476325642, 0.5906096212565899, 0.46625105055669946, 0.368453884186844, 0.3160431303991339, 0.3368215900083834, 0.36671732092897097, 0.5251852085192998, 0.2729917854474454, 0.40422108452767136, 0.45970073714852333, 0.6829925168926517, 0.5251644085057907]
2025-12-20 02:35:04 - fedex - INFO - loss data:
2025-12-20 02:35:04 - fedex - INFO - [0.8172865338623525, 1.0046120497087636, 0.947819763670365, 0.9399257128114824, 0.8464836994806926, 0.8815168728431066, 0.829964939057827, 0.7314059764146805, 0.7947692630191644, 0.8166887863341605, 0.6366795074126936, 0.5589581908037264, 1.5268752314150333, 0.6490007387717133, 0.7176462965982932, 0.44708423560692206, 0.6897477540870507, 0.3673901964599887, 0.6191835158235497, 0.6943093403948076, 0.5223328405694253, 0.5256126169529226, 0.36278522927314044, 0.41118915823824476, 0.6153894793242216, 1.0727968033225763, 0.5046310302008081, 0.5415669019437499, 0.550399254783988, 0.5136032115135873, 0.47264116784316246, 0.5042311147734615, 0.38812659471295774, 0.597499956521723, 0.46844422581295175, 0.4763978211209178, 0.4482930368967294, 0.49277669874330365, 0.5398538663983345, 0.4962511281172435, 0.5674116968528017, 0.4828186887005965, 0.4043793380989329, 0.5179361997379197, 0.5080047013169086, 0.4928650037695964, 0.35135221149433743, 0.3673886073487146, 0.576892748686739, 0.47634910150534576, 0.4189022582588774, 0.5169751073600668, 0.40642619573821626, 0.5035659594771762, 0.5113179394457903, 0.38294612981743464, 0.305953180231154, 0.48792939840985294, 0.3848867292346602, 0.48452650336548686, 0.45276142338836434, 0.30105950633684797, 0.39110349586064164, 0.4285769162191586, 0.524692466824005, 0.5114444344132035, 0.4581968422841143, 0.31965773794800045, 0.4185031720394776, 0.41263883567104737, 0.4296885130343714, 0.47125147341026197, 0.27978196311742065, 0.5082460382332404, 0.4986625031878551, 0.37084291506882594, 0.4418948349966244, 0.43839102486769355, 0.3815472835054, 0.46662474302427165, 0.3692852037135458, 0.4267009579266111, 0.37293826911115535, 0.5113947884628066, 0.3591703869388911, 0.4301417177336083, 0.43920409778753916, 0.5167779018067651, 0.4933846365763909, 0.41449155208344257, 0.3654492314904928, 0.40336935993735534, 0.4128773864471551, 0.4146089561165056, 0.3407481383221845, 0.4766524427880844, 0.7216016792470501, 0.42722528124297104, 0.45532117777544523, 0.43598086116835477, 0.42140780819786916, 0.4635001782860075, 0.29187042340636254, 0.3526701501177417, 0.6386427517448152, 0.4817052787014594, 0.4053998819552362, 0.4338184063633283, 0.31688807437930144, 0.3430136686687668, 0.4192096489171187, 0.44081682825757973, 0.47809395962394774, 0.8589539822811881, 0.5951067096638408, 0.49534201850493753, 0.2810516339416305, 1.2553543704251449, 0.46972067891447633, 0.4322076374789079, 0.42775943673871186, 0.43338069220383957, 0.3772336424017946, 0.6697343255703648, 0.39909790904709586, 0.4386864089733594, 0.3151466959880458, 0.26202931095292603, 0.34089064914868145, 0.4137605619475697, 0.354302324425915, 0.2991366643086076, 0.9623504627496005, 0.46675971855099, 0.4880447288354238, 0.45765968294757786, 0.5419125376476182, 0.4402101818006486, 0.4920553839868969, 0.4397925358392637, 0.39724079594016076, 0.45834981886049114, 0.4642118674279614, 0.3813278236443346, 0.399351415824559, 0.3250781993026247, 0.5033899708340566, 0.38830221090981143, 0.46507404757042725, 0.3657268262157838, 0.4401863963653644, 0.4499806503040923, 0.4717533191734994, 0.5080027399584651, 0.4823062374566992, 0.4984723456203938, 0.4369107782840729, 0.3747377069744592, 0.45756359933452173, 0.40659670253594715, 0.45776629744831365, 0.534667404194673, 0.361369820308966, 0.30556968320161104, 0.5685237217004653, 0.42177156196988147, 0.6142868040750424, 0.41101679981055883, 0.48925376000503695, 0.5002479103704294, 0.47858098198970156, 0.448785082183101, 0.495761346227179, 0.40846340558319183, 0.40489686404665315, 0.5800664910563716, 0.5401656885941823, 0.4869447490551333, 0.5437170186252506, 0.4143686697451454, 0.4717595504113921, 0.49695839123292407, 0.4183814715594053, 0.542191781848669, 0.5164641909301282, 0.5077821772131654, 0.4530317383615867, 0.43265578180983444, 0.48276943679560314, 0.4983367678116668, 0.44509158454057746, 0.42707884146107566, 0.5124044379529854, 0.5427263336256146, 0.4640573237919145, 0.532266048155725, 0.44263439635099805, 0.5094882409191794, 0.5723216786448444, 0.5399567894637585]
2025-12-20 03:55:24 - fedex - INFO - loss data:
2025-12-20 03:55:24 - fedex - INFO - [0.9121795798341433, 0.701374605918924, 0.9316184341736224, 1.1333967294406007, 0.8464239117774097, 0.6413287824985605, 0.8632485952849189, 0.7623464360367507, 0.7880946362438874, 0.8803673843638256, 0.8185437452850928, 0.453674762059624, 1.4247484857837358, 0.9117992608807981, 0.6873663409302633, 0.658880288457429, 0.5474102483165485, 0.443718329830854, 0.7308200851130562, 0.6446144762966368, 0.6342593269577871, 0.5809883757183949, 0.5977338962256908, 0.7252004396170377, 0.6574726791741947, 0.6098807852715253, 0.6935624346137047, 0.5538499746161203, 0.6290795603623757, 0.6109271643062433, 0.6019834757006417, 0.30654659668776996, 0.6252303312718868, 0.5387758199125529, 0.5755666761659086, 0.5972948620095849, 0.5113618642246971, 0.5540251661862793, 0.3395403739608203, 0.45002729636789474, 0.5542273050760506, 0.3173929057239244, 0.5608769771642983, 0.42733479688564935, 0.4806782936754947, 0.4702446120480696, 0.4806626949099485, 0.36163820722689133, 0.433218824452962, 0.4716787053858516, 0.37417980420092745, 0.5365908848742644, 0.540464340398709, 0.4202603637790069, 0.5426017831265926, 0.281290404102765, 0.5930749613734392, 0.4589763540153702, 0.48848005170778686, 0.26271721392792335, 0.3179997183304901, 0.35262432917607606, 0.5153416988750299, 0.45637318616112077, 0.3726100690662861, 0.5197738076870639, 0.3663796616625041, 0.5008633460228642, 0.2472595056926366, 0.5158409834481202, 0.5561187089844184, 0.4673890268992788, 0.22345352995519835, 0.5033072512771468, 0.39631902178128564, 0.4574787554207382, 0.3975911405558387, 0.5140749326692178, 0.2959294025980247, 0.7669991874446471, 0.46358611417313417, 0.4924442871008068, 0.7670488846798738, 0.3921478909177658, 0.42106164758248876, 0.42403951386610667, 0.5294857695698738, 0.4251687825967868, 0.4294130232523788, 0.6527267870803674, 0.3520978252248218, 0.363111842609942, 0.4205588094433743, 0.3478438047820638, 0.579174967110157, 0.46022878649334115, 0.44423243614534536, 0.471028939212362, 0.41249631500492495, 0.4805681536843379, 0.46618094730314674, 0.40063313582178317, 0.34248158428128117, 0.469845979725942, 0.6065899924064676, 0.34434949349740457, 0.48900909984879415, 0.41466485550627113, 0.46527695590630175, 1.005526560731232, 0.5085420989741882, 0.6860594588366372, 0.49930636412624657, 0.38900003083623375, 0.4377237893640995, 0.1747100665854911, 0.5790994797647, 0.3030577682269116, 0.43716521897854715, 0.41951562563578293, 0.39283629545363885, 0.4542485332243483, 0.3625282061320764, 0.5001705203826229, 0.6246727103367448, 0.45817717842080374, 0.32512759454548357, 0.3888287426531315, 0.334204983113047, 0.3666249094038517, 0.3118369703943079, 0.5720094276783176, 0.4791521901885668, 0.4065632317836086, 0.42926044524647294, 0.24560539356898517, 0.26936264868825677, 0.48366308299203714, 0.8059736333787442, 0.3530311137748261, 0.5578006957191974, 0.2794176293653436, 0.46494172476232054, 0.45501324548386035, 0.37580255800714857, 0.48608980699945453, 0.35717466156929734, 0.39567820293207967, 0.36928231417356683, 0.5647853614995256, 0.6131378466884295, 0.4125756601874645, 0.5238931947946548, 0.5305646342761589, 0.38422720504876895, 0.3602482803165913, 0.5227512635290623, 0.4821436857183774, 0.42698599606821386, 0.5613803241359091, 0.38481193097929156, 0.5759832583367824, 0.34498409001777575, 0.4072658707472411, 0.6791086355845133, 0.511973359187444, 0.4126740967622027, 0.5338129905362924, 0.49606286101043223, 0.5811861683924993, 0.5188670116166274, 0.4013324692845345, 0.5124396639565627, 0.3157766310808559, 0.5347318071871996, 0.6213222749117349, 0.5712836592423696, 0.572900669152538, 0.4435875294682307, 0.44915609233654463, 0.4455237143983444, 0.43969250470399857, 0.5460500676184893, 0.4342685148119927, 0.5877402861913046, 0.5223188154399395, 0.4834585598517548, 0.4832640675206979, 0.4121142325301965, 0.5134790430466334, 0.4311802330116431, 0.4898082585427268, 0.4842000362773736, 0.5039371642876755, 0.4441046093900998, 0.5067928060589508, 0.37348862439394, 0.5235227752321711, 0.4930766933430464, 0.47172426457206407]
