2025-11-06 02:19:11 - fedex - INFO - loss data:
2025-11-06 02:19:11 - fedex - INFO - [0.6905579866694385, 1.3728884869151645, 0.8720730621563761, 1.4340620584347668, 0.716206656509945, 1.3822901267558336, 1.179922846194945, 0.7036843618809961, 1.196279705217522, 0.8825857831389092, 0.8911029100418091, 1.3630882560844637, 0.7834064741929372, 0.7704144620434626, 0.9537265792489051, 0.9836289889075689, 2.572907312307507, 0.7045393310322919, 0.7028068747474916, 0.692365086482217, 1.0515662664547563, 0.7328352748195905, 1.3430766016244888, 0.9744453070064385, 0.9965906067586997, 0.9712986490305733, 1.1014886486764048, 0.9112937798102697, 0.9767420552670956, 0.5795181213044807, 0.45390347954299715, 1.1483496716246009, 0.8008452934262, 0.8420229108448614, 0.8121646734782391, 0.8367393957450986, 1.0451739028096199, 1.075898739695549, 0.7242421244581541, 0.7168244168162345, 0.7472614099582036, 1.047262705764488, 0.9756042835807879, 0.9294303411193061, 0.7449140972049351, 0.8251936314598695, 1.198563233949244, 0.9141489602747112, 1.1090660685052476, 0.5530251672284471, 1.1573964153726894, 0.8725859947502613, 0.7485559295887262, 0.7925182550802434, 1.1376730471588017, 1.284636194507281, 1.0120557447274525, 0.847648108877193, 1.1524006724357605, 0.8841542568715179, 0.6996916130769487, 1.243029858916998, 0.9053500697893255, 1.1256472567717235, 0.8549715799997466, 0.9613869761427244, 0.96992377191782, 1.052656577527523, 1.2401478473717968, 0.9265327427317114, 1.1627670065009672, 0.9122281576457776, 0.7550685055946049, 0.4823166576835017, 0.9853884378034208, 0.7693082441575825, 0.7349600691691434, 0.685167270583204, 0.5605385854529837, 1.0534791500928502, 1.6364157988744623, 0.8911979338154197, 1.2981188545624416, 0.7222975121653326, 1.226592406630516, 1.4072385251522064, 1.357127569615841, 1.1765917018055916, 0.863607416871716, 0.6113112561747824, 1.0375742574825007, 1.3237041100445721, 1.2805756742463392, 0.6397913091472889, 0.7527413728336493, 0.9868466454116922, 0.9609866683474846, 0.7089203194611602, 0.8237173209587733, 0.7474968711535136, 1.1119937300682068, 1.663585574262672, 1.082270942369683, 0.5542148609560181, 1.0142986360523436, 0.8110872209072113, 0.9541750363352006, 0.8596657648682595, 1.1670423719618057, 0.736499456051541, 0.7327463573672706, 1.2033490743488073, 0.9678843926800333, 0.9631354200964173, 0.844779510051012, 0.7733762730722842, 1.7991663962602615, 1.1154258406921929, 0.8055948205292225, 0.9717380226534955, 1.0319071950062233, 1.219002266228199, 0.9607833272413067, 0.4319899974701305, 2.6862142086029053, 0.7655606996513119, 1.2589219553067403, 0.819935046001405, 0.9410984516143799, 0.9422096483409405, 0.7338605134023561, 1.5918071880936622, 1.0498458488899118, 1.1401454452155293, 0.7673033016423385, 1.1675948798656464, 0.7640554958747493, 0.9229930524268877, 1.3326519611565506, 1.0708043072372675, 1.0292421032985053, 1.1198719301157527, 0.9741853587329388, 0.9076619669795036, 0.8569202527403832, 1.0006650134354182, 0.9980931095778942, 1.0152072136600812, 1.092283672269653, 0.8857560997207959, 0.8772535910829902, 1.0267771086272073, 1.193311930530601, 1.028636564811071, 1.0247486587069188, 0.7930649065601281, 1.0190144406010706, 0.8505052621165912, 1.0327046260237693, 0.8818032674542553, 1.2514947671443224, 1.0048504778080516, 1.1274188792004305, 0.7606577318357794, 1.1016738853520818, 1.477775323547815, 1.2268124043941497, 1.0410152173217606, 0.9050345926856, 0.913569493827067, 0.7653383329510689, 1.2028483916074038, 1.304568908962549, 1.300911071896553, 1.2681206539273262, 1.2567375799020133, 1.0574292593142567, 1.1771759747163109, 1.186387741834753, 0.9732778191566467, 1.1410489001351853, 1.2149324516582367, 0.8046937448283036, 1.170798893093758, 1.1756381930089463, 1.1442668287100806, 0.9355182993807564, 1.3325969676176705, 1.2491558641195297, 1.1615125743770285, 1.0740145904322465, 0.9451264425536285, 1.093423743546009, 1.3102066981441833, 1.1544360269213576, 1.2600627629195942, 1.1184222638607024, 1.0616607586542766, 1.1230241777456325, 1.2218786614636579]
2025-11-08 13:57:55 - fedex - INFO - loss data:
2025-11-08 13:57:55 - fedex - INFO - [0.7088117919690711, 0.9186208037866486, 1.1199780847681196, 1.5359737285796333, 0.639095830177202, 1.2633774150162935, 1.065748150411405, 0.7019582206477829, 1.4482514587515551, 0.9701224012905374, 0.9241244100034237, 1.6381748699479632, 0.8837345898151397, 0.7348123622666064, 0.9437794514000416, 0.823384203761816, 2.434649608524827, 0.6809023163810957, 0.7545227213607479, 0.7341530037422974, 1.045542755164206, 0.7545790937751675, 1.3164990916848183, 0.9531296321501335, 0.9933923433589584, 0.9869319380206221, 1.0762086113293967, 0.8973837544520696, 1.0072369053959846, 0.5989461642690003, 0.4343632698317783, 1.1719104517251253, 0.7630698331876805, 0.8159387320541499, 0.7560862585281332, 0.8686236441135406, 0.9418857958167791, 1.0872665372987589, 0.6879841595888138, 0.6910928636789322, 0.7289255501495467, 1.048976636148597, 0.9662671177800185, 0.9075487207686692, 0.7868374859129912, 0.8271911523705666, 1.2003775322809815, 0.9425920414817489, 1.0996836805716157, 0.5216208880042864, 1.1280180444320043, 0.9016934563716252, 0.7697675696580238, 0.7439805998246332, 1.322533156396004, 1.2378895183404288, 1.0226756930351257, 0.9379214567734915, 1.054031029343605, 0.8866847556303529, 0.6938804458899825, 1.2385350006322067, 0.9008182835052996, 1.2139632503191629, 0.9061350632378191, 0.9318608734756708, 0.9715854555368424, 1.120614694058895, 1.376753764692694, 0.9847946631557801, 0.9063879614042347, 0.8412299191711856, 0.7880073720687314, 0.46477109079973566, 0.9650608017626736, 0.7565027872100473, 0.804516026554139, 0.7733358165197488, 0.5107397783237199, 0.9911108546269436, 1.455483758712516, 0.9336822665193014, 1.5377094693895845, 0.7326524531643506, 1.032143587736707, 1.3159387901425361, 1.1837601483696036, 1.3964327350258827, 0.8803205947957786, 0.6181663947277947, 1.1301936281516272, 1.2552328358093896, 1.184127204996698, 0.6374320862324614, 0.7375576686527994, 0.9057019568587604, 0.8920382236440976, 0.6869811842011081, 0.8309727112452189, 0.7547063191731771, 1.1913118302822112, 1.5240174382925034, 0.8803995365483893, 0.5665888164084458, 1.002018357316653, 0.8145345499118168, 0.9697381396565521, 0.8711223567525546, 1.1234718571934437, 0.8717231793133051, 0.8671758767631319, 0.9274723790585995, 1.0516446232795715, 0.9909300239756703, 0.8094304477175076, 0.7890029754759609, 1.6667688637971878, 1.116450045155544, 0.801817952344815, 0.9892801150971768, 1.0540335668141352, 1.287649030983448, 0.9447074074136175, 0.4339752981646193, 2.6565208435058594, 0.8265873982914185, 1.3116590076509644, 0.8029306732469064, 0.9713940706104041, 0.939973950261871, 0.721039940085676, 1.6187446430325507, 1.010345345034319, 1.2215090188859166, 0.7886413137118022, 1.1228976100683212, 0.7575611252751615, 0.8461167214681273, 1.288508203538025, 1.0557180307805538, 1.014888702581326, 1.045857740048733, 0.9809897921979427, 0.892900818089644, 0.8814609736204148, 1.0151146450282438, 0.9992315415292978, 1.0139968745410441, 1.0682361567137288, 0.8880972375472387, 0.7671588170342147, 1.0663893429672018, 1.1126906938023038, 1.0618869157301054, 1.0075813960175068, 0.8131175805248465, 1.0264369231959183, 0.8851077978809674, 0.9913367328544458, 1.072095684758313, 1.1251246929168701, 1.128048790825738, 1.119997644202997, 0.8175289718205468, 1.2335224491026666, 1.3154933750629425, 1.1726645916700362, 1.0890222724307987, 0.9306819991519053, 1.091943600067967, 0.9635234236717224, 1.1042131446301937, 1.2733839580825732, 1.3175489455461502, 1.1951230466365814, 1.2165961662928262, 1.105707568280837, 1.1269573702112488, 1.201368973693914, 0.9784633189439773, 1.1161025701441627, 1.15340169467737, 0.8801194416979949, 1.126485596722959, 1.1791181494207943, 1.097688486424762, 0.9439659027949623, 1.266432306667169, 1.2311665669083596, 1.0878030493071205, 1.0692798861612876, 0.9732707853694469, 1.137752315402031, 1.3028805913294064, 1.143785790752267, 1.2383291230482214, 1.2356683522462846, 1.0588300362229348, 1.1225452872074169, 1.2840778579314551]
2025-11-09 19:09:56 - fedex - INFO - loss data:
2025-11-09 19:09:56 - fedex - INFO - [0.6944490774706202, 1.1688902561138903, 0.9197659868943064, 1.4738692001384848, 0.6407175584532844, 1.2836849931627512, 1.164808761132391, 0.6985349816040716, 1.3143414393739983, 0.9001709276529224, 0.8658117262025673, 1.4095711204895958, 0.7675726108253003, 0.7145975122571384, 0.9750703945755959, 0.8466599509326949, 2.5902240263919034, 0.6929776785785662, 0.6207999911987119, 0.6587916266483564, 1.0437999479472637, 0.768549607121858, 1.3600925020873547, 0.9679195976505677, 0.9976643341429093, 0.9871388647486181, 1.1369399264747022, 0.9203502784172694, 0.9817329309880733, 0.5678185019985234, 0.43235262145495246, 1.148474008155366, 0.7597925268897885, 0.8218555956033238, 0.8103151803629266, 0.8292941078543663, 0.9764718890190125, 1.088726465155681, 0.6817230880260468, 0.7112533410390218, 0.7528774047063457, 1.048861712217331, 1.0017094676888068, 0.9230886237663136, 0.7715542135727511, 0.8399900555749058, 1.2315859384834766, 0.9386041796480129, 1.1319012685368457, 0.5375868649635878, 1.0476997862259547, 0.7973707920147313, 0.7454585576904755, 0.7968894587339539, 1.1790174935993396, 1.2243436425924301, 0.993458370367686, 0.9247181734277142, 1.0801277309656143, 0.8963975400170859, 0.71407076596812, 1.1865203782088227, 0.9007419882451786, 1.0982358256975808, 0.8482438491271007, 0.9625138298918804, 0.9419873632490635, 1.0312386929988862, 1.260625416257729, 0.9322335794568062, 1.3983658546818778, 0.9532273728688805, 0.7595909323608666, 0.45689382310956717, 0.9350505239433713, 0.7817953972145916, 0.7205231637742958, 0.8056581224728789, 0.5252087357609222, 0.9444462270475924, 1.4612118645625956, 0.9339708580842448, 1.3579647164377902, 0.7194514128142964, 1.2003931889408512, 1.356342658897241, 1.2922680125468307, 1.2251628749072552, 0.8658977498318634, 0.5877406542483521, 1.0750575885176659, 1.2155389653311834, 1.1927314028143883, 0.6388215188329157, 0.754202472149498, 0.9418895579874516, 0.841140176428275, 0.7371926423576143, 0.8300278186798096, 0.7484956957399845, 1.0874041981995106, 1.5637886631819937, 1.1153706094870965, 0.5763035375435931, 0.9934267472061846, 0.8480171735088031, 0.953407351515795, 0.850839202105999, 1.0862826441725095, 0.7459413366179848, 0.7944083790812227, 0.9855051785707474, 1.0386577650580717, 0.9740320518612862, 0.8650148982803028, 0.7851671213689058, 1.7387673407793045, 1.1144320600757411, 0.8179697232941787, 0.9701610713904979, 1.0364234423922265, 1.1885129362344742, 1.0109219236866287, 0.4404812190267775, 2.691233366727829, 0.8313207094018397, 1.185580589008682, 0.7572666587024603, 0.9506789278239012, 0.9313054377834002, 0.709558071444432, 1.4759701937437057, 1.0558409975732075, 1.0859414755866146, 0.731108167519172, 1.1775435507297516, 0.74947405151195, 0.8470457779324573, 1.2743497900664806, 1.0695854108780622, 1.0086606529851756, 1.0711560786391296, 0.9500294156372547, 0.9077489713827769, 0.8577193513512611, 1.0048766139408816, 0.9972660541534424, 0.9914461630086104, 1.0644052662685806, 0.8764766449729602, 0.7212636284530163, 1.0241892439477582, 1.1103173080417845, 1.1135267971290483, 1.0721999961468909, 0.8334627626768124, 1.0370312077303727, 0.879101286828518, 1.0157952214280763, 0.9510632313498097, 1.1925036239748201, 0.9870067044264741, 1.1438052020390337, 0.7808461728979621, 1.1989017261399164, 1.3069139036693072, 1.2361184343695641, 1.0266431909273652, 0.8231211962799232, 0.9163232855890926, 0.7938269610075575, 1.202067095786333, 1.296647666131749, 1.3290820849438507, 1.3037527769804, 1.2635073264439902, 1.004026595283957, 1.2462557405233383, 1.1564114074119263, 0.9741608594854673, 1.1133606838575307, 1.169815870692663, 0.8542753638078768, 1.1368570056793939, 1.1688858568668365, 1.1381911488693934, 0.9467773224723693, 1.2677399963140488, 1.1722354779640833, 1.1450070004518094, 1.0682730805128813, 0.9505569870057313, 1.048893354833126, 1.2951874005443909, 1.1386127738696534, 1.232424607171732, 1.178498821457227, 1.0511189624667168, 1.1153481958353, 1.218252021819353]
2025-11-10 17:12:53 - fedex - INFO - loss data:
2025-11-10 17:12:53 - fedex - INFO - [0.6944490774706202, 1.1688902561138903, 0.9197659868943064, 1.4738692001384848, 0.6407175584532844, 1.2836849931627512, 1.164808761132391, 0.6985349816040716, 1.3143414393739983, 0.9001709276529224, 0.8658117262025673, 1.4095711204895958, 0.7675726108253003, 0.7145975122571384, 0.9750703945755959, 0.8466599509326949, 2.5902240263919034, 0.6929776785785662, 0.6207999911987119, 0.6587916266483564, 1.0437999479472637, 0.768549607121858, 1.3600925020873547, 0.9679195976505677, 0.9976643341429093, 0.9871388647486181, 1.1369399264747022, 0.9203502784172694, 0.9817329309880733, 0.5678185019985234, 0.43235262145495246, 1.148474008155366, 0.7597925268897885, 0.8218555956033238, 0.8103151803629266, 0.8292941078543663, 0.9764718890190125, 1.088726465155681, 0.6817230880260468, 0.7112533410390218, 0.7528774047063457, 1.048861712217331, 1.0017094676888068, 0.9230886237663136, 0.7715542135727511, 0.8399900555749058, 1.2315859384834766, 0.9386041796480129, 1.1319012685368457, 0.5375868649635878, 1.0476997862259547, 0.7973707920147313, 0.7454585576904755, 0.7968894587339539, 1.1790174935993396, 1.2243436425924301, 0.993458370367686, 0.9247181734277142, 1.0801277309656143, 0.8963975400170859, 0.71407076596812, 1.1865203782088227, 0.9007419882451786, 1.0982358256975808, 0.8482438491271007, 0.9625138298918804, 0.9419873632490635, 1.0312386929988862, 1.260625416257729, 0.9322335794568062, 1.3983658546818778, 0.9532273728688805, 0.7595909323608666, 0.45689382310956717, 0.9350505239433713, 0.7817953972145916, 0.7205231637742958, 0.8056581224728789, 0.5252087357609222, 0.9444462579364579, 1.461211877710679, 0.9339708931640619, 1.3579647338224783, 0.7194513875982581, 1.2003933073658692, 1.3563427845637004, 1.2923136721882555, 1.2251590341329575, 0.8658964027376735, 0.5875141097624835, 1.0755228742080576, 1.187646107127269, 1.3588243871927261, 0.6383017335871333, 0.7730664821962515, 0.9575170270706478, 0.7910091968563695, 0.7290946572191186, 0.8576266045371691, 0.7520501099526882, 1.1507533572614193, 1.4132748941580453, 0.8585169768581787, 0.5582060860110005, 1.0173800715969668, 0.7914188131690025, 0.9428600681978359, 0.8806038059294223, 1.1900438816183143, 0.9113475473663002, 0.8420814383361075, 1.0246576806530356, 1.0300404914047407, 0.9801185811559359, 0.876958039899667, 0.7866247795198275, 1.7472618967294693, 1.107786622409727, 0.8033188072343667, 0.9678777077034408, 1.0427925208145203, 1.251693642139435, 1.031723370856565, 0.45004437817260623, 2.546086758375168, 0.7507466983883396, 1.2009350122336078, 0.7845367128704337, 0.9368676461279393, 0.9350583514819543, 0.7361112247738574, 1.6665054440498352, 1.1009674668312073, 1.1582999682944755, 0.7858309671282768, 1.267142117023468, 0.7374490888582336, 0.8318187591174375, 1.334908483440385, 1.0669798655435443, 1.0149302842716375, 1.1197364857006404, 0.9654973149299622, 0.9142568762103717, 0.852468678355217, 1.0099208749344815, 0.9952424988150597, 0.9908966489136218, 1.0605294762873183, 0.8746234734853109, 0.7246786025352776, 1.0454558700323104, 1.1319101419713762, 1.028146577378114, 1.0410361633750431, 0.8346359890465642, 1.0107041793564955, 0.8632825300097465, 1.0335353900988897, 1.0080029358852918, 1.1488118628039956, 1.1367609600226085, 1.0861798200998514, 0.851007403237255, 1.0654728189110756, 1.4549316763877869, 1.2956986837089062, 1.0552022177945164, 0.8043301397313674, 0.9998772606253624, 0.8538154502840418, 1.1715811379253864, 1.2567991488704495, 1.3003612868487835, 1.1997988142073155, 1.1855756541093192, 1.0129081484149485, 1.1621515090050905, 1.1190626333571143, 0.9990014851093292, 1.1118701892702476, 1.1854696322203901, 0.8282643264780443, 1.1606790099454962, 1.1054068000293245, 1.1940423429196834, 0.9805882203838099, 1.2320359314481417, 1.2254134605328242, 1.1315575636139041, 1.0675011823574703, 0.9463676951357708, 1.0385917708277703, 1.265893702121342, 1.1528607145752139, 1.1751372989486244, 0.9735315601030986, 1.1123211483160653, 1.1276295845923217, 1.1239458521207175]
2025-11-11 09:47:23 - fedex - INFO - loss data:
2025-11-11 09:47:23 - fedex - INFO - [0.6845029003084883, 1.0508035463694898, 0.9967216484640774, 1.5143921086016823, 0.6028621865567146, 1.2225555554032326, 1.1590940568007921, 0.6971452097826893, 1.2107114844645064, 0.9227114687947666, 0.8555763304233551, 1.4797887073978524, 0.7900431466599305, 0.7205098964347455, 0.9988171301782132, 0.7517404537027081, 2.476770994719118, 0.6894130130828011, 0.7611825747622384, 0.7250612534893056, 1.0381316067650914, 0.7352212490378947, 1.4113561362028122, 0.9833031537632148, 0.9944331768681021, 0.997588352245443, 1.2113162688180512, 0.9484178076187769, 0.9955626614391804, 0.5715105022450812, 0.4261715510704865, 1.1429577022790909, 0.8047990016639233, 0.7830352546614513, 0.8079366547365983, 0.7785929432138801, 0.9769320473074913, 1.110671671728293, 0.6636983767151833, 0.6960732579231262, 0.7416049606270261, 1.0754139278280108, 0.9218556341879508, 0.9210139213685404, 0.7580455973450291, 0.8241844887011929, 1.1572532523423433, 0.9029373155048518, 1.0760482046753168, 0.5258029200550582, 1.1492288703719775, 0.8484306959228383, 0.7489164111758368, 0.7240419621138197, 1.195282668136714, 1.2349147597948709, 0.8764270643393199, 0.8659066362367347, 1.1637941785156727, 0.884428000625442, 0.6802086151186743, 1.212549775838852, 0.8860370030297953, 1.1920140087604523, 0.8454567785879408, 0.9441082403063774, 0.8487868294119835, 1.1599733546376227, 1.2613934019270043, 0.9912609979510307, 1.0512288585346061, 0.8517445070040485, 0.7777692006868229, 0.5311675456404272, 0.9700434795684285, 0.7554511633546401, 0.7328320274521646, 0.7663552823424753, 0.539434718226807, 0.9719224328485627, 1.5133753418922424, 0.8729887909462882, 1.373207728481955, 0.724500180023895, 1.201693620728819, 1.3572376136978468, 1.2167319804430008, 1.2340222001075745, 0.8904994482795398, 0.677689141618382, 1.0961984908756088, 1.3696361037178173, 1.3607174425440676, 0.6500470723564687, 0.747010731862651, 0.905938161831153, 0.8583417155055536, 0.6993302156527836, 0.8117756868402163, 0.7446492458383243, 1.1277519665658473, 1.7387069252630074, 1.384884224169784, 0.5653479825930248, 1.0058233990437455, 0.8357076893250148, 0.9726426311229405, 0.8594587698578835, 1.1490063229368792, 0.8339267555754958, 0.7903345574935277, 1.043082325719297, 1.0168217728643314, 0.979461257904768, 0.803186363230149, 0.7854864573565082, 1.7602302034695942, 1.0856813923400992, 0.8337173697849114, 0.9535830221047589, 1.0434653906370788, 1.234807977080345, 0.9599933776518572, 0.4198384369309578, 2.7055744975805283, 0.755529023657896, 1.2180099924697596, 0.8086266865467896, 1.0112682469189167, 0.948622073729833, 0.7470962177548144, 1.648988962173462, 1.0714605582111023, 1.3412376501853915, 0.8655451610684395, 1.1779827326536179, 0.7604105600880252, 0.8927069356584031, 1.317332237958908, 1.0700211189687252, 1.0355029317239919, 1.068665510871344, 0.9631090581417083, 0.8831962992747624, 0.8503210134804249, 1.0040554222853286, 1.0067286407575011, 0.9960141127308211, 1.080877740885697, 0.8814441656072934, 0.8564334982074797, 1.0155609183013439, 1.1245456271701388, 1.0937362793419096, 1.0250795213015456, 0.8050953623126534, 1.0398002790908019, 0.8502111569046974, 1.0476344535748163, 0.9290987526661199, 1.1074262500430148, 1.0789944041106436, 1.088677841996999, 0.7607850182866841, 1.144953151543935, 1.5248738997860958, 1.260117483884096, 1.0455816257964161, 0.8216831423342228, 0.9119546520605422, 0.7521748555726127, 1.1934737395495176, 1.3162877659002938, 1.3253217346966266, 1.3034784518182279, 1.2657941182454429, 1.0258710752515232, 1.2899750918149948, 1.1674547147833638, 1.0062059059739112, 1.107752829142239, 1.164435668941349, 0.853364195053776, 1.1244712293605366, 1.1597406604126388, 1.1482939531928613, 0.9597191574303454, 1.2657232493162156, 1.155478008588155, 1.1236389990111715, 1.0737058017402887, 0.9768754830538938, 1.041091799736023, 1.2289467366302715, 1.1245450391946243, 1.2267469299190186, 1.178834506869316, 1.0324763635794323, 1.1073440496040425, 1.20056231568257]
2025-11-13 17:56:42 - fedex - INFO - loss data:
2025-11-13 17:56:42 - fedex - INFO - [0.6959050112207861, 1.3514217301375337, 0.8710171148965233, 1.645010166308459, 0.7675857976846919, 1.4148901896551251, 1.1757685181341673, 0.9901330604460901, 1.6509544489801757, 1.1284557441082756, 0.8030254264672597, 1.2273377726475398, 0.8038772566864888, 0.6334527584626094, 0.8763283060863614, 1.0616771187219354, 2.26136839374279, 0.5972815188761873, 0.5511649050749838, 0.5941991771881779, 0.8222544696182013, 0.4919783598810866, 0.9609028026461601, 0.6100587751716375, 0.63215703166583, 0.6260491364142474, 0.5885303583653534, 0.4324168711900711, 0.586765518411994, 0.3043498519464935, 0.27077814764399794, 0.6567072818676631, 0.37279393680785833, 0.49768887130184136, 0.3314353911620047, 0.3070661476813257, 0.47149286810308694, 0.5543134999771913, 0.31428800647457444, 0.3600583570698897, 0.3987221736460924, 0.45571332003333065, 0.5791608297138238, 0.4229313384806901, 0.29761881164373144, 0.435862014929392, 0.6619526077993214, 0.565671815959112, 0.473826531941692, 0.28787590219225323, 0.5737106688320637, 0.5109649697163452, 0.38266277403321136, 0.33100811689847, 0.5567668350903612, 0.695397620399793, 0.2804449459848305, 0.49191307075613855, 0.31033922266215086, 0.41012473831720214, 0.3947555594004727, 0.6637771003362205, 0.4368797468350214, 0.5801427115996679, 0.39112287471445717, 0.48302428020785254, 0.37631101938895883, 0.48860963694751264, 0.7564216598402709, 0.5130388486911268, 0.640245192120538, 0.3948087647049789, 0.3047267503448223, 0.23895567389651357, 0.4593995853016774, 0.4366595802363008, 0.3104294683465636, 0.3811921055562885, 0.20037036516522574, 0.7228596951657286, 0.9458233477438197, 0.4452570979224725, 0.5870772536016173, 0.27745657096226917, 0.7119956727286703, 0.35495269695917764, 0.634111457116281, 0.5255088331177831, 0.4524677651039526, 0.22708841548668907, 0.5845933900050381, 0.4837078886323272, 0.487200931262444, 0.1904524932860544, 0.27319047440929956, 0.22736353231103795, 0.41496462240141024, 0.28693295277965564, 0.24685961877306303, 0.27915420768161614, 0.6134743914008141, 0.587293334512247, 0.26106888633583164, 0.21681020577990867, 0.31529026540617144, 0.3596185905237993, 0.2991371952781552, 0.4541244217505057, 0.4759325699337448, 0.4204971223575341, 0.3177730280543781, 0.2384202911052853, 0.4784265203968338, 0.436386815054963, 0.2821021738151709, 0.263490849107072, 0.9262273624384155, 0.4970776568513875, 0.2531718790220718, 0.47954572035255383, 0.47065862205208225, 0.5891063464456238, 0.32353572838980216, 0.14695497170194155, 1.0307029038667679, 0.19274580044867962, 0.6073840308277046, 0.43560040502579533, 0.43336102850735186, 0.44560746056959033, 0.3040795115960969, 0.7127488909289241, 0.48500175248174104, 0.5863471845893756, 0.22705418275048336, 0.6379726678133011, 0.27800127160218024, 0.28911492622295476, 0.508328188347685, 0.3877798765897751, 0.27191520792742574, 0.40959953702824553, 0.5076522435992956, 0.44453508940835795, 0.4150092026218772, 0.395958065662695, 0.45110883424058557, 0.44806954190135007, 0.3800419411238502, 0.4492311085263888, 0.4911042432067916, 0.510876128493863, 0.4602286863131061, 0.33131097215745187, 0.3747081840574219, 0.31318921231547925, 0.4205801821313798, 0.41743583617111046, 0.5524672055073703, 0.33092296716183833, 0.4622563367399076, 0.3394901265079776, 0.44737664131511107, 0.34858709683216976, 0.34127441203842557, 0.6279688777500078, 0.3769095463678241, 0.5091038086396806, 0.30915144186777377, 0.4889660989898339, 0.3953734032809734, 0.4431740250438452, 0.5406722392083383, 0.5354177139699459, 0.5109830211848021, 0.36946921298901236, 0.339889757335186, 0.5122987807768842, 0.4687575247694945, 0.4284907379498084, 0.5017761404855527, 0.4691438603183955, 0.3481435741608342, 0.45647419518445764, 0.43844595609926706, 0.4653043462419104, 0.3514310370883489, 0.4658794682472944, 0.5171397089958191, 0.44932909376036967, 0.42871774826198816, 0.3565789817198031, 0.40253566615283487, 0.5654425594736547, 0.45856520903232456, 0.595678695861031, 0.62487458512187, 0.37658400808771453, 0.46499493350477317, 0.6335451658815145]
2025-11-14 07:42:15 - fedex - INFO - loss data:
2025-11-14 07:42:15 - fedex - INFO - [0.7039499222546032, 1.3929600593944391, 0.8569180079196629, 1.6595253926866196, 0.7890270764751588, 1.480846470221877, 1.1764345102404294, 0.951242996737415, 1.7884245320326753, 1.163139596886342, 0.8668116259078185, 1.482248751899331, 0.8999102408687274, 0.7184305866371448, 1.003712159022689, 1.150679974630475, 2.6479598158039153, 0.6890290248591233, 0.8136630428230597, 0.7646840613645811, 1.0506973378360271, 0.7552234415270855, 1.375541914254427, 0.899276885514458, 0.9173411226228756, 0.8784739287460552, 1.029008328330283, 0.7239603598912556, 0.8992016203701496, 0.4826423756288071, 0.4231697810296383, 1.1284166785577934, 0.7534148789157993, 0.8450350653968359, 0.7897251918911934, 0.7539162505418062, 0.9020082015544176, 0.9825329380730787, 0.5908840542038282, 0.6096589217583339, 0.6669677384197712, 0.8592371196535074, 0.8153523827105567, 0.7849960791175825, 0.5777015320409351, 0.6848808859616241, 0.9152613738551736, 0.8071651055304078, 0.8830737546086311, 0.40954723364363116, 0.6958751710752646, 0.7624756870998277, 0.502435347101852, 0.4807482402722694, 0.9146599995723942, 0.8603466153144836, 0.6248957049101591, 0.6699906483998681, 0.7054713647812605, 0.6255899250288219, 0.5274708150045982, 0.9145876148508655, 0.667526423054583, 0.8078535248835881, 0.5560451748178286, 0.4497529783596595, 0.5184477558359504, 0.6910221374128014, 1.0381588077483077, 0.7716393948477858, 0.5089341920163286, 0.5098347270705568, 0.4122480794787407, 0.27840570508916346, 0.6306001716810796, 0.5523094705150773, 0.4203080045623019, 0.5169148055914169, 0.2844446830697254, 0.8365825753038127, 1.1678531410939552, 0.5383431618877996, 0.8422944963806206, 0.3651849630393207, 0.6312501292283598, 0.7455966340998809, 0.7661396669508476, 0.7549065556377172, 0.49821281441870857, 0.30918086671858636, 0.6951812276726259, 0.7528689241217863, 0.6521914622143787, 0.27622637346288875, 0.2744655945134582, 0.35536700996913406, 0.45631261392069666, 0.3515697374112076, 0.514960303902626, 0.3433515512694915, 0.6967979893088341, 0.919219935636243, 0.5774755753817671, 0.2588964137532176, 0.4300386665595902, 0.3827442700664202, 0.4386939125364287, 0.4931286742289861, 0.5189314842638042, 0.4950067322096673, 0.3555408048585782, 0.549740637652576, 0.5139299960887951, 0.5021829164897402, 0.2890726253390312, 0.2647962324705947, 1.2346159797161818, 0.5648093577912625, 0.30118259477118653, 0.5067845904651811, 0.552076300688307, 0.5940908331423997, 0.42352456405110983, 0.19711300219124597, 1.4504444301128387, 0.289722320329594, 0.6516023889183998, 0.5055859630566387, 0.481368772033602, 0.5180929695256055, 0.34152339870731035, 0.7345249912177678, 0.5871614695471876, 0.6388198449343875, 0.22328262077644467, 0.8511598184704781, 0.3740366170596745, 0.37043111338077683, 0.6179262095076197, 0.5570117984898388, 0.4667856643597285, 0.4854135857700991, 0.5117015151306987, 0.4999033477157354, 0.44974850565195085, 0.47634546916283993, 0.5446751527488232, 0.4628838737805684, 0.5680592121446835, 0.5242667607963085, 0.5460101649320374, 0.5224256706588408, 0.5795502522442904, 0.5356652577304177, 0.4617544702139863, 0.4173867441470327, 0.4792876104824245, 0.43658683747053145, 0.4861192180154224, 0.39813793239181594, 0.6611837052429717, 0.4082053924600283, 0.5116644294776784, 0.36417585484552806, 0.4993363213207987, 0.7064752527757695, 0.42044815652279793, 0.5424499138532316, 0.4449307541362941, 0.5500474235337032, 0.3841632754566442, 0.5409724954515696, 0.43789747521719513, 0.5180815787365038, 0.5890670796856284, 0.5775622725486755, 0.5049728786244112, 0.5961892967638762, 0.5237632074082892, 0.4986882848044236, 0.5324255406856537, 0.5088671055024542, 0.3853530163566271, 0.5057923561891022, 0.5470192868481665, 0.5236365160798141, 0.40722350280910935, 0.5935767189910015, 0.6235671982169151, 0.5219485060753006, 0.43989427434280515, 0.4181117342452064, 0.5506816610693932, 0.6737266594872755, 0.5116878252123933, 0.6332718699293978, 0.6510671565930048, 0.5296269396940867, 0.49438768688427365, 0.7021558899432421]
2025-11-14 17:07:40 - fedex - INFO - loss data:
2025-11-14 17:07:40 - fedex - INFO - [0.7010745153713384, 1.3333292721874184, 0.8651329357373088, 1.6097516768118916, 0.6955722863867617, 1.2954002805054188, 1.2067955791165954, 1.000158245648271, 1.8592832764196727, 1.1779900859002872, 0.8724040120840073, 1.293924767524004, 0.844541056205829, 0.7100428377621268, 0.904135955683887, 0.9699634049501684, 2.3689826872044555, 0.5941881066663008, 0.5394120481796563, 0.5613641977931062, 0.7463574828580022, 0.46612417959756614, 0.7846346460282803, 0.6008715694770217, 0.6242610913537004, 0.5527069235549253, 0.6277356064494919, 0.4510374267896016, 0.6135672749951482, 0.27764335253864136, 0.25558828803865863, 0.6494825592574973, 0.35825112427731876, 0.5105345953713383, 0.3549580589040286, 0.3921038005501032, 0.533239221572876, 0.5465577901651462, 0.3770556343098481, 0.370301483074824, 0.42011977214780116, 0.46418956382886356, 0.5588301121701602, 0.41816738019125504, 0.268287390722738, 0.43209556256054726, 0.6015710160136223, 0.5197421893640269, 0.532821982788543, 0.2953933286221905, 0.715340775748094, 0.5077743268028523, 0.36495207449774336, 0.31682894361744585, 0.6140762722413791, 0.6151316594332457, 0.30078541673719883, 0.45935231405827737, 0.31439484003931284, 0.389999888234717, 0.37686124740296284, 0.6138107605899373, 0.4393763846772558, 0.5132351890206337, 0.40436321492350136, 0.3021484574613472, 0.4111997360363603, 0.33020747541449963, 0.7388653354719281, 0.4056386489640264, 0.38049299589341934, 0.4028042605833003, 0.3225874832847662, 0.21390404980144617, 0.4871953001452817, 0.4125705697496111, 0.2672657599476607, 0.40108801981749465, 0.2341640314940984, 0.6033013365231454, 0.9516802040093085, 0.4263780519961276, 0.6519918951930271, 0.2808836784333127, 0.5762514517103371, 0.42006441118816534, 0.5824645510098586, 0.6292187664657831, 0.4291745227633738, 0.2606287144896525, 0.5366162193172118, 0.5272054524846479, 0.5341701465932762, 0.233675325607979, 0.2529148242933338, 0.26628801623653425, 0.33389805921878074, 0.21657123855806681, 0.26258816942572594, 0.277466498563687, 0.5387096475809813, 0.5652984363130398, 0.2535188656507267, 0.1991019110366306, 0.37518411222845316, 0.19054798300688464, 0.3207949914626385, 0.4553325193623702, 0.4652841373976925, 0.40307394221931564, 0.2928412341732635, 0.2511249359231442, 0.45431544124756174, 0.4379183110470573, 0.19563948797682923, 0.3448446647034607, 0.9406513975312313, 0.4950428537147887, 0.3113263478347411, 0.4704562548474938, 0.4775351201019743, 0.5918032743036747, 0.3306191000358566, 0.14297381914285426, 0.909154012799263, 0.25239355636356203, 0.6005935987238498, 0.41898949446656025, 0.45225630290806296, 0.47091770547752576, 0.3039569327814712, 0.6218038894236088, 0.419627158299965, 0.4704284657980653, 0.23703303576136628, 0.5111798644065857, 0.22739496620164978, 0.27028794544141577, 0.546079007032163, 0.3552482440136373, 0.3054369452099005, 0.41543951258063316, 0.4702171767130494, 0.4241712817301353, 0.37520425394177437, 0.417655741026544, 0.4235450606793165, 0.4521853607147932, 0.3995994940838393, 0.43392097018659115, 0.36905513571885723, 0.48971417101428794, 0.3494800112158474, 0.4283898063004017, 0.3649422794427962, 0.33779819820531237, 0.4348328979996343, 0.4019591107964516, 0.49442808292418094, 0.3486013495250343, 0.48648458362246555, 0.37330041349762016, 0.43486064609036357, 0.3275757439924698, 0.336837206967175, 0.5360398880745235, 0.4589416827773675, 0.5206656062208554, 0.28699649474583566, 0.4864919396868923, 0.37147027863875814, 0.46413163747638464, 0.4785594867871088, 0.5210695077975591, 0.5128841448575259, 0.3562678527086973, 0.3180932371931917, 0.49676393442179845, 0.44174673015044796, 0.3867441112796466, 0.512206097335919, 0.47716581604688824, 0.3387785744853318, 0.4595790589537919, 0.4139589166232184, 0.44259582173898127, 0.3479238588200963, 0.4653671320527792, 0.49972516049941385, 0.4411662358692602, 0.4083529021590948, 0.3622937355424471, 0.36741381250321864, 0.5001804175622323, 0.4683563335491416, 0.50821554748451, 0.5395138313372929, 0.3762830264866352, 0.47414490774921747, 0.5480441382775705]
