2025-11-06 01:18:53 - fedex - INFO - loss data:
2025-11-06 01:18:53 - fedex - INFO - [0.6035629138350487, 0.7057033330202103, 0.5076553396880626, 0.8696104139089584, 0.4076147551337878, 0.6851934641599655, 1.0627910904586315, 0.8845001788809895, 0.9906999804079533, 0.5585289597511292, 1.061758584769753, 0.8615522719919682, 0.8203896209597588, 0.6550401424368222, 0.6487529277801514, 0.1364224199205637, 0.7927412986755371, 0.4222213551402092, 0.32713015377521515, 1.2412595687071897, 0.30958019194141445, 0.708583285437069, 0.4042098665700501, 0.40151628851890564, 0.6752691231667995, 0.5951626896858215, 0.500496294721961, 0.4351809937506914, 0.2861668363213539, 0.9051369100809097, 0.4186318665742874, 0.6047956198453903, 1.1149284578859806, 0.03357935283565894, 0.5146783348172903, 0.5218312777578831, 0.5906825557351112, 0.6861414648592472, 0.6158385798335075, 0.6041362509131432, 0.43477078899741173, 0.304170498251915, 0.24406718984246253, 0.41794503480196, 0.5398502945899963, 0.44759783521294594, 0.3762352839112282, 0.20423807203769684, 0.7272852056970199, 0.28221750259399414, 0.2082711948081851, 0.3823854112997651, 0.28055142088042984, 1.4420905396342278, 0.47457080241292715, 0.3813398476690054, 0.4268965497612953, 0.2657155878841877, 1.0492488518357277, 0.39342622831463814, 0.3277899442861477, 0.2730832025408745, 0.30728540879984695, 0.16040891950898287, 0.8832081891596317, 0.47913469523191454, 0.5791251584887505, 0.321703872953852, 0.8481044620275497, 0.6063076928257942, 0.5481855431571603, 1.0518379369815294, 0.51091720610857, 1.1809416115283966, 0.4176726020872593, 0.35281766653060914, 0.263865870423615, 0.32896319031715393, 0.6448288115016314, 0.6211118474602699, 0.3200752194970846, 0.46398740261793137, 0.29664967807346126, 1.3930046364665032, 0.5367594614896612, 0.3448658075649291, 0.47851521149277687, 0.2648790515959263, 0.22216054629534482, 0.21915082167834044, 0.2626281715929508, 0.24168016547337176, 1.1037276685237885, 0.28261146508157253, 0.19848500937223434, 0.943333783497413, 0.7303769439458847, 0.1810598447918892, 0.19171513058245182, 0.1514163170941174, 0.24694642750546336, 0.08374017663300037, 0.1742365203797817, 0.3061743353803953, 0.4782621820922941, 0.3060977740678936, 0.4468719679862261, 0.19071408500894904, 0.1291659944690764, 0.23903945460915565, 0.3110791128128767, 0.18981276689252505, 0.20862428427062696, 0.782550898194313, 0.07559922058135271, 0.33079482739170396, 0.35669375099241735, 0.19358684122562408, 0.12975387461483479, 0.7273337510414422, 0.6334394772226611, 0.06654982641339302, 0.22557791670163474, 0.2676242891078194, 0.27969298201302684, 0.3435120861977339, 0.2166176401078701, 0.2479906352236867, 0.05645472463220358, 0.34341831021010877, 1.475628912128741, 1.5756704956293106, 0.20811678674072026, 0.29779303837567567, 0.5358657538890839, 0.2632925150295099, 0.5980679951608181, 0.19612359069287777, 0.15718160523101687, 0.11291492078453302, 0.08768742950633168, 0.4274675115942955, 0.16505177738144994, 0.16556464321911335, 0.13589204428717494, 0.25192331771055854, 0.19499675845727324, 0.26222234343489015, 0.4054359681904316, 0.16465735528618097, 0.4337063892434041, 0.3035843539983034, 0.1893320804461837, 0.12727979002779144, 0.2866391825179259, 0.07649534661322832, 0.5737220235168934, 0.2924354858696461, 0.12386786118925859, 0.3325301442295313, 0.20983157651498913, 0.08720243372954428, 0.9814184606075287, 0.31387688946496284, 0.8435204029083252, 0.37404758520424364, 0.42123286612331867, 0.20449257688596845, 0.19952809438109398, 0.1771462168544531, 0.26812074705958366, 0.11854617134667933, 0.3114015931263566, 0.3057520370930433, 0.6888527059927583, 0.6659899484366179, 0.836569657549262, 0.5511382638166348, 0.4767028298228979, 0.150092027336359, 0.4092950262129307, 0.11954419128596783, 0.3477776188403368, 0.37804869152605536, 0.41522940099239347, 0.6048800200223923, 0.3892426736652851, 0.24109208583831787, 0.1946383286267519, 0.502390842884779, 0.3026805638025204, 0.3454035598784685, 0.18885681498795748, 0.4878962757065892, 0.418811640702188, 0.18615704961121082, 0.18276816979050636, 0.34937605261802673, 0.19567614731689295, 0.1469080399721861]
2025-11-08 12:57:20 - fedex - INFO - loss data:
2025-11-08 12:57:20 - fedex - INFO - [0.5823812209069729, 0.6298651620745659, 0.4866762772202492, 0.8739519752562046, 0.39755324895183247, 0.6876045390963554, 1.1076803654432297, 0.8879762802273035, 0.9791599288582802, 0.6027433276176453, 1.1597213326280729, 0.8910941872745752, 0.8550663858652114, 0.6993412276109059, 0.5724192038178444, 0.15093990042805672, 0.9016902074217796, 0.432148115709424, 0.32878327121337253, 1.2603112248988408, 0.3328514362142111, 0.5379394722403958, 0.3957815299767794, 0.4194652680307627, 0.787426121532917, 1.0630118548870087, 0.5222173042595386, 0.45179763063788414, 0.3019917763769627, 0.4701463684439659, 0.6477678194642067, 0.8920954912900925, 0.9882122185081244, 0.029587377444840968, 0.7036803439259529, 0.559202753007412, 0.6461755122989417, 0.8158061727881432, 0.8770588636398315, 0.7162451073527336, 0.5517806683977445, 0.4611918039619923, 0.3253152687102556, 0.45307760313153267, 0.4345362260937691, 0.4105995986610651, 0.607008546590805, 0.4538864493370056, 0.7720069251954556, 0.302588127553463, 0.24999723359942436, 0.6285379491746426, 0.31911883774834376, 0.667281811311841, 0.43622314743697643, 0.3781020525842905, 0.2840710375458002, 0.5017214715480804, 0.6366526521742344, 0.24385446310043335, 0.36067765206098557, 0.45280568674206734, 0.4644143879413605, 0.18465670516404012, 0.8199136964976788, 0.41823716908693315, 0.6356645300984383, 0.3357033381859461, 0.5751134045422077, 0.6819008402526379, 0.35998043417930603, 1.4076579697874776, 0.3683164566755295, 0.6747839450836182, 0.3384702980518341, 0.31630244962871074, 0.35220833122730255, 0.38730553165078163, 0.6563214844555154, 0.3187476247549057, 0.3350672200322151, 0.45978331565856934, 0.1971281157724055, 2.0968199007213117, 0.6932404701454087, 0.7103145984001458, 0.6411289609968662, 0.21482455916702747, 0.2326944064348936, 0.40997113287448883, 0.42224709689617157, 0.2517520111054182, 0.8521217182278633, 0.5536188557744026, 0.3686500284820795, 0.7794861625880003, 0.5105271637439728, 0.3628622852265835, 0.2605541907250881, 0.25158035662025213, 0.25490305852144957, 0.4742516353726387, 0.2137956243008375, 0.270638125638167, 0.38619942497462034, 0.365149341057986, 0.4859311431646347, 0.2919809096492827, 0.13681216537952423, 0.4841258376836777, 0.29473466345419486, 0.17168544263889393, 0.29745660890896236, 0.6522983010858298, 0.10155658423900604, 0.36337280521790183, 0.34790509901940825, 0.2941485159099102, 0.16520974785089493, 0.7177944560535252, 0.5830342234422763, 0.11773380544036627, 0.2622875945021709, 0.2850220476587613, 0.24732857259611288, 0.5294120609760284, 0.24752166122198105, 0.22316879965364933, 0.12522501032799482, 0.28911614927152796, 1.5661867345657408, 1.1570714650054772, 0.23472406212240457, 0.33841179106384517, 0.5013686865568161, 0.2287091159572204, 0.536226898431778, 0.23991940543055534, 0.22912372462451458, 0.17975690495222807, 0.17980293929576874, 0.45277406051754954, 0.2094341805204749, 0.40004827082157135, 0.19011476449668407, 0.15914696734398603, 0.11003546137362719, 0.24360326149811348, 0.47597660031169653, 0.2027768036350608, 0.37082990470031896, 0.3754484777649244, 0.11918467916548252, 0.11383516216624735, 0.3331618197262287, 0.06136435107327998, 0.7947363220155239, 0.3935770932585001, 0.11778869076321523, 0.33990423604846, 0.18777240353326002, 0.10710535002872348, 0.9343480169773102, 0.32158430511804503, 0.9670674055814743, 0.35850724428892133, 0.506661468744278, 0.22530713584274054, 0.22201425209641457, 0.3538290187716484, 0.24801869547615452, 0.20711753020683923, 0.31882547214627266, 0.33337353728711605, 0.528258740901947, 0.46820384512345, 0.5245711654424667, 0.44269706308841705, 0.42131232284009457, 0.26919916570186614, 0.4614503588527441, 0.14148435788229108, 0.3382872402667999, 0.44136102087795737, 0.47344822585582735, 0.40541498363018036, 0.47086291685700415, 0.3210237242281437, 0.2689536057412624, 0.5332749783992767, 0.34386896900832653, 0.33626925982534883, 0.2899061106145382, 0.313544487580657, 0.5002039838582277, 0.21396884446342784, 0.19742411064604917, 0.4319371350109577, 0.16156529324750107, 0.18546308781951665]
2025-11-09 18:04:47 - fedex - INFO - loss data:
2025-11-09 18:04:47 - fedex - INFO - [0.5677224688231945, 0.6483030915260315, 0.4811574690043926, 0.8106755241751671, 0.3649633340537548, 0.6832388713955879, 1.432595970729987, 1.1509839195758105, 1.1156659722328186, 0.5924195796251297, 1.1338679920267571, 0.8295089583843946, 0.7988382011651993, 0.6895215027034283, 0.5830908678472042, 0.15918649043887853, 1.1758455857634544, 0.3831194266676903, 0.3479322592417399, 1.5097106706558003, 0.31179378392795726, 0.719583932737199, 0.6316781510961138, 0.4839701000601053, 0.6589493304491043, 0.8552032187581062, 0.4917171601206064, 0.43789518550038337, 0.2868405722081661, 0.6311580501496792, 0.362604234367609, 0.9231990873813629, 1.1636996902525425, 0.030326057982165366, 0.5789364222437143, 0.6100219935178757, 0.6637297686189413, 0.8607970103621483, 1.052658349275589, 0.7098916620016098, 0.526699664692084, 0.3317990005016327, 0.23987265564501287, 0.5311936251819134, 0.4938522279262543, 0.36626435443758965, 0.47639355063438416, 0.41240302473306656, 0.7255979080994924, 0.2821485847234726, 0.22051714062690736, 0.4454887602478266, 0.3068626663557047, 0.9036473724991083, 0.41679568216204643, 0.3371770091354847, 0.4759834595024586, 0.3224037066102028, 0.7387976311147213, 0.19114919193089008, 0.3154732041681806, 0.19710221886634827, 0.42519968189299107, 0.1605622913436188, 0.7706125378608704, 0.44223510921001435, 0.6267791464924812, 0.2677052517731984, 0.9314530231058598, 0.6278412640094757, 0.3315927851945162, 1.0359241922851652, 0.42963039726018903, 1.1042934358119965, 0.3042241998016834, 0.28996329121291636, 0.590664766728878, 0.32787130679935217, 0.6786028365177723, 0.8609018176794052, 0.34948186576366425, 0.526802483946085, 0.4035488123869679, 1.8650206640362739, 0.5035471586808045, 0.35504746064543724, 0.4953159913420677, 0.26770203933119774, 0.22773072458803653, 0.4109706515446305, 0.6212987899780273, 0.2101481281220913, 1.1776897236704826, 0.32539838552474976, 0.2609763629734516, 0.7630919845153888, 0.6002658382058144, 0.34530238062143326, 0.2432795949280262, 0.23967788740992546, 0.22539765667170286, 0.15937320236116648, 0.19363888688385486, 0.3369952253997326, 0.2534270610194653, 0.18908362742513418, 0.48953061178326607, 0.2570527596399188, 0.10139311384409666, 0.22972892597317696, 0.28475794233381746, 0.17748412427802882, 0.60868012192077, 0.8691188964992762, 0.08003612142056227, 0.36704932215313113, 0.30508242566138505, 0.3556369375437498, 0.16159160248935223, 0.7842335710301995, 0.5539831940084696, 0.08295349031686783, 0.22085872553288938, 0.22607315424829721, 0.2121538184583187, 0.4529407247900963, 0.24131378531455994, 0.2347477748990059, 0.2849003989249468, 0.27537041443089644, 1.706595200304744, 1.8231519094357889, 0.2329768819734454, 0.3277814153581858, 0.6468723863363266, 0.27856216579675674, 0.5813150219619274, 0.2006729431450367, 0.25452257320284843, 0.13857810664922, 0.13472114969044924, 0.34459659904241563, 0.15468421205878258, 0.1571502797305584, 0.25005435943603516, 0.22417505271732807, 0.20172815229743718, 0.2351187001913786, 0.41713949106633663, 0.2147130761295557, 0.40288526403407254, 0.25703265642126405, 0.17848385721445084, 0.16562047287233225, 0.25440724939107895, 0.08309583179652691, 0.6550529487431049, 0.9337251428514719, 0.09849178387473027, 0.29481708761304615, 0.22667691676566998, 0.12576751010492443, 0.8234471380710602, 0.24109253744568881, 0.816355038434267, 0.29224609695374965, 0.9089031428098678, 0.24663750734180212, 0.27927611768245697, 0.28934601694345474, 0.21797731705009937, 0.08313640679827788, 1.0440741848200559, 0.3192304577678442, 0.611138517037034, 0.6735555113603672, 0.7362532609452804, 0.44020118564367294, 0.5426186770200729, 0.11383702512830496, 0.47158001363277435, 0.12109996611252427, 0.35894941836595534, 0.3987589040771127, 0.42382290326058863, 0.5777714923024178, 0.3695038627833128, 0.23400940448045732, 0.7159546796232462, 0.4595121331512928, 0.27843207120895386, 0.3478416420519352, 0.6373974233865738, 0.40900969970971346, 0.48838462494313717, 0.16304422418276468, 0.20682139694690704, 0.35757067054510117, 0.23984816049536067, 0.2383333958685398]
2025-11-10 16:15:26 - fedex - INFO - loss data:
2025-11-10 16:15:26 - fedex - INFO - [0.5677224688231945, 0.6483030915260315, 0.4811574690043926, 0.8106755241751671, 0.3649633340537548, 0.6832388713955879, 1.432595970729987, 1.1509839195758105, 1.1156659722328186, 0.5924195796251297, 1.1338679920267571, 0.8295089583843946, 0.7988382011651993, 0.6895215027034283, 0.5830908678472042, 0.15918649043887853, 1.1758455857634544, 0.3831194266676903, 0.3479322592417399, 1.5097106706558003, 0.31179378392795726, 0.719583932737199, 0.6316781510961138, 0.4839701000601053, 0.6589493304491043, 0.8552032187581062, 0.4917171601206064, 0.43789518550038337, 0.2868405722081661, 0.6311580501496792, 0.362604234367609, 0.9231990873813629, 1.1636996902525425, 0.030326057982165366, 0.5789364222437143, 0.6100219935178757, 0.6637297686189413, 0.8607970103621483, 1.052658349275589, 0.7098916620016098, 0.526699664692084, 0.3317990005016327, 0.23987265564501287, 0.5311936251819134, 0.4938522279262543, 0.36626435443758965, 0.47639355063438416, 0.41240302473306656, 0.7255979080994924, 0.2821485847234726, 0.22051714062690736, 0.4454887602478266, 0.3068626663557047, 0.9036473724991083, 0.41679568216204643, 0.3371770091354847, 0.4759834595024586, 0.3224037066102028, 0.7387976311147213, 0.19114919193089008, 0.3154732041681806, 0.19710221886634827, 0.42519968189299107, 0.1605622913436188, 0.7706125378608704, 0.44223510921001435, 0.6267791464924812, 0.2677052517731984, 0.9314530231058598, 0.6278412640094757, 0.3315927851945162, 1.0359241922851652, 0.42963039726018903, 1.1042934358119965, 0.3042241998016834, 0.28996329121291636, 0.590664766728878, 0.32787130679935217, 0.6786028365177723, 0.8609018176794052, 0.34948186576366425, 0.526802483946085, 0.4035488123869679, 1.8650206640362739, 0.5035471586808045, 0.35504746064543724, 0.4953159913420677, 0.26770203933119774, 0.22773072458803653, 0.4109706515446305, 0.6212987899780273, 0.2101481281220913, 1.1776897236704826, 0.32539838552474976, 0.2609763629734516, 0.7630919845153888, 0.6002658382058144, 0.34530238062143326, 0.2432795949280262, 0.23967788740992546, 0.22539765667170286, 0.15937320236116648, 0.19363888688385486, 0.3369952253997326, 0.2534270610194653, 0.18908362742513418, 0.48953061178326607, 0.2570527596399188, 0.10139311384409666, 0.22972892597317696, 0.28475794233381746, 0.17748412427802882, 0.60868012192077, 0.8691188964992762, 0.08003612142056227, 0.36704932215313113, 0.30508242566138505, 0.3556369375437498, 0.16159160248935223, 0.7842335710301995, 0.5539831940084696, 0.08295349031686783, 0.22085872553288938, 0.22607315424829721, 0.2121538184583187, 0.4529407247900963, 0.24131378531455994, 0.2347477748990059, 0.2849003989249468, 0.27537041443089644, 1.706595200304744, 1.8231519094357889, 0.2329768819734454, 0.3277814153581858, 0.6468723863363266, 0.27856216579675674, 0.5813150219619274, 0.2006729431450367, 0.25452257320284843, 0.13857810664922, 0.13472114969044924, 0.34459659904241563, 0.15468421205878258, 0.1571502797305584, 0.25005435943603516, 0.22417505271732807, 0.20172815229743718, 0.2351187001913786, 0.41713949106633663, 0.2147130761295557, 0.40288526403407254, 0.25703265642126405, 0.17848385721445084, 0.16562047287233225, 0.25440724939107895, 0.08309583179652691, 0.6550529487431049, 0.9337251428514719, 0.09849178387473027, 0.29481708761304615, 0.22667691676566998, 0.12576751010492443, 0.8234471380710602, 0.24109253744568881, 0.816355038434267, 0.29224609695374965, 0.9089031428098678, 0.24663750734180212, 0.27927611768245697, 0.28934601694345474, 0.21797731705009937, 0.08313640679827788, 1.0440741848200559, 0.3192304577678442, 0.611138517037034, 0.6735555113603672, 0.7362532609452804, 0.44020118564367294, 0.5426186770200729, 0.11383702512830496, 0.47158001363277435, 0.12109996611252427, 0.3589494101703167, 0.39875882472842933, 0.4238228600472212, 0.5777716636657715, 0.36950389444828036, 0.234009550511837, 0.7159544929862023, 0.4595124088227749, 0.27843221959968406, 0.3478416033089161, 0.6373984273523092, 0.40900978073477745, 0.4883845802396536, 0.16304418304935098, 0.20682137956221897, 0.35757068544626236, 0.23984803197284538, 0.23833343088626863]
2025-11-11 07:57:17 - fedex - INFO - loss data:
2025-11-11 07:57:17 - fedex - INFO - [0.5564978756010532, 0.5904147103428841, 0.46500399336218834, 0.8315635249018669, 0.39836811274290085, 0.6781513020396233, 1.3002234287559986, 1.1186263140290975, 1.1379822306334972, 0.6239257529377937, 1.2896126493449427, 0.901764152571559, 0.8551424443721771, 0.7413696472843487, 0.5868890956044197, 0.1631152555346489, 0.9994914457201958, 0.39322853460907936, 0.3026187662035227, 1.6651547015127208, 0.3404381544070525, 0.7649951771470822, 0.5180296761164855, 0.46266332641243935, 0.8515092134475708, 1.2471616491675377, 0.5744331572204828, 0.5246753737330436, 0.41230384409427645, 0.6207861274480819, 0.8167919144034386, 0.8504124134778976, 0.7606355212628841, 0.054446672555059195, 0.5690645948052406, 0.6999041885137558, 0.757475296780467, 0.9594845846295357, 1.1391487121582031, 0.7863223403692245, 0.6259082468847434, 0.5060924172401429, 0.43658947870135306, 0.5810565948486328, 0.6636693775653839, 0.519545658181111, 0.6002544909715652, 0.4738687574863434, 0.93004568045338, 0.4135735183954239, 0.2824218422174454, 0.5708435103297234, 0.3353664031148785, 0.7451960615813732, 0.4374542888253927, 0.45645100958645346, 0.44636156409978867, 0.4467834234237671, 0.877550482749939, 0.4955677594989538, 0.4228222618500391, 0.6555783599615097, 0.5063981066147487, 0.21226072096033022, 1.1092133708298206, 0.546437782049179, 0.6885742321610451, 0.436522763222456, 0.8785397186875343, 0.8574249520897865, 0.8194047510623932, 1.1232588907005265, 0.5811104938387871, 0.9266570210456848, 0.42741596698760986, 0.38601518869400026, 0.4248863346874714, 0.43770198337733746, 0.6960630004902163, 0.577101856470108, 0.3864669017493725, 0.603410866111517, 0.3628738149159795, 1.989164574444294, 0.6174661378479667, 0.19791156519204378, 0.6128591187298298, 0.39481138437986374, 0.6851016234606504, 0.2962217852473259, 0.5279892720282078, 0.293325692601502, 0.8896030932664871, 0.4883722297847271, 0.2114046160131693, 0.9725704733282328, 0.6727742850780487, 0.4147653877735138, 0.43261048942804337, 0.2786354497075081, 0.2118418626487255, 0.3463801480829716, 0.29922039732336997, 0.36307409405708313, 0.6919974246993661, 0.6129356096498668, 0.5183538869023323, 0.4314071945846081, 0.202262869104743, 0.3954809606075287, 0.3291957475400219, 0.213319620427986, 0.3428743010089319, 0.7666830725967884, 0.26728950440883636, 0.38269359432160854, 0.3709488671272993, 0.2938424237072468, 0.12398833828046918, 0.8467493345960975, 0.6656074198583761, 0.2002728865481913, 0.2826545844475428, 0.3262994357695182, 0.2703249448289474, 0.6368289925158024, 0.3872876390814781, 0.41654403507709503, 0.23849117383360863, 0.35601695453127224, 1.6185665647887315, 1.9125227443873882, 0.2649180568754673, 0.368837034702301, 0.7288170158863068, 0.33950206761558854, 0.4847978912293911, 0.23941922187805176, 0.47835326194763184, 0.291475385427475, 0.2076457217335701, 0.6641636669635773, 0.4359761932864785, 0.3344523012638092, 0.17787721287459135, 0.34314699470996857, 0.2519393445923924, 0.3089553092916807, 0.39137619361281395, 0.236566711217165, 0.4606277450919151, 0.3530424038569132, 0.23598541263490916, 0.238337691698689, 0.3490983235339324, 0.1560211784671992, 0.5617460384964943, 0.5387135595083237, 0.1462700067398449, 0.3316861279308796, 0.26811779602430763, 0.11375071369111538, 0.9213729053735733, 0.1286713703173316, 1.2294283211231232, 0.4019869763404131, 0.5167472027242184, 0.2427549846470356, 0.312555231153965, 0.3869406282901764, 0.3491114449997743, 0.2869634337257594, 0.6031717767938971, 0.3789838831871748, 0.7906381879001856, 0.5246103852987289, 0.5215043295174837, 0.5939536485821009, 0.5572486445307732, 0.33615294471383095, 0.5161374993622303, 0.14570936560630798, 0.3990663707256317, 0.4278529953211546, 0.47980540692806245, 0.6136301681399345, 0.5011087656021118, 0.20491852313280107, 0.3751604542136192, 0.5312014818191528, 0.2421544591585795, 0.4281805090606213, 0.33224441204220057, 0.28642020747065544, 0.5197589471936226, 0.2957813870161772, 0.27125264455874765, 0.4125380665063858, 0.3153318899373213, 0.26233212761580943]
2025-11-13 17:00:01 - fedex - INFO - loss data:
2025-11-13 17:00:01 - fedex - INFO - [0.5606954872608185, 0.5869455337524414, 0.489036775380373, 0.8211221136152744, 0.39466475943724316, 0.712899699807167, 1.0952967355648677, 1.1758512165397406, 1.1069016642868519, 0.6350522562861443, 1.9281541140129168, 1.0440567575860769, 1.0264832496643066, 0.9112296452124913, 0.549753800034523, 0.1662482416257262, 1.320583239197731, 0.3713646326214075, 0.36928920323650044, 2.092494844847048, 0.39245217175015973, 0.9917587267183181, 1.0617417081634306, 0.516914477571845, 0.898231353610754, 0.7519592940807343, 0.6122855626046657, 0.5382894463837147, 0.43021329790353774, 0.7899793326854706, 0.6886677742004395, 0.7173440605401993, 0.5991803221404552, 0.09140344895422459, 0.5566683076322079, 0.6213344633579254, 0.6419806141406298, 0.8003196083009243, 1.0313312709331512, 0.6611057817935944, 0.5183905313412348, 0.442742633074522, 0.3662656884640455, 0.5150401070713997, 0.6102548837661743, 0.4815142328540484, 0.4984113350510597, 0.4431854635477066, 0.8574640738467375, 0.4215475954115391, 0.2430796569213271, 0.4502711370587349, 0.3434512969607668, 0.8469427593052388, 0.45467695128172636, 0.4564901012927294, 0.4239685907959938, 0.4240537956357002, 0.6268732696771622, 0.37991076335310936, 0.418842944316566, 0.4026215374469757, 0.48437029620011646, 0.24552806228530244, 0.8963862359523773, 0.3723225325345993, 0.5098307952284813, 0.4027007160087427, 0.5393520444631577, 0.6109256222844124, 0.409811582416296, 1.0707519543890764, 0.5630186036229133, 0.8819024413824081, 0.4461481600999832, 0.39320837520062923, 0.31240782514214516, 0.4063002299517393, 0.63192749531267, 0.4576926603913307, 0.3123398367315531, 0.5184226203709841, 0.36765416297000936, 2.1049131780862806, 0.7500983385188091, 0.3998322240076959, 0.9220135286450386, 0.4639368876814842, 0.3819605506956577, 0.2819078750908375, 0.48345348984003067, 0.2963930835947394, 0.9139163941144943, 0.570303612947464, 0.1872939858585596, 1.040166015426318, 0.7644410580396652, 0.3802369758486748, 0.4186134412884712, 0.2830429654568434, 0.2578773535788059, 0.27313918247818947, 0.2943802304565907, 0.3672697345415751, 0.5586544019170105, 0.43667850783094764, 0.4779907390475273, 0.422688826918602, 0.18683980219066143, 0.35579244047403336, 0.3246181111472348, 0.20836217561736703, 0.4070160676395365, 0.726218943297863, 0.199023749679327, 0.39224577136337757, 0.36913932859897614, 0.23248927667737007, 0.13437064550817013, 0.6618045479990542, 0.6581896883745988, 0.1956026330590248, 0.2840629163198173, 0.31763913420339424, 0.26135486364364624, 0.5766330547630787, 0.27809517085552216, 0.38742586597800255, 0.309159841388464, 0.3678076597551505, 1.3021419295174483, 1.4708266680439313, 0.27604789258912205, 0.40661171209067104, 0.7130580842494965, 0.34728289023041725, 0.42727548629045486, 0.32390404492616653, 0.25580957904458046, 0.3046729825437069, 0.23017043434083462, 0.5314711570739746, 0.28979567252099514, 0.31957462057471275, 0.18820192851126194, 0.3654962033033371, 0.2218018915504217, 0.33716439083218575, 0.4565904727205634, 0.25701050739735365, 0.4305392773201068, 0.3523717299103737, 0.1855871021747589, 0.2721775445744343, 0.33390288179119426, 0.16967748349998146, 0.6162032075226307, 0.59392817504704, 0.13208754430525005, 0.36146681625396015, 0.2608298150201639, 0.10529248071834445, 0.9346898794174194, 0.21312270032487707, 1.0987936779856682, 0.49622935205698016, 0.6244112499058246, 0.27393754571676254, 0.3547326773405075, 0.35550590604543686, 0.3194446881612142, 0.21598570069505107, 0.46058888733386993, 0.37699709832668304, 0.6903431639075279, 0.5613787888238827, 0.5577824885646502, 0.641421964392066, 0.4752269387245178, 0.30693801715970037, 0.548505175858736, 0.1732755727134645, 0.42432415932416917, 0.41370596513152125, 0.4623401790857315, 0.6386283785104752, 0.4843627564609051, 0.25874904096126555, 0.38763481602072714, 0.5200860723853111, 0.2736449657628933, 0.3799672029912472, 0.31908012460917234, 0.40647904574871063, 0.5103005915880203, 0.35794259173174703, 0.2869441521664461, 0.42865329459309576, 0.3174155279994011, 0.2574671167880297]
2025-11-14 06:47:43 - fedex - INFO - loss data:
2025-11-14 06:47:43 - fedex - INFO - [0.6047707676887513, 0.7303924113512039, 0.5061625741422177, 0.8207845501601696, 0.3884129809836547, 0.6883559077978134, 1.1783171761780977, 1.1636122096329928, 1.1669589690864086, 0.6046604067087173, 2.223812575717198, 1.2729810753371567, 0.9081199929118157, 0.7691106535494328, 0.5250051617622375, 0.15796285793185233, 1.061733864247799, 0.3543466627597809, 0.30860713993509614, 1.3153953516424128, 0.3207684138776838, 0.7661888328600779, 0.6719650533066468, 0.486173739656806, 0.6660155095160007, 0.7376669868826866, 0.5239252526313066, 0.4492168914526701, 0.32631494104862213, 0.9177221909165383, 0.5199171751737595, 0.5559346899390221, 0.919851940125227, 0.0646312334574759, 0.49167692847549915, 0.5146600604057312, 0.5831612024456263, 0.6036533527076244, 0.6928894370794296, 0.6176193356513977, 0.4375518088539442, 0.3743201047182083, 0.2774122290313244, 0.47158397547900677, 0.485029898583889, 0.4295981631924709, 0.39121226966381073, 0.28966108709573746, 0.6990112513303757, 0.3092258367687464, 0.2661819525063038, 0.40868814289569855, 0.3312030753392416, 1.2407178657129407, 0.48346374183893204, 0.40985389314591886, 0.4578789174556732, 0.37910012900829315, 0.7790168598294258, 0.3177398256957531, 0.3654845512161652, 0.16343839094042778, 0.3273050729185343, 0.20332050506628246, 0.8301176894456148, 0.39864415377378465, 0.4646163769066334, 0.3175345032165448, 1.0001318380236626, 0.4683592841029167, 0.42200096510350704, 1.1940250171388067, 0.48330372422933576, 0.9350856095552444, 0.412223818898201, 0.3786356747150421, 0.2784541118890047, 0.3892919775098562, 0.7104501954042967, 0.5110533945262432, 0.328030944801867, 0.5270032938569784, 0.32694728182428257, 1.6538282953202725, 0.7345816016232776, 0.473653067369014, 0.7737507112324238, 0.3645302541553974, 0.24471470937132836, 0.3465562053024769, 0.3746705651283264, 0.25645188372582195, 1.0382230430841446, 0.2849622994661331, 0.2208958864212036, 0.7090484748284022, 0.7299848049879074, 0.2616339912638068, 0.2748543955385685, 0.25521344505250454, 0.32305844221264124, 0.1546822409145534, 0.16958181299269198, 0.34999662823975086, 0.43186832778155804, 0.3993463192600757, 0.4552242895588279, 0.24451174959540367, 0.1414524232968688, 0.30872920900583267, 0.3126050823989014, 0.20175468471522132, 0.37670588404216687, 0.6821141343563795, 0.0973258838057518, 0.3605403086791436, 0.39787400551140306, 0.2342003583908081, 0.15470157470554113, 0.6011313889175653, 0.6036683379982908, 0.08407900854945183, 0.25790115501731636, 0.28332358909149963, 0.261851911743482, 0.49340420588850975, 0.2482023872435093, 0.28161489591002464, 0.11606556177139282, 0.3328662607818842, 1.7081490022287147, 1.6394761074334383, 0.24196171723306178, 0.3561641337350011, 0.575892299413681, 0.29141608377297723, 0.5454116277396679, 0.2549753561615944, 0.23092423100024462, 0.17736881598830223, 0.1416575275361538, 0.42946870625019073, 0.19644560338929296, 0.16410572454333305, 0.20865369960665703, 0.28610189321140445, 0.17559043681249023, 0.2675756408522526, 0.48173136357218027, 0.23992497380822897, 0.4397215879211823, 0.3131555144985517, 0.20131321921944617, 0.15735666394579717, 0.30359164873758954, 0.10595436190487817, 0.6872377470135689, 0.456264765933156, 0.1357882663918038, 0.35472202822566035, 0.24469042389343182, 0.10906654493883253, 1.037971705198288, 0.2902519860718813, 0.9879326149821281, 0.4230989180505276, 0.5000888302922248, 0.2540740743279457, 0.34429625794291496, 0.26309846714138985, 0.28477581813931463, 0.1315118581470516, 0.47339575812220575, 0.35942849330604076, 0.5869531165808439, 0.685973197221756, 0.7773810302217802, 0.5790244446446499, 0.535987488925457, 0.27042037397623064, 0.4810415618121624, 0.1519095692783594, 0.39398404583334923, 0.4419431950896978, 0.4832650475203991, 0.6928682625293732, 0.4910042770206928, 0.2713616997003555, 0.33329969868063924, 0.5632704570889473, 0.311496753556033, 0.3729413166642189, 0.3050564331933856, 0.4422341100871563, 0.515332480892539, 0.2270694716523091, 0.24203999961415926, 0.44097896218299865, 0.25366765509049094, 0.18561161551624536]
2025-11-14 16:03:59 - fedex - INFO - loss data:
2025-11-14 16:03:59 - fedex - INFO - [0.5644388511776924, 0.704865887761116, 0.502627108991146, 0.8266248926520348, 0.3837446856002013, 0.7383657097816467, 1.408081665635109, 1.118879591114819, 1.1805479973554611, 0.6116785630583763, 1.5983040486462414, 0.8750934023410082, 0.8494592711329461, 0.767541295538346, 0.5297041833400726, 0.15091021191328763, 1.4009758904576302, 0.38163541071116924, 0.4254288660983245, 2.073828349814802, 0.3801902169943787, 0.9568086294974718, 1.045098373433575, 0.47817198373377323, 0.8387541621923447, 0.7999276965856552, 0.560204366222024, 0.4446477245539427, 0.29153463393449786, 0.7447776600718499, 0.5671448335051537, 0.7771496772766113, 1.0508969947695732, 0.12434123456478119, 0.5299685634672642, 0.5655220001935959, 0.7003071073442697, 0.9173449091613293, 1.0080549120903015, 0.6660458743572235, 0.4824084763725599, 0.3691596850752831, 0.32083085309714077, 0.5461874455213547, 0.5320722088217735, 0.4243566070993742, 0.49336597323417664, 0.4890495538711548, 0.6700600124895573, 0.2608313076198101, 0.2737202733755112, 0.5059778038412333, 0.39011533245987573, 1.060646422766149, 0.4911416694521904, 0.391338887065649, 0.5623402148485184, 0.3856189027428627, 0.6969147026538849, 0.2899716645479202, 0.35481666649381316, 0.21840961650013924, 0.46206243087848026, 0.22922281731734984, 0.7969841938465834, 0.38007287569344045, 0.608479231595993, 0.30956368148326874, 0.9636265486478806, 0.6532141491770744, 0.4535332899540663, 1.2324668100465916, 0.4793026238679886, 1.2857870906591415, 0.32675925493240354, 0.36655696853995323, 0.6362455561757088, 0.39284795615822077, 0.7127719171623337, 0.9311747997999191, 0.4213603436946869, 0.602044977247715, 0.3657430530357588, 1.9512971736490727, 0.762155033192054, 0.46907525416463614, 0.7857822179794312, 0.3275280222296715, 0.2796258255839348, 0.5538488384336233, 0.62071168795228, 0.25042935833334923, 1.4730707108974457, 0.46795122548937795, 0.37723747082054615, 0.7898903414607048, 0.5885743349790573, 0.5082594379782677, 0.3114428371191025, 0.4027263857424259, 0.33538228273391724, 0.20958983711898327, 0.23482730090618134, 0.3636397197842598, 0.28287073504179716, 0.29659895598888397, 0.5751715004444122, 0.3908403478562832, 0.23716195859014988, 0.2735784128308296, 0.3147907425959905, 0.2143700464318196, 0.7119194864191942, 0.9894180126488209, 0.170989902690053, 0.40328739148875076, 0.36761979982256887, 0.34584276005625725, 0.16576206870377064, 0.755562724545598, 0.6245925355702638, 0.16255082935094833, 0.2711166252071659, 0.26325799990445375, 0.25594570611914, 0.6574633084237576, 0.40475260466337204, 0.22630547545850277, 0.39366888999938965, 0.32861601213614144, 1.5489193694472003, 1.518844544266661, 0.2639327962882817, 0.39570320788770913, 0.5414050444960594, 0.3391591596106688, 0.5794957242906094, 0.34175973385572433, 0.3148548137396574, 0.21481571532785892, 0.20701498351991177, 0.4019812732934952, 0.20323685929179192, 0.3403453342616558, 0.38322887290269136, 0.24935516342520714, 0.18266156371682882, 0.30118250474333763, 0.462387434206903, 0.2537056477740407, 0.45167897989352546, 0.3002104808886846, 0.20032486096024513, 0.16882406862633717, 0.30154987548788387, 0.1565844756551087, 0.7582475729286671, 1.169515635818243, 0.13727465830743313, 0.3606600953266025, 0.24370931539063653, 0.1386966176331043, 0.9449807107448578, 0.23916744182416652, 1.0665947571396828, 0.36172517761588097, 1.1152874693274497, 0.34892258420586586, 0.2797767370939255, 0.3428054600954056, 0.2803464464843273, 0.17222369648516178, 1.132951589114964, 0.3254091180860996, 0.6621662518009543, 0.8370880093425512, 0.8474506561954817, 0.5410220734775066, 0.75931042060256, 0.2065336786210537, 0.5014061611145735, 0.23222170118242502, 0.4537610612809658, 0.456220287643373, 0.4831458292901516, 0.8240780532360077, 0.4719028301537037, 0.23079038560390472, 0.7807455018162728, 0.5376378893852234, 0.2986681765566269, 0.4429289549589157, 0.7477425755932927, 0.5290485741570592, 0.5633239131420851, 0.1988249390075604, 0.2385542007784049, 0.4542050682008266, 0.1794627693792184, 0.2569608446210623]
2025-11-22 02:26:34 - fedex - INFO - loss data:
2025-11-22 02:26:34 - fedex - INFO - [0.5922812618780882, 0.5977551225158904, 0.6074854210019112, 0.5234212370382415, 0.6194767192006111, 0.5981928765773773, 0.6178017351776361, 0.569804933336046, 0.56387724368833, 0.6447288408875466, 0.49873896352946756, 0.5312564224004745, 0.47884347008334266, 0.5026739552849904, 0.36131517216563225, 0.256014964543283, 0.5236190197989344, 0.36666370735038073, 0.3702044750098139, 0.4363851546309888, 0.37793037109076977, 0.2791602624580264, 0.38614639846815, 0.3156056328411473, 0.41434058770537374, 0.3397302947938442, 0.35415031036245637, 0.28308188197843265, 0.3203065700104667, 0.23350875297328458, 0.333859559125267, 0.22179510751739145, 0.25095471380821743, 0.2356580563093303, 0.3286406986415386, 0.30654186233878133, 0.548031760379672, 0.43233557492494584, 0.25841899576286476, 0.1674187158544858, 0.29765852611744775, 0.1709053265609934, 0.3342523622792214, 0.2834637024750312, 0.20885257466579787, 0.291227581910789, 0.2859163638204336, 0.24526022060049907, 0.3297794668210877, 0.3013050016947091, 0.2993011485785246, 0.1488421590998769, 0.29801169596612453, 0.26269105604539317, 0.2030903858443101, 0.20301396806098637, 0.10854925351264279, 0.21992996223270894, 0.31455296999774873, 0.2232289766310714, 0.25532527815084904, 0.19803250059485436, 0.16853890319665274, 0.18852169803576543, 0.25170260202139616, 0.27495930073782804, 0.19351065911663076, 0.26545619443058965, 0.22125668533974224, 0.22315499791875482, 0.2216004714369774, 0.1577407397950689, 0.32872876385226846, 0.23528911527246238, 0.21282569712234867, 0.21526062882039695, 0.21835538893938064, 0.2801186787197366, 0.20676761434006038, 0.17127446606755256, 0.16261493846104713, 0.17574094479787164, 0.31114870897727087, 0.08871738869978193, 0.1872224817503593, 0.20092693017795682, 0.18051948535139672, 0.18290143285994417, 0.1172743667072306, 0.14286455403392515, 0.2585373642854393, 0.25532618202269075, 0.10511677088215947, 0.23051347851287574, 0.16556164890062064, 0.09735645330511034, 0.12712136348709463, 0.16095577264059102, 0.272364292666316, 0.24575829226523638, 0.11793960154884392, 0.19765011281447692, 0.22590343821793793, 0.07179573012464162, 0.07176687677856534, 0.2361769871902652, 0.1738847345346585, 0.07774601448327303, 0.06429344066418707, 0.15333649010863154, 0.13251113676556592, 0.12650185045786203, 0.2434847626835108, 0.17787635968998075, 0.046940508065745234, 0.05622481440918313, 0.1594479157065507, 0.2881222849711776, 0.19500059117563068, 0.06950335887571175, 0.03571443841145891, 0.061744612089306525, 0.32292597912601195, 0.14310666802339256, 0.26017876714176963, 0.21891495841555297, 0.1721493511227891, 0.061177295988373875, 0.1469304859661861, 0.1535908728978029, 0.173323224298656, 0.17590258549898863, 0.081152694993135, 0.22536424056161197, 0.09555156412534416, 0.041961716963851356, 0.18539402488386258, 0.1642213868908584, 0.11486452370882035, 0.18758619627915324, 0.046070007351227106, 0.1275863076625683, 0.23344167359173298, 0.16822956869145855, 0.19648545528762043, 0.16150266311597078, 0.1038998287403956, 0.043034052900818805, 0.13276501186192036, 0.15232373352337164, 0.23628422766923904, 0.15251434909878298, 0.15119288833811878, 0.18667990087221065, 0.28263344313018024, 0.029188278131186962, 0.08815849369598759, 0.17122912751510738, 0.215854704240337, 0.06802928337128833, 0.1473710850088133, 0.11801787633448839, 0.1219909967854619, 0.2877860530745238, 0.07574756206013263, 0.2001764769665897, 0.11615178805659525, 0.16783139958643006, 0.13283122686100088, 0.11611318015752153, 0.11426727485377342, 0.18573957526823504, 0.11174000626843837, 0.09406659047688462, 0.16158960597240365, 0.13235297572100535, 0.09468362296724485, 0.08792382921092212, 0.11367659806273878, 0.17625926762120797, 0.10818358726100996, 0.030071042361669242, 0.22809041449800133, 0.25526202521286906, 0.2240835322998464, 0.16425273253116757, 0.13257667414145544, 0.21016777055338026, 0.08852874720469117, 0.17275461368262768, 0.18841412700712679, 0.16303263381123542, 0.1511776345781982, 0.03568173403618857, 0.11632232333067805, 0.34299924932420256, 0.22879054690711198, 0.13118880172260106, 0.1261176578234881, 0.21112895719707012]
2025-11-22 04:49:35 - fedex - INFO - loss data:
2025-11-22 04:49:35 - fedex - INFO - [0.3963658340275288, 0.6507558524608612, 0.4795492418110371, 0.6904407024383545, 0.765684962272644, 0.9413937352597713, 0.8231597244739532, 0.3133118491619825, 0.5706234633922578, 0.505628052726388, 0.5326177485287189, 0.5636808298528194, 0.4475799072533846, 0.48429072350263597, 0.5219717882573605, 0.4793773673474789, 0.5826723579317331, 0.45948810428380965, 0.41208239197731017, 0.5499722640961409, 0.23290660814382136, 0.6255636006593704, 0.4040314707905054, 0.263160033011809, 0.21813682056963443, 0.6471077124588192, 0.28668221866246313, 0.7151213757693767, 0.35794675126671793, 0.26060861311852934, 0.20477581936866046, 0.24535063025541604, 0.38740082215517757, 0.5899434162769467, 0.3841714099049568, 0.24635229762643573, 0.3304231395944953, 0.2996784159913659, 0.24932140670716763, 0.3366473981179297, 0.2318760918453336, 0.1973892887122929, 0.42072243634611367, 0.2768544878810644, 0.24796184338629246, 0.2971543214283884, 0.34837898388504984, 0.2684712355025113, 0.3274531431496143, 0.2680895833531395, 0.24865596760064365, 0.14817225011065602, 0.2743212526664138, 0.16938947068993002, 0.21012402870692312, 0.2542786961887032, 0.14308346202597022, 0.0915591264842078, 0.07809165515936911, 0.609824064001441, 0.30488368635997176, 0.2347111277282238, 0.09869023011997342, 0.12940166355110705, 0.4912498896708712, 0.3655247075483203, 0.34792496310546994, 0.5941839346662163, 0.21526961179915816, 0.3365412411862053, 0.31276024468243124, 0.13869374357163905, 0.3531695508165285, 0.18686552215367555, 0.2613799350336194, 0.3635265611112118, 0.19528657207265496, 0.188263304438442, 0.28411822888301685, 0.21834429651498796, 0.49158062487840654, 0.25743557028472425, 0.24436518996953965, 0.3012622941285372, 0.1707800103351474, 0.10077352616935968, 0.2201377311721444, 0.2451013032346964, 0.5087626474210992, 0.4269088245346211, 0.1592194308526814, 0.28217996200546624, 0.2732329801656306, 0.2276677718386054, 1.0847725625091698, 0.7012891201302409, 0.19045106340199708, 0.19570868571754546, 0.1299741009250283, 0.197299938602373, 0.25305008664727213, 0.2311335926875472, 0.19233280518092216, 0.12554361852817236, 0.17475093081593512, 0.24166050516068938, 0.4933224420528859, 0.27444532196968796, 0.1314263941720128, 0.13820884365122765, 0.21926758168265223, 0.2266120262444019, 0.14453586963936688, 0.2158261559670791, 0.12869257484562696, 0.19018974537029865, 0.18264846324454992, 0.14042675220407547, 0.1906665534712374, 0.0635798315051943, 0.258315584808588, 0.29319773968309165, 0.3881929093040526, 0.27245836779475213, 0.13714655516669155, 0.16338900779373944, 0.14338241405785085, 0.23767026033019648, 0.1601201666984707, 0.09640221227891743, 0.3039462957531214, 0.1180534265935421, 0.07744329736451619, 0.03011224144138396, 0.06207466660998762, 0.21920738089829683, 0.17491545132361352, 0.25809918660670517, 0.18394638570025562, 0.15203327243216336, 0.2281893930863589, 0.097875065356493, 0.2508283424656838, 0.1768345212098211, 0.059846863988786934, 0.21951583940535785, 0.19211286779027434, 0.08731212825514376, 0.08630075994879008, 0.2266222964040935, 0.23559678979218007, 0.1629701193422079, 0.2206278312485665, 0.3220010528806597, 0.06407555474434047, 0.42635836638510227, 0.16989595210179687, 0.12167329285293818, 0.2421977330930531, 0.1585268513066694, 0.16215397806372495, 0.07412259420379996, 0.06909031913382932, 0.19854241879656911, 0.15896498514339327, 0.20327469445765017, 0.13870434649288654, 0.1819424570072442, 0.25418879371136427, 0.2483234889805317, 0.10852728765457868, 0.2721319689415395, 0.21941574281081558, 0.20570100862532853, 0.09248875139746815, 0.19202568610198795, 0.4980300463736057, 0.23244807492010294, 0.2275863241404295, 0.23793854974210263, 0.16328181084245444, 0.2518653491511941, 0.08800749299116432, 0.24981321077793836, 0.2896103151142597, 0.2208624574355781, 0.17367062410339712, 0.08400149177759886, 0.14176366096362472, 0.262225947342813, 0.08571435371413827, 0.2526604861021042, 0.22334933802485465, 0.246328417211771, 0.24158723540604116, 0.14355810647830367, 0.22931838072836397, 0.15908658895641564, 0.210077603533864, 0.25673525836318734]
2025-11-22 07:18:00 - fedex - INFO - loss data:
2025-11-22 07:18:00 - fedex - INFO - [0.49581529553979636, 0.46115604508668184, 0.4624839865602553, 0.632392689678818, 0.6636370673775673, 0.5722772307693959, 0.6452744051814079, 0.6070663541555404, 0.577748465538025, 0.5121684754267335, 0.5579098977148533, 0.30354090707842263, 0.567680948972702, 0.5279003500472754, 0.5243672423064709, 0.16995893479324878, 0.49656685553491114, 0.5235953622031957, 0.46556539023295046, 0.5447423852980138, 0.44167131843666235, 0.5564579790923745, 0.2747912076767534, 0.3498293862988552, 0.4623750083148479, 0.20487491246312856, 0.175101968832314, 0.23514851297562323, 0.38399935041864713, 0.31986128182325047, 0.3032738983631134, 0.28927379865199326, 0.1620291996980086, 0.14509193603880705, 0.4688409402966499, 0.23092337995767592, 0.23299440816044809, 0.28813921101391315, 0.2314668365463149, 0.10590286725782788, 0.36453349205354846, 0.19346443782560527, 0.11773386972490699, 0.28156033555666604, 0.2863510255760048, 0.25420418656431143, 0.1654273456602823, 0.2963194076670334, 0.31789728719741106, 0.2230607656141122, 0.13694918262190187, 0.24999693147838115, 0.34573099538683894, 0.25306960348971186, 0.1849064371897839, 0.09544440239551477, 0.1568989928229712, 0.16289162052174408, 0.1894630750641227, 0.10627242082518933, 0.0734553059181053, 0.22088555559457745, 0.15225813928991555, 0.40739791803061964, 0.09949694457172882, 0.2981463987380266, 0.12192733699921518, 0.5035894638160243, 0.17913512662053108, 0.24113234120110671, 0.22122915951767935, 0.3053996669128537, 0.1943547499055664, 0.18794277577544563, 0.26882447812240573, 0.2644381834194064, 0.1507911393418908, 0.09187924758298321, 0.14308019801828778, 0.11506398767232895, 0.2186937941936776, 0.11474493388086557, 0.19124796194955707, 0.18600706779398024, 0.11755044104065746, 0.22189247682690622, 0.21788386553525924, 0.08447678096126765, 0.09090544227704717, 0.08098369261715561, 0.07583932370180264, 0.06579395030469945, 0.23781334475497715, 0.18868990110058803, 0.07682181091513485, 0.2180136577691883, 0.14500382588012145, 0.13581371412146837, 0.1916218712925911, 0.12007538061589003, 0.1113178224186413, 0.04086783017919515, 0.1779701727558859, 0.10143747912176573, 0.09467224538675509, 0.09675307183060795, 0.15088321184011874, 0.03955520524759777, 0.04267238374377484, 0.1395061580114998, 0.12431760744948406, 0.1180821938556619, 0.26610326394438744, 0.14429742462622622, 0.03857429916097317, 0.13988806516863406, 0.17109957672655582, 0.06999824792146683, 0.18707380217383618, 0.12289880447788164, 0.10400377091718838, 0.03420061647630064, 0.06225088398205117, 0.14789330082324645, 0.03329428653451032, 0.19199483120755756, 0.1986221939994721, 0.0845132766989991, 0.11055930197859803, 0.7239267718046903, 0.40997425821842626, 0.06853690728312359, 0.11331468196585774, 0.07200002927565947, 0.16702259541489184, 0.028583777902531436, 0.27850170228630305, 0.565141556999879, 0.09547131302921721, 0.15093843257054687, 0.09994921832112595, 0.08356693303212523, 0.07996432855725288, 0.08412493585492484, 0.0759185396018438, 0.33900328117888423, 0.16982669392600655, 0.1361500956894209, 0.13780069835484027, 0.16350517433602363, 0.17405427797930315, 0.09358662785962224, 0.36152046092320234, 0.10457014690618963, 0.09574476381530986, 0.17182799559086562, 0.07781393618012468, 0.042607986940614254, 0.05141347609945418, 0.04331239909224678, 0.02280116251968138, 0.21405095642840025, 0.19424943173653447, 0.13000941904901991, 0.11659643255115952, 0.05294393853788885, 0.037517000039224514, 0.064152876107255, 0.1304071766367997, 0.043218564640847036, 0.08770549513671237, 0.07583368911097448, 0.09295961955649545, 0.06540895624784752, 0.6131328612565994, 0.6615257205208764, 0.07873549233627272, 0.02709892121492885, 0.17112598954699934, 0.05296842425207918, 0.7022913589433302, 0.05257273719762452, 0.066309440790792, 0.08889960088999942, 0.8764904213341652, 0.9288693677168339, 0.08532281986699672, 0.03909780598478392, 0.10360116680385545, 0.06607744190841913, 0.8674733638763428, 0.1444439073558897, 0.07499947861457865, 0.7050440472638002, 0.614741693099495, 0.09052294176071882, 0.06614340731175616, 0.11261648141080513, 0.09253136110201013, 0.0820421606884338]
2025-11-25 16:38:42 - fedex - INFO - loss data:
2025-11-25 16:38:42 - fedex - INFO - [0.5558442482259125, 0.6287335107723873, 0.6041112810373306, 0.5374309495091438, 0.6264939725399017, 0.6003431882709265, 0.6024633320048451, 0.6029107007715437, 0.6057760993950069, 0.7606580018997192, 0.5547888740897179, 0.653930664435029, 0.536446164134476, 0.5137056454550475, 0.5113702230155468, 0.31437312066555023, 0.6229980542324484, 0.48434565118514, 0.5372189688496292, 0.5440046906471252, 0.4679721679538488, 0.39669554531574247, 0.5533279060489602, 0.5162927320537467, 0.5578899957239628, 0.4386066451668739, 0.5035726930014789, 0.5093662599101663, 0.45354263665568495, 0.3514968360308558, 0.4788239426212385, 0.30155465714633467, 0.36167404891198707, 0.36462460942566394, 0.4254616402089596, 0.3403995357453823, 0.606274489313364, 0.5478916056454182, 0.329482817898194, 0.32255879872375065, 0.33646984831430016, 0.26178444287506863, 0.3991194274276495, 0.37637680479221874, 0.29640368348918855, 0.3275167948566377, 0.35141213312745095, 0.317027471628454, 0.4064177975265516, 0.3417298482730985, 0.3745408587157726, 0.1807079643011093, 0.3869608580134809, 0.40820438435508144, 0.3618064150214195, 0.24995952131212107, 0.24195280063173008, 0.292627240344882, 0.4257438743952662, 0.31274201571941374, 0.37895600497722626, 0.25959176793694494, 0.2671734199341801, 0.3011408305261284, 0.2990279130637646, 0.4340627320110798, 0.2841856055893004, 0.3288195084780455, 0.29549343656334615, 0.2688517836853862, 0.3160962015390396, 0.2479481247150236, 0.4914150645490736, 0.3020713711157441, 0.33701614083515274, 0.31769846237730237, 0.30803226567804814, 0.3987749326974154, 0.2758993403753266, 0.2415334278717637, 0.2855585113284178, 0.24893757891841234, 0.5203621434047818, 0.18372092381468974, 0.297949312441051, 0.42925699427723885, 0.24717559479176998, 0.2676337337237783, 0.24490298892164397, 0.24721423637949758, 0.33329128511250017, 0.32142414841800926, 0.2163243828341365, 0.3032683983910829, 0.31583061069250107, 0.22123155742883682, 0.21363995764404536, 0.2410930145997554, 0.3196433868259192, 0.3817164902575314, 0.22952683603184093, 0.24069760464545753, 0.3140194938518107, 0.18871274548582734, 0.21915501542389393, 0.2850101534742862, 0.2243752629496157, 0.15198097359389068, 0.13111829990521073, 0.19724996201694012, 0.22499769993333352, 0.25964644774794576, 0.32059235237538813, 0.2660054475069046, 0.13862369488924742, 0.1630226771036784, 0.2344699553505052, 0.2799788981676102, 0.3394188525155187, 0.16855454072356224, 0.1212805273114807, 0.1895930335805234, 0.3393853113075238, 0.21254110522568226, 0.36604471001774075, 0.299057662114501, 0.2725187516771257, 0.13155963954826194, 0.2341748948674649, 0.22810356066329404, 0.31689028604887426, 0.15051153767853975, 0.18907542391680182, 0.31051788963377475, 0.23282987903803587, 0.13748954692855478, 0.2832746002241038, 0.30231615086086094, 0.18027746677398682, 0.3068979701958597, 0.12423646380193532, 0.258022305322811, 0.23295676298439502, 0.2872616988257505, 0.2718463545665145, 0.21604603538289666, 0.21992259353282861, 0.14957503366491032, 0.2783385971561074, 0.29390412885695694, 0.32431759815663097, 0.24500557706924156, 0.24087746002607877, 0.27487346983204286, 0.32949895337224006, 0.11549107357859612, 0.185775675997138, 0.23909957334399223, 0.3585591819137335, 0.16902239620685577, 0.21108746274063983, 0.1498438835144043, 0.21261703679338095, 0.3492548189125955, 0.16318048667162657, 0.2789892037399113, 0.23331049956614153, 0.2474688169080764, 0.23021215848210785, 0.1861208355675141, 0.22122855065390468, 0.22568566501140594, 0.1899487382835812, 0.18996730744838713, 0.29329550767070034, 0.2533649136312306, 0.22476867410457796, 0.18649120233021677, 0.27785466311292517, 0.3231069004163146, 0.2172560472972691, 0.137196089554992, 0.33642814252525566, 0.3174807275645435, 0.41695462334901096, 0.3740869059693068, 0.2404465025756508, 0.2869303897023201, 0.15304619269445538, 0.3417824641801417, 0.2608734695240855, 0.2413748862221837, 0.18952443255111576, 0.1105349650606513, 0.26228542625904083, 0.3685181844979525, 0.2964830106124282, 0.30356162327807396, 0.22880337322130798, 0.31446321816183626]
2025-11-25 18:25:22 - fedex - INFO - loss data:
2025-11-25 18:25:22 - fedex - INFO - [0.41796294674277307, 0.6681624874472618, 0.4792825028300285, 0.740816342830658, 0.718824177980423, 0.9386908404529095, 0.8779500722885132, 0.3030767381191254, 0.6120916523039341, 0.7161416858434677, 0.8890383426100015, 0.6134299308061599, 0.9702952697873115, 0.53440046235919, 0.765361700952053, 0.5625871039927006, 0.5157303843647242, 0.5360900595784187, 0.5289581634104252, 0.8206970080733299, 0.23670410541817546, 0.7553996548056603, 0.49314617067575456, 0.33538100533187387, 0.28005770947784187, 0.6492692567408085, 0.35838750116527085, 0.8617720901966095, 0.46578304693102834, 0.33793198205530645, 0.2471502569504082, 0.3290389385074377, 0.5067357106134296, 0.5351194608956575, 0.509476511925459, 0.32464157193899157, 0.3858904603868723, 0.37034033499658103, 0.38138953037559986, 0.3647692114114761, 0.30748714935034516, 0.23383920677006245, 0.5410563509911299, 0.4009554270654917, 0.32516237534582615, 0.38716553524136543, 0.4336438044905663, 0.3787031665444374, 0.43268406093120576, 0.33077801764011383, 0.3512889865785837, 0.30393949830904604, 0.34485034048557284, 0.2520328669808805, 0.2911941920407116, 0.3241016076877713, 0.2759807538241148, 0.12815100839361548, 0.13108491864986718, 0.6726198896765709, 0.3858691696077585, 0.3558389075100422, 0.19778599692508578, 0.197423030808568, 0.5584760072408244, 0.3745764497667551, 0.5043829277623445, 0.8079733544960618, 0.26304449336603286, 0.4110037019476295, 0.3667104087769985, 0.2126586999744177, 0.38361930567771196, 0.27531610783189536, 0.3343441091477871, 0.4762391494587064, 0.25359076298773287, 0.2872212139889598, 0.3605766022577882, 0.25835737586021423, 0.5496144216507673, 0.27973099090158937, 0.3339883886277676, 0.3909223858267069, 0.2715191826224327, 0.1977183220908046, 0.2584278181195259, 0.44441169276833536, 0.7136881176847965, 0.5488803894259036, 0.2407791309058666, 0.3264849929139018, 0.3670519364532083, 0.3615939896553755, 0.8156970916315913, 0.5639470275491476, 0.23308255672454833, 0.27091430090367796, 0.21132593955844642, 0.28136264691129326, 0.3489695701748133, 0.3218318851664662, 0.25233690347522497, 0.2430446146056056, 0.2792942237108946, 0.3127072278410196, 0.4643942560069263, 0.35139459166675807, 0.25211751349270345, 0.2371075269766152, 0.2933885636739433, 0.3283793838694692, 0.26325590573251245, 0.3623671415261924, 0.2514151453971863, 0.2906810509040952, 0.24518882613629103, 0.2311124000698328, 0.26232585003599523, 0.1801058566197753, 0.3415068166330457, 0.42650343887507913, 0.4603888694196939, 0.42490068413317206, 0.29645646484568716, 0.24552562488242985, 0.3140119895339012, 0.34993982177693395, 0.2663327677175403, 0.21159073822200297, 0.44401740878820417, 0.21485671158879996, 0.14643431375734509, 0.0901736834552139, 0.28863056157715616, 0.2547997603192925, 0.19732601321302357, 0.35807637181133034, 0.3029712613672018, 0.18517545135691763, 0.3045168619602919, 0.2840060245245695, 0.4103945795446634, 0.2558548890054226, 0.1684909364208579, 0.2965097103267908, 0.29038360714912415, 0.17494312888011337, 0.3378988392651081, 0.3308484636247158, 0.28211555518209935, 0.30162712559103966, 0.30900371745228766, 0.33728642463684083, 0.15485209934413435, 0.4208112148568034, 0.40084788389503956, 0.16896944800391794, 0.3545871455222368, 0.21085346536710858, 0.2318794413935393, 0.13581931293010713, 0.18575750715099276, 0.3078452358022332, 0.34204544872045517, 0.2544392773881554, 0.31601551696658137, 0.2714443955570459, 0.33260713070631026, 0.31025905832648276, 0.1994115749374032, 0.33816190380603073, 0.3318790266290307, 0.33412959128618236, 0.1963772851973772, 0.21285425629466773, 0.6027607575058938, 0.40539882574230435, 0.32198739480227234, 0.3164882604032755, 0.22238987125456333, 0.3953347229398787, 0.17191781206056475, 0.48999323360621927, 0.4396654278039932, 0.3038631357252598, 0.26820475570857527, 0.1400726232677698, 0.23891278728842735, 0.4159293483942747, 0.2994574774056673, 0.31641222573816774, 0.3206421099603176, 0.30450358539819716, 0.2999389600008726, 0.23164916969835758, 0.38683826848864555, 0.2551430746912956, 0.28904544115066527, 0.31508812978863715]
2025-11-25 20:04:29 - fedex - INFO - loss data:
2025-11-25 20:04:29 - fedex - INFO - [0.5253133453428745, 0.467102935227255, 0.4614097187295556, 0.6724529331550002, 0.7126941718161106, 0.5757655419409275, 0.6612981408834457, 0.6031968772411347, 0.5814380079507828, 0.5493210088461637, 0.6277770221233367, 0.34496658835560084, 0.5732836559414863, 0.7047429346479475, 0.7297766670584678, 0.23568423786200582, 0.556764013071855, 0.5341760702431202, 0.5009969895705582, 0.5673824034631252, 0.5432582336167494, 0.6761371213942766, 0.3557791939005256, 0.38176985271275043, 0.5699755012989044, 0.3150400349870324, 0.20800944147631528, 0.2836909067661812, 0.5054985550542672, 0.651096982229501, 0.4689652115106583, 0.3439141186885536, 0.1954123515635729, 0.17235991498455405, 0.5439554393291474, 0.3489099190570414, 0.3376819053199142, 0.45457768365740775, 0.25413647331297395, 0.12588281817734243, 0.4253823513785998, 0.2729550987482071, 0.15863492670468987, 0.4126449021200339, 0.4155092055676505, 0.3245509326457977, 0.2689580238424242, 0.3640936944750137, 0.42058429718017576, 0.277654180303216, 0.1840560132948061, 0.3266508050262928, 0.4210744433104992, 0.3057295453734696, 0.2486498081125319, 0.1366324054542929, 0.24144373573362826, 0.23665668029959003, 0.3243425406515598, 0.18984747481687614, 0.1156521939439699, 0.24964500833302739, 0.3139048721641302, 0.5007086932659149, 0.12772356427740306, 0.34628080260008576, 0.14804515149444342, 0.5550694044213742, 0.332956999540329, 0.31008231043815615, 0.3851308036246337, 0.3352498136460781, 0.30142311230301855, 0.20995803764089943, 0.3176727215759456, 0.39027390293776987, 0.21310365106910467, 0.12625952977687122, 0.22096499504405073, 0.22895348382492858, 0.26231283573433756, 0.17819368200531852, 0.4028538092970848, 0.2590851959151526, 0.1736305941361934, 0.338246439024806, 0.2950412077829242, 0.13867949070408941, 0.14127999488264323, 0.23748913705348967, 0.2248566798865795, 0.3952578470731775, 0.28176900252874476, 0.2439776860672282, 0.12943306840024887, 0.260578080592677, 0.267627247038763, 0.19386001985985785, 0.308104944601655, 0.31030542142689227, 0.22526485426351428, 0.0771101755206473, 0.23180896963458508, 0.16471828318511444, 0.13885947961825879, 0.1803551469463855, 0.21179783256957307, 0.15074930554255844, 0.12415950605645776, 0.4779666173271835, 0.23060914226807655, 0.15730168159352614, 0.4156434591859579, 0.27216524351388216, 0.08163931807503105, 0.3734291621173422, 0.25224188393913205, 0.2209576568828197, 0.20893722709733994, 0.16180330249480904, 0.22074624691158534, 0.07698491606279276, 0.12054099116940052, 0.25683791829893987, 0.08021318379906006, 0.21673252070322632, 0.26566526661626993, 0.3582418984733522, 0.22507436238229275, 0.672515032440424, 0.5507476809434593, 0.1450773235410452, 0.24455169588327408, 0.17892883651074953, 0.2014160838938551, 0.05762297523906454, 0.4373333424329758, 0.6271608236478641, 0.19817295926623046, 0.22005578987300395, 0.1885703645180911, 0.37960729338228705, 0.2004396674223244, 0.22514807155821473, 0.3106453944928944, 0.3845768125262111, 0.24874788485467433, 0.2542500137041013, 0.2441253039985895, 0.22832737553399055, 0.24674395313486458, 0.1776360288495198, 0.41290842765010893, 0.15452258507721126, 0.20054495511576534, 0.2508411260321736, 0.21931955746064585, 0.1855573846648137, 0.12264375387846183, 0.10773804495111108, 0.041998324007727204, 0.26636004748288544, 0.40285361781716345, 0.2473737343447283, 0.23064575264579615, 0.17246471246083578, 0.1327719339169562, 0.13641041179653257, 0.21608905690954996, 0.11319396116305143, 0.21215376354909193, 0.2453444893161456, 0.13953509642742573, 0.12735249283723532, 0.754631632566452, 0.6393933251965791, 0.39162997966632246, 0.24355025589466095, 0.21837720526382326, 0.10606586447296043, 0.6722341993125156, 0.14134109253063798, 0.23132166424766182, 0.19937013322487473, 0.8471512341173366, 0.8245451788417995, 0.24265406429767608, 0.2318066175095737, 0.34574687539134175, 0.18547416105866432, 0.8253832567483187, 0.30906563363969325, 0.23585044567783675, 0.7337007179856301, 0.5997771125519649, 0.18536428716033698, 0.12425444484688342, 0.18266858162824065, 0.1184449384920299, 0.1079275804804638]
2025-12-18 18:03:24 - fedex - INFO - loss data:
2025-12-18 18:03:24 - fedex - INFO - [0.5922812618780882, 0.5977551225158904, 0.6074854210019112, 0.5234212370382415, 0.6194767192006111, 0.5981928765773773, 0.6178017351776361, 0.569804933336046, 0.56387724368833, 0.6447288408875466, 0.49873896352946756, 0.5312564224004745, 0.47884347008334266, 0.5026739552849904, 0.36131517216563225, 0.256014964543283, 0.5236190197989344, 0.36666370735038073, 0.3702044750098139, 0.4363851546309888, 0.37793037109076977, 0.2791602624580264, 0.38614639846815, 0.3156056328411473, 0.41434058770537374, 0.3397302947938442, 0.35415031036245637, 0.28308188197843265, 0.3203065700104667, 0.23350875297328458, 0.333859559125267, 0.22179510751739145, 0.25095471380821743, 0.2356580563093303, 0.3286406986415386, 0.30654186233878133, 0.548031760379672, 0.43233557492494584, 0.25841899576286476, 0.1674187158544858, 0.29765852611744775, 0.1709053265609934, 0.3342523622792214, 0.2834637024750312, 0.20885257466579787, 0.291227581910789, 0.2859163638204336, 0.24526022060049907, 0.3297794668210877, 0.3013050016947091, 0.2993011485785246, 0.1488421590998769, 0.29801169596612453, 0.26269105604539317, 0.2030903858443101, 0.20301396806098637, 0.10854925351264279, 0.21992996223270894, 0.31455296999774873, 0.22322900127619505, 0.2553253240766935, 0.1980322918854654, 0.16853870234141746, 0.18852847147500143, 0.2519706889986992, 0.2757180814165622, 0.19357484793807897, 0.26519547421485185, 0.22075002727409204, 0.22196850879117846, 0.22384246326982976, 0.15704326457861395, 0.3316508529242128, 0.23802041579037905, 0.21287409857743317, 0.21472488569561393, 0.21685727308504282, 0.2810660591116175, 0.20755449040443635, 0.17039449624717234, 0.1616639388303156, 0.17405899025616237, 0.3148313376586884, 0.08907438511555989, 0.18711910272104432, 0.20026306016370654, 0.18387592132785358, 0.18255541598191485, 0.11603341047238144, 0.14131083643684783, 0.2598694905638695, 0.25655027013272047, 0.10545795718207955, 0.23104759454727172, 0.16655206510040443, 0.09713863232173026, 0.12427040282636881, 0.16056913622742286, 0.27300389260053637, 0.24095723871141672, 0.11607189870749912, 0.1966161054507312, 0.22844773223623632, 0.07068881794596867, 0.07263169756624847, 0.2376829039887525, 0.1734178879763931, 0.07900816537439823, 0.06522837374359369, 0.1527708921232261, 0.13088733412506473, 0.12502223784103988, 0.24432880468666554, 0.17826021574437617, 0.0469903196208179, 0.055240564720912114, 0.15848630417895038, 0.2843258062377572, 0.19415856454288588, 0.06837759702466428, 0.034912499631496355, 0.06150489176183732, 0.3240989892510697, 0.14174422291398514, 0.2621315591124585, 0.22219314239919186, 0.17200193060562013, 0.06224494188791141, 0.14637085665581254, 0.1542998300204431, 0.17234103905502707, 0.1841907105408609, 0.07990991578747829, 0.226478931424208, 0.09498046594671905, 0.041396912619529755, 0.18846880266210064, 0.16604908893350512, 0.11258820728398859, 0.18492340126540513, 0.04638453592779115, 0.12836635273561114, 0.23697397578507662, 0.1687449322489556, 0.19579989584162832, 0.16234536666888744, 0.10326107416767627, 0.04059575442321754, 0.1324749372433871, 0.1522659688955173, 0.2362759746843949, 0.15166742536821404, 0.1503154894699239, 0.18329170855900478, 0.28024707091972234, 0.030697011156007648, 0.0880824296657617, 0.1759477561339736, 0.21419174019247295, 0.06787979890941642, 0.14768595886934135, 0.11798236453905701, 0.12353462781757116, 0.28866918459534646, 0.07573691825382411, 0.19629009533673525, 0.1161037238955032, 0.16500705551807188, 0.1319714213643844, 0.11542056628968567, 0.11203237564768642, 0.18531645750626924, 0.10941787541895691, 0.09345604684721265, 0.16155479743611068, 0.13190034608123824, 0.08940623860366435, 0.08766288764309138, 0.11242170944913393, 0.17490075065288693, 0.10747212538262829, 0.028219913016073406, 0.22664567353203893, 0.25078100636601447, 0.2247038076631725, 0.16297811327967793, 0.132432094309479, 0.2131249314174056, 0.09011209420859814, 0.1683075815672055, 0.1877547706477344, 0.16121686035767196, 0.1517514271195978, 0.03347749513341114, 0.11657827522139996, 0.3443971417378634, 0.22864368394948542, 0.12844684720039368, 0.12769372197799383, 0.2066632920410484]
2025-12-18 18:30:01 - fedex - INFO - loss data:
2025-12-18 18:30:01 - fedex - INFO - [0.3963658340275288, 0.6507558524608612, 0.4795492418110371, 0.6904407024383545, 0.765684962272644, 0.9413937352597713, 0.8231597244739532, 0.3133118491619825, 0.5706234633922578, 0.505628052726388, 0.5326177485287189, 0.5636808298528194, 0.4475799072533846, 0.48429072350263597, 0.5219717882573605, 0.4793773673474789, 0.5826723579317331, 0.4594880849123001, 0.41208243034780023, 0.5499721866101026, 0.23290667748078703, 0.6255635537207127, 0.40403126515448096, 0.263159923767671, 0.21813687635585666, 0.6471472488716244, 0.2869231656426564, 0.717358834668994, 0.3577413914725185, 0.2605886042118073, 0.2050660250708461, 0.24523933324962854, 0.3869505159556865, 0.5896174874156713, 0.3846231736242771, 0.24613222554326059, 0.33046139068901537, 0.299453117698431, 0.24910133983939886, 0.33665434857830406, 0.23165902122855186, 0.19798472533002495, 0.4235692895948887, 0.27780792117118835, 0.24654552340507507, 0.2945822076871991, 0.3486027907580137, 0.2669283048249781, 0.32648379467427735, 0.26752015014644714, 0.24954887498170136, 0.14940357925370334, 0.2738071013242006, 0.16991708788555115, 0.21150794657878577, 0.25141041887691246, 0.14430377609096467, 0.09297887589782476, 0.07814075101632625, 0.6052402965724468, 0.3039829366840422, 0.2342835396528244, 0.09807966309599578, 0.12837525103241204, 0.4879613496363163, 0.36840690709650514, 0.3473975510336459, 0.5835370847955346, 0.2152008438948542, 0.3324148584157228, 0.3110190747305751, 0.13648764174431563, 0.3533212742069736, 0.18683860879391434, 0.25828267466276883, 0.36112292651087047, 0.19536923468112946, 0.1848818063735962, 0.2856435921043157, 0.21445619845762848, 0.4936086071887985, 0.252086516469717, 0.2452756051905453, 0.30180914979428053, 0.1682434631511569, 0.10116522340103984, 0.22454194042366, 0.2474926495924592, 0.5031966739101336, 0.4166438091197051, 0.16188917942345143, 0.28596165738999846, 0.2736747594084591, 0.2271503195166588, 1.086243151978124, 0.7053246297873557, 0.18901698663830757, 0.19611473113764077, 0.13169786231592298, 0.19618967277929186, 0.2537761786952615, 0.23005708865821362, 0.18958467748016117, 0.12750951144844294, 0.17171840146183967, 0.2419439224526286, 0.47887143851257863, 0.27341576311737303, 0.1312177992425859, 0.13653881857171654, 0.21800859640352427, 0.2264585990458727, 0.14193752594292164, 0.2056060895556584, 0.13198545961640773, 0.19126363508403302, 0.18203762484481556, 0.13984106844291092, 0.19044687869027258, 0.06299843860324472, 0.25309137920849023, 0.28518586154095826, 0.3851109339855611, 0.2766029927879572, 0.13464501746930183, 0.16165707998443396, 0.14017695281654596, 0.23845930370735005, 0.16114992406219245, 0.0979071267414838, 0.30215424867346885, 0.11758225504308939, 0.07804556658957154, 0.02877339880215004, 0.0629014558158815, 0.21845192764885724, 0.17539723580703137, 0.2548245364800096, 0.18606087574735283, 0.1519209707621485, 0.22420084504410626, 0.0978724871762097, 0.24874312612228094, 0.17668326962739228, 0.0609579692594707, 0.2182132102549076, 0.19166995696723463, 0.08676685923710466, 0.08904710803180933, 0.2241291718557477, 0.23556317323818804, 0.16142937317490577, 0.22939006790984423, 0.32302235406823454, 0.06455678379861639, 0.4265638545155525, 0.17257530437782406, 0.12389763873070478, 0.24251682069152591, 0.15816174424253404, 0.1607911229133606, 0.0739686428802088, 0.06935874575283378, 0.19778150122147053, 0.16087444061413408, 0.20333347925916315, 0.13751583434641362, 0.18150237267836927, 0.25303781284019355, 0.2469803584739566, 0.10760423373430968, 0.27356263510882856, 0.21914414949715139, 0.20721805477514862, 0.093347009527497, 0.1931197973433882, 0.5007305359467864, 0.2356510344427079, 0.22981755416840316, 0.2387978596612811, 0.16440988462418318, 0.2528486869297922, 0.08832246740348637, 0.25444067399948833, 0.29130902979522943, 0.22181649692356586, 0.1741569021716714, 0.08140168152749538, 0.1422112979926169, 0.26417940855026245, 0.08950685663148761, 0.25368185229599477, 0.22458142153918742, 0.2508384078741074, 0.24249874018132686, 0.1428312251344323, 0.22966536656022074, 0.15915308687835933, 0.21561537571251393, 0.2566532284021378]
2025-12-18 19:00:42 - fedex - INFO - loss data:
2025-12-18 19:00:42 - fedex - INFO - [0.49581529553979636, 0.46115604508668184, 0.4624839865602553, 0.632392689678818, 0.6636370673775673, 0.5722772307693959, 0.6452744051814079, 0.6070663541555404, 0.577748465538025, 0.5121684754267335, 0.5579098977148533, 0.30354090707842263, 0.567680948972702, 0.5279003500472754, 0.5243672423064709, 0.16995893479324878, 0.49656685553491114, 0.5235953622031957, 0.46556539023295046, 0.5447423852980138, 0.44167131843666235, 0.5564579790923745, 0.2747912076767534, 0.3498293862988552, 0.4623750083148479, 0.20487491246312856, 0.175101968832314, 0.23514851297562323, 0.38399935041864713, 0.31986128182325047, 0.3032738983631134, 0.28927379865199326, 0.1620291996980086, 0.14509188127703965, 0.46884080171585085, 0.23092328235507012, 0.23299433807842435, 0.2881399132311344, 0.231467158527812, 0.10590276004513725, 0.364532936612765, 0.1934645375236869, 0.1177341315196827, 0.2815518960356712, 0.28677706205053255, 0.25407183668576183, 0.1651442364032846, 0.2967336205299944, 0.3176856655627489, 0.22257510603715974, 0.1368088732822798, 0.25008467584848404, 0.34547429587692025, 0.2531329803634435, 0.1845891931676306, 0.09550821505254134, 0.1563007598160766, 0.1621196517876039, 0.1894778677262366, 0.10611010016036744, 0.07342701167763153, 0.21912914655549684, 0.15291928704828023, 0.40637685023248193, 0.0996261394029716, 0.2992155280895531, 0.12209833997767419, 0.5044037056853995, 0.17892242390662433, 0.24073161954681077, 0.22009595152921974, 0.30612325519323347, 0.1939352766610682, 0.18756899023719598, 0.26890455002430824, 0.26362814493477343, 0.15065984893590212, 0.0914196761790663, 0.14142175176239108, 0.11327415549506743, 0.2185116606182419, 0.11447285934894655, 0.19296906841918826, 0.1859642573011418, 0.11751649435609579, 0.22124631889164448, 0.21774802012369038, 0.08443657190073281, 0.09085748804500327, 0.08211900002788752, 0.0752710414584726, 0.06529208703432232, 0.23693369401153178, 0.19008281285641715, 0.07678300335537643, 0.21803100178949536, 0.14857510199071838, 0.13580134811345487, 0.19050780702382325, 0.11843186877667904, 0.11031708697555587, 0.04019602508633398, 0.1752842660411261, 0.10178643806333032, 0.0975784282782115, 0.09654270023262748, 0.15142183243442559, 0.04032728261809097, 0.042209220100266974, 0.138334072282305, 0.12422053968184628, 0.11919841004128102, 0.26925988579168914, 0.14603513890566924, 0.038632461699307896, 0.1420886724954471, 0.17065559960901738, 0.0700660007656552, 0.18635436829936225, 0.12325252724112942, 0.10366713010007515, 0.034386986032768616, 0.06222069427312817, 0.14726817423167327, 0.03333610703921295, 0.18971681013645136, 0.19755141607311089, 0.08543563045095652, 0.11115588387474418, 0.7246938573196531, 0.41442544903839007, 0.06872122599743306, 0.11477510598488153, 0.07243484107311815, 0.16635642512701454, 0.028605444391723724, 0.2778228441253304, 0.5646497715031729, 0.0957807460023711, 0.15113928879145533, 0.09978505210019648, 0.08955971603281795, 0.08187249498441815, 0.08375760852941312, 0.07659906841581687, 0.3373135226778686, 0.16998159484937786, 0.13573853089474142, 0.13785354290157556, 0.16362772381398827, 0.17364485004218294, 0.09368410212725091, 0.36226918095489963, 0.10354398752097041, 0.09525207747938111, 0.17170646218582986, 0.07754191725204389, 0.04284207252203487, 0.051395352786736716, 0.04352485720592085, 0.023080706355540315, 0.21442504631268094, 0.19450530306785369, 0.13097794429195347, 0.11651661019423046, 0.052730600667806965, 0.037427769842906855, 0.06405442078830674, 0.13133592500525992, 0.041672019606630785, 0.08663474272664946, 0.07559853009103487, 0.09193177952402039, 0.06667821637820452, 0.6129411539062858, 0.661010141693987, 0.0790620842934004, 0.027390890201786533, 0.1710988915991038, 0.052636640860388675, 0.7039416550775058, 0.0537364455696661, 0.06618709521280834, 0.08946488323854282, 0.8806884449557402, 0.9333630380686373, 0.08655403983430006, 0.03845672672614455, 0.10375402285717428, 0.068198136636056, 0.8662430644035339, 0.14352817146573216, 0.07487473382304112, 0.7057980219746242, 0.6141075752791949, 0.09187804299872368, 0.0657601828337647, 0.11292198636801913, 0.09198210801987444, 0.08246409467537888]
