2025-11-06 02:13:07 - fedex - INFO - loss data:
2025-11-06 02:13:07 - fedex - INFO - [0.4766588037600741, 0.052020940009612104, 0.2115464238133023, 0.45328997493359363, 0.4538292641992922, 0.4396430509431022, 0.598070499571887, 0.3812381664911906, 0.3811873723235395, 0.4111117145844868, 0.3165764453559758, 0.8035803586244583, 0.38708705496456886, 0.3873742068751232, 0.6632319117585819, 0.2607736668045012, 0.41043251438532025, 0.579701942909095, 0.4202092358911479, 1.838656375655167, 0.32692566028656855, 0.20768949264408246, 0.24627730691281613, 0.4053325172927644, 0.21453734177889094, 0.5943088373169303, 0.31012721461140447, 0.3941133146484693, 0.33286068526407087, 0.21819466119077768, 0.31666731710235274, 0.3765358260522286, 0.5201528333127499, 0.3252022054512054, 0.39593997494214106, 0.2901829388214364, 0.366182037088133, 0.9640692903970679, 0.05716395268367099, 0.8888074271380901, 0.3913883591691653, 0.15597293137883145, 0.22532220842937628, 0.29638237518568833, 0.25795704393697505, 0.3121604815577016, 0.2955279208364941, 0.21898086231279498, 0.3513322789463904, 0.32592092061208355, 0.3245951437524387, 0.31267791924377286, 0.14369660597949405, 0.26995508261024953, 0.23078581411391497, 0.2324231770776567, 0.1800201234540769, 0.2739479507186583, 0.30810197691122687, 0.13585101863524565, 0.2709543708147425, 0.18082376037879536, 0.3243253687749419, 0.229464012559192, 0.4798738270377119, 0.34351950724210056, 0.2400033095230659, 0.27938829594618314, 0.0886701924149141, 0.7620336824717621, 0.3362434455193579, 0.9187941287188248, 0.4943009366591772, 0.36569087478953105, 0.2421663754752704, 0.1606559233739972, 0.46380294021219015, 0.22550205413459073, 0.2964687102736207, 0.2350960717885755, 0.19965067428226274, 0.1890940812882036, 0.7381157334845435, 0.7897518522860039, 0.2508098307322749, 0.25143189604083693, 0.1344457440676966, 0.30002192806984695, 0.1855931437884768, 0.23490377025057874, 0.8504690101641851, 0.2742720899659963, 0.1490666589816101, 0.19254584808922595, 0.32761677602926886, 0.2904466033602754, 0.11434193721340437, 0.6304213311135148, 0.13581813997145564, 0.1270189897933354, 0.06789827279280872, 0.20964887055257955, 0.09597139814092467, 0.31640443478331526, 0.1689694244414568, 0.17280877195298672, 0.4982438733115689, 0.06877879944707577, 0.08705140369905469, 0.33016688625017804, 0.3165900465997833, 0.2039213763480937, 0.17502002149800924, 0.394330361764878, 0.07377897226251662, 0.248790210707941, 0.23994545276380247, 0.04485531648970209, 0.04242019671558713, 1.0374273320679397, 0.5132343898273327, 0.04663496140468244, 0.34549044351460356, 0.2679002147657101, 0.25181435516828465, 0.1517549556835244, 0.7025643197703175, 0.7632538639008999, 0.03336287872904601, 0.29901950893105655, 0.4470488876605587, 0.39151384095074954, 0.2618663323422273, 0.15018346612341701, 0.838663125410676, 0.33709955926645885, 0.20946541638113558, 0.03888363166091343, 0.5685121901333332, 0.0524063956264096, 0.042453082161955535, 0.3285678998522815, 0.21348583532704246, 0.189575647120364, 0.2147253184682793, 0.29229401603893, 0.1973931446050604, 0.292337725283923, 0.18748300054317546, 0.2953833281579945, 0.2774643462392743, 0.27076975634378014, 0.22748526198168595, 0.5006429143104469, 0.33221803160277685, 0.17852999176830053, 0.26804754842693607, 0.06952966598619241, 0.31322634956714784, 0.20452031441446805, 0.2564150428192483, 0.20075515884285172, 0.2719182095726922, 0.24037608122065043, 0.1929154699513068, 0.17213116940997897, 0.3437086057461177, 0.2275081108013789, 0.41491304085190805, 0.43704235879704356, 0.26942764359610105, 0.20660957957928378, 0.3770249085811277, 0.24576789240485855, 0.2622648636913962, 0.2670078498565338, 0.2512030257946915, 0.2987867311953947, 0.16983314013729495, 0.1813303708497967, 0.22192564823975167, 0.1329635234756602, 0.2915146947527925, 0.31658887145006, 0.22376232470075288, 0.12160801887512207, 0.22539572830918053, 0.23777433121133418, 0.21266816982201167, 0.17380258794282638, 0.2580315117482786, 0.355976196937263, 0.18080300967105561, 0.18906526629709536, 0.13881529786934454, 0.23701206567110839, 0.5176670974628492, 0.21296957390944635, 0.43049857748503034, 0.43446623223523295]
2025-11-08 13:47:41 - fedex - INFO - loss data:
2025-11-08 13:47:41 - fedex - INFO - [0.46490913781795706, 0.06582634571827839, 0.20829522605183431, 0.44457307459217393, 0.6320727922850184, 0.478501555110727, 0.5548515973443335, 0.3647060395528873, 0.4238988475667106, 0.40837146448237555, 0.32851187810956617, 0.7931735863288243, 0.3592176361726449, 0.365051976741934, 0.5106370399395624, 0.21519002369993057, 0.39887766365427524, 0.4041068143107825, 0.3493326311862027, 1.8324857706781283, 0.3139757524600316, 0.23950136594115368, 0.31725964732080075, 0.3351200232282281, 0.1938467893594255, 0.5005410426917175, 0.2844258956300716, 0.35618411048891996, 0.2650428847188041, 0.2366223273843172, 0.2554935316244761, 0.4001800820697099, 0.6197525574825704, 0.3180978967284318, 0.32706685488422715, 0.267236451409103, 0.34618803825052014, 0.7578185191766048, 0.028715731435113412, 1.0571530796587467, 0.3313676481721578, 0.13419791143387555, 0.22546252887696028, 0.318676710439225, 0.2563775059165242, 0.303544038364833, 0.29551614013810956, 0.2602033811272122, 0.3434693809453543, 0.27322194249265724, 0.2695466757175468, 0.25392010073280996, 0.14968717786711447, 0.3051038309931755, 0.250108950814077, 0.21744934494296708, 0.18382139654464222, 0.20767323672771454, 0.31232560953746236, 0.11205783455322187, 0.2718664243958439, 0.1633715642383322, 0.3027799621936124, 0.22776346959797206, 0.3900767489957313, 0.37624547550720827, 0.2102560467707614, 0.272295450235342, 0.10564851045395092, 0.6555277727893554, 0.3977685486897826, 0.940928297090674, 0.48325880333071664, 0.3901264321369429, 0.20340223273351077, 0.15350001870344082, 0.4320459011942148, 0.2156180483702984, 0.2762103527789198, 0.32786285877227783, 0.1881985175423324, 0.1308231770817656, 0.591362113331949, 0.6577886710209506, 0.23350533864286263, 0.2778008319437504, 0.14485200039953702, 0.19632908249539988, 0.1565058742960294, 0.15148225544641414, 0.7608743344899267, 0.26676930979426416, 0.14124770578928292, 0.13981978253217503, 0.13902983472992975, 0.27593765452250163, 0.10327867284234214, 0.37585953717280063, 0.09843487404231425, 0.08682548482902348, 0.06474931921499472, 0.13302552808697027, 0.08611871158306408, 0.2891742158681154, 0.1655704453587532, 0.13046044670045376, 0.31773359628601205, 0.056587620576707805, 0.038471477145018675, 0.28560938956659465, 0.2992654961016443, 0.2003339504202207, 0.1753589901830613, 0.26968356324359777, 0.036305599205661565, 0.2125991891802254, 0.2405026384215388, 0.030349957504464935, 0.03357213116315607, 0.6418745361976713, 0.4193868627574182, 0.026397028821520507, 0.3421143218197606, 0.25447471266744115, 0.20522476417115992, 0.11170764301075704, 0.3397834866627818, 0.6621268661692739, 0.03524405737456012, 0.3127410472444599, 0.49733222350995576, 0.44258499338671015, 0.2520327964383695, 0.14471312928944827, 0.7307784408330917, 0.34688319147310476, 0.26326075471782434, 0.02634134290080207, 0.524634372908622, 0.04710894439728387, 0.02777344390779035, 0.35321252730985486, 0.19551467253930038, 0.11820071861923982, 0.17377148071924844, 0.2469475376247256, 0.1982555327316125, 0.3074254999282183, 0.17242288388984484, 0.28840002914269763, 0.2434047823064719, 0.23563497259535574, 0.21767078271756568, 0.43969046979327686, 0.3023940918007584, 0.25718745589256287, 0.1676278884833058, 0.08629178646757887, 0.2793611887503754, 0.20285289184086852, 0.24493359433556045, 0.24592785180235904, 0.2328362949007738, 0.21612815170859295, 0.1501153328611205, 0.1499064959408272, 0.13734996219476064, 0.07812911770306527, 0.35220453861568657, 0.324074721429497, 0.216235549864236, 0.16334709769580513, 0.3874628234654665, 0.22589164667962386, 0.2528857383877039, 0.27880139993221476, 0.25690760359995896, 0.2747259955439303, 0.19187468538681668, 0.17813023357164293, 0.2504063980239961, 0.13809102815058497, 0.32785592060536145, 0.3202437621334361, 0.2047216746778715, 0.10861673764884472, 0.20280394414883285, 0.17255363639976296, 0.2633802475673812, 0.1693344708413832, 0.19344411914547283, 0.3579804092024763, 0.19180575717473403, 0.16222383516530195, 0.13226795773953198, 0.19089913761450183, 0.4730138636448167, 0.20757191270471564, 0.353099984201518, 0.4554250625272592]
2025-11-09 19:02:02 - fedex - INFO - loss data:
2025-11-09 19:02:02 - fedex - INFO - [0.46700261463780723, 0.08174426208051955, 0.20121749468768635, 0.46110696917296284, 0.5097005066496354, 0.4450615176132747, 0.6600928821346976, 0.46219717313845954, 0.39152324572205544, 0.43925850998078075, 0.2949007335325102, 0.4925692627827326, 0.32011499091435874, 0.32749498117697873, 0.5358381321032842, 0.23347652456335102, 0.314668571765651, 0.3808738463040855, 0.31933875312959703, 1.5742598392250027, 0.28954155982830254, 0.24975962105794072, 0.30300634702143725, 0.4280602509776751, 0.2103717828479906, 0.6482201610536625, 0.2864528300240636, 0.3703436771673816, 0.3462845210340761, 0.1976717252705601, 0.27918317106862867, 0.3260445043755074, 0.5752375416923314, 0.1557149310974637, 0.30666637751791215, 0.3000269466345864, 0.36914984133271944, 0.7592487105478843, 0.04406946908026536, 0.8012505173683167, 0.3270199974929845, 0.1242239191972961, 0.20900549590587617, 0.2694892762849728, 0.2799281112093013, 0.2768411381678148, 0.27611884634409634, 0.12142059174948372, 0.38557027391605564, 0.3467487051255173, 0.22437955935796103, 0.2591492219103707, 0.1473568807785341, 0.2968459020058314, 0.21518796811190744, 0.21767814444111927, 0.18772349241433922, 0.23292365297675133, 0.32062348909676075, 0.10413254649514177, 0.2368555428036912, 0.1412452974570139, 0.25170582238669426, 0.1515726610843668, 0.494199458292375, 0.30772087368227186, 0.1777285801557203, 0.24931525165674748, 0.051647768408050375, 0.6217667082867896, 0.3967060912400484, 0.8124110855696927, 0.37550369029243785, 0.26116525878508884, 0.21482662617095877, 0.1685408026645226, 0.29637263948097825, 0.22344440235238938, 0.28325361783487707, 0.2539295833557844, 0.11735488899673024, 0.11126108356984332, 0.5346453488661306, 0.7389973119078648, 0.25669868527717576, 0.1865962352603674, 0.15069764713287384, 0.2776892443320581, 0.1759802640726169, 0.1499048466173311, 0.7338295671700811, 0.2542807130675231, 0.21865732676815242, 0.15946600094736954, 0.27098717509458464, 0.29649779951256333, 0.11462380976964985, 0.5621721873661348, 0.1370525901161489, 0.12910430234236023, 0.055001438378045955, 0.15425096607456604, 0.100802009839875, 0.35162690502625926, 0.20033658016473055, 0.15381318610161543, 0.409739522729069, 0.06514237402006984, 0.02270454727113247, 0.22084928547874805, 0.29652422946636325, 0.1727992019581574, 0.1023265419632177, 0.3406456330480675, 0.03890340097132139, 0.23232518450391515, 0.24456185831998783, 0.02923098571288089, 0.04105855845975586, 0.7096472819102928, 0.41055292291990053, 0.03568180195482758, 0.3069445026982011, 0.23332868429427644, 0.22945609342099893, 0.15275909817622355, 0.468469766958151, 0.7367328042164445, 0.08867050739354454, 0.29702802473511647, 0.47379724387428723, 0.4461651452023674, 0.24945012420001955, 0.13702425931890805, 0.6870724121108651, 0.2351040059531277, 0.19330801481070617, 0.019423384752978258, 0.4969434589147568, 0.05885358043403054, 0.03688477306988918, 0.33804571965620633, 0.22134392025570074, 0.13791716564446688, 0.16345464531332254, 0.29013598489540593, 0.1930039543658495, 0.23382373340427876, 0.1738177330310767, 0.21840334818181065, 0.2654590958108505, 0.2234764723389438, 0.23065786783893905, 0.3744705028172272, 0.29064569128630213, 0.0841727505903691, 0.1803087493715187, 0.05439363565916817, 0.3165476389906623, 0.20819477905364087, 0.2426057973669635, 0.1789859139515708, 0.2325832329483496, 0.1753936610960712, 0.1829920407384634, 0.15119243989742936, 0.1211557501500162, 0.0790593320503831, 0.2680920099041292, 0.3518338875534634, 0.22825440671787692, 0.18952681520022452, 0.2494983846942584, 0.22810633510484227, 0.2672486757445667, 0.2032952904136795, 0.20439785139428246, 0.27413765694601117, 0.13638357538729906, 0.1911529548288811, 0.2865224844879574, 0.11514937101552884, 0.23950845381865898, 0.3094657101590807, 0.20688055519251125, 0.09601782246803243, 0.20341260591152288, 0.17760546070834002, 0.1454474500690897, 0.1787585010604253, 0.19635519323249656, 0.2743885216613611, 0.13714065377846257, 0.13849031407799986, 0.14190619971810114, 0.19202907162683983, 0.43203637410293927, 0.2036610076810041, 0.43538489971648564, 0.3947338552524646]
2025-11-10 17:07:30 - fedex - INFO - loss data:
2025-11-10 17:07:30 - fedex - INFO - [0.46700261463780723, 0.08174426208051955, 0.20121749468768635, 0.46110696917296284, 0.5097005066496354, 0.4450615176132747, 0.6600928821346976, 0.46219717313845954, 0.39152324572205544, 0.43925850998078075, 0.2949007335325102, 0.4925692627827326, 0.32011499091435874, 0.32749498117697873, 0.5358381321032842, 0.23347652456335102, 0.314668571765651, 0.3808738463040855, 0.31933875312959703, 1.5742598392250027, 0.28954155982830254, 0.24975962105794072, 0.30300634702143725, 0.4280602509776751, 0.2103717828479906, 0.6482201610536625, 0.2864528300240636, 0.3703436771673816, 0.3462845210340761, 0.1976717252705601, 0.27918317106862867, 0.3260445043755074, 0.5752375416923314, 0.1557149310974637, 0.30666637751791215, 0.3000269466345864, 0.36914984133271944, 0.7592487105478843, 0.04406946908026536, 0.8012505173683167, 0.3270199974929845, 0.1242239191972961, 0.20900549590587617, 0.2694892762849728, 0.2799281112093013, 0.2768411381678148, 0.27611884634409634, 0.12142059174948372, 0.38557027391605564, 0.3467487051255173, 0.22437955935796103, 0.2591492219103707, 0.1473568807785341, 0.2968459020058314, 0.21518796811190744, 0.21767814444111927, 0.18772349241433922, 0.23292365297675133, 0.32062348909676075, 0.10413254649514177, 0.2368555428036912, 0.1412452974570139, 0.25170582238669426, 0.1515726610843668, 0.494199458292375, 0.30772087368227186, 0.1777285801557203, 0.24931525165674748, 0.051647768408050375, 0.6217667082867896, 0.3967060912400484, 0.8124110855696927, 0.37550369029243785, 0.26116525878508884, 0.21482662617095877, 0.1685408026645226, 0.29637263948097825, 0.22344440235238938, 0.28325361783487707, 0.2539295833557844, 0.11735488899673024, 0.11126108356984332, 0.5346453488661306, 0.7389973119078648, 0.25669868527717576, 0.1865962352603674, 0.15069764713287384, 0.2776892443320581, 0.1759802640726169, 0.1499048466173311, 0.7338295671700811, 0.2542807130675231, 0.21865732676815242, 0.15946600094736954, 0.27098717509458464, 0.29649779951256333, 0.11462380976964985, 0.5621721873661348, 0.1370525901161489, 0.12910430234236023, 0.055001438378045955, 0.15425096607456604, 0.100802009839875, 0.35162690502625926, 0.20033658016473055, 0.15381318610161543, 0.409739522729069, 0.06514237402006984, 0.02270454727113247, 0.22084928547874805, 0.29652422946636325, 0.1727992019581574, 0.1023265419632177, 0.3406456330480675, 0.03890340097132139, 0.23232518450391515, 0.24456185831998783, 0.02923098571288089, 0.04105855845975586, 0.7096472819102928, 0.41055292291990053, 0.03568180195482758, 0.3069445026982011, 0.23332868429427644, 0.22945609342099893, 0.15275909817622355, 0.468469766958151, 0.7367328042164445, 0.08867050739354454, 0.29702802473511647, 0.47379724387428723, 0.4461651452023674, 0.24945012420001955, 0.13702425931890805, 0.6870724121108651, 0.2351040059531277, 0.19330801481070617, 0.019423384752978258, 0.4969434589147568, 0.05885358043403054, 0.03688477306988918, 0.33804571965620633, 0.22134392025570074, 0.13791716564446688, 0.16345464531332254, 0.29013598489540593, 0.19300437308847904, 0.23382319185744832, 0.1737912369038289, 0.21840400817907518, 0.26495109859302085, 0.22052134844389829, 0.23030688085903722, 0.37219097901349113, 0.2897525429835399, 0.08384889364242554, 0.17980526257306337, 0.05458397368104973, 0.31622728967869823, 0.20821957655975387, 0.2423844743726982, 0.17937691283101836, 0.232221752427341, 0.17592334064344564, 0.18250604852413138, 0.15082851398204056, 0.12081861705519259, 0.07876280536875128, 0.26823466590472633, 0.3525503681351741, 0.2281677590180484, 0.18938555921583128, 0.25063780304044486, 0.2286262796925647, 0.26691818454613286, 0.20270427858287637, 0.20353560667071077, 0.2742520606800638, 0.1349258730188012, 0.19082513203223544, 0.2865666517366966, 0.11515360837802291, 0.2400923044110338, 0.3096739743474043, 0.20684634428471327, 0.09594822147240241, 0.20338050412413267, 0.177248388794916, 0.14515212541889577, 0.17882706635882928, 0.19617582105652048, 0.27372761437048515, 0.1369453171112885, 0.13838960605466533, 0.14320531119075086, 0.19144697528746393, 0.4267621082677082, 0.20335217542384587, 0.4302242052826014, 0.3905528760204713]
2025-11-11 09:34:41 - fedex - INFO - loss data:
2025-11-11 09:34:41 - fedex - INFO - [0.4460263033434453, 0.06163480485262577, 0.18868204180358183, 0.40632984362956553, 0.5728447244123176, 0.4834360198250839, 0.5709323444488373, 0.4058893233537674, 0.414210331108835, 0.508660820445844, 0.3262583529641334, 0.5813133443395296, 0.29592589260123314, 0.3523683079509754, 0.6052174145976702, 0.1971898861345835, 0.358918210840784, 0.37449078471399844, 0.4369544513799526, 1.5234330720704747, 0.2534043767613877, 0.2425946391673885, 0.2670978266833117, 0.39148354820079273, 0.18687180338116982, 0.5509814801625907, 0.28000735573263635, 0.3792354105602181, 0.3236327844538859, 0.24880875130405739, 0.34955036391814553, 0.33398413759035367, 0.6267625540494919, 0.28737764788093045, 0.35076164888838923, 0.2692260501706707, 0.3815325703294504, 0.9320388509853123, 0.030965682262982835, 1.0251870341598988, 0.3459296601789969, 0.16384390682602923, 0.24805313808222612, 0.28168780853350955, 0.2902919051536758, 0.27628233878111297, 0.3113498240709305, 0.21941732591949403, 0.3793311391703107, 0.3322571087628603, 0.29396216110104606, 0.27453564500643146, 0.15330909303108153, 0.30326110403984785, 0.23449571690677357, 0.2098122612484509, 0.21646464420648823, 0.2534924738463901, 0.2794252956906954, 0.1327373586827889, 0.25264120171354576, 0.17574826832666682, 0.23961564950701414, 0.22288560934424767, 0.3191324345767498, 0.3563468507712796, 0.22715255928536254, 0.29417968860694343, 0.10909923795164407, 0.49234897099086083, 0.3298094440251589, 1.0312345730253583, 0.5603604795677322, 0.23946744940864545, 0.2524245482470308, 0.18122894637552756, 0.37546490249224007, 0.21234868390278686, 0.26867631264807035, 0.21690388418210205, 0.19065763177350165, 0.14561312893783906, 0.5322583627518421, 0.5513217179548172, 0.23161215673499103, 0.23185567247370878, 0.16675690492053355, 0.23422336338886193, 0.15932000363245608, 0.3409856567159295, 0.614654352189973, 0.2362457761718404, 0.1984608423372265, 0.13685572436190255, 0.19333819548288983, 0.261752322781831, 0.11760750315443147, 0.38047677248444717, 0.08782037396061544, 0.15871973619796337, 0.0804015166591853, 0.18295326828956604, 0.08633241049634914, 0.29375327240537713, 0.1848363634198904, 0.15873759612441063, 0.4401886115471522, 0.05010068277673175, 0.09235511043516453, 0.30819907403063207, 0.29481294016457266, 0.2222274940598894, 0.0777805879212489, 0.31825732880582414, 0.06612083385698497, 0.2214376928448608, 0.231151914731082, 0.052230098376943104, 0.04171912522805441, 0.8836107499664649, 0.49738385628231546, 0.03416234363491336, 0.31683929208666084, 0.2630676826029414, 0.23801895912253745, 0.11954404358079451, 0.4528774766949937, 0.49671129882335663, 0.026256267347586498, 0.28692996311715985, 0.42223965079716036, 0.3758431609582018, 0.24912939835339784, 0.13092053045208255, 0.4651601479854435, 0.2670099849982018, 0.31666287341310334, 0.03359526225055258, 0.44209082424640656, 0.041460028353806896, 0.03344599907803867, 0.3262441474500866, 0.2110617755808764, 0.11211734369862825, 0.18220317591395643, 0.21011817055167975, 0.26695774085819723, 0.2502658236081954, 0.18299898661724812, 0.24049207009375095, 0.24141541683563478, 0.23952363916870317, 0.24129700182626646, 0.4441438634288109, 0.29383002306250006, 0.1805102303624153, 0.18607255114863316, 0.12906715923454612, 0.3163749093020504, 0.19583293915622763, 0.2351627292111516, 0.16330096034410718, 0.2821116785090121, 0.20481156701377284, 0.13126988805209597, 0.17212727900949262, 0.13790399540836612, 0.12386776749044656, 0.3028013018359031, 0.46149301098193973, 0.2407956408464877, 0.16660514563166845, 0.2633068973897025, 0.2788670491427183, 0.26893688552081585, 0.3176702452315526, 0.3251293782420732, 0.2500996244381423, 0.2031070167819659, 0.19881102509264437, 0.19534900991453064, 0.1514857624553972, 0.24931091188142696, 0.3013598769903183, 0.2028806858311688, 0.12242167148118219, 0.19507953500936903, 0.1867113986185619, 0.1308475111644449, 0.19328250567473115, 0.2230407141700939, 0.2700703632086515, 0.14505253891790443, 0.1784582268446684, 0.12511863288366132, 0.20437481047378647, 0.39672503247857094, 0.19794811698652448, 0.30541741458529775, 0.36243394228319326]
2025-11-13 17:53:10 - fedex - INFO - loss data:
2025-11-13 17:53:10 - fedex - INFO - [0.458122383832695, 0.07587123047172402, 0.20775654483845252, 0.46439034561626613, 0.6482543169900223, 0.500399543770722, 0.6737970537082716, 0.44417641299466293, 0.4886588781244225, 0.49562282700623783, 0.40402436386486645, 0.5775691047310829, 0.3329562883249425, 0.34547112244871203, 0.6304760177930196, 0.21218243320084487, 0.567499253898859, 0.3943375415272183, 0.47086108807060456, 1.809999631561368, 0.32099245337061194, 0.23278276357062472, 0.3132449323408461, 0.4677530576785406, 0.2097550694623755, 0.6523093754270425, 0.2885012660899924, 0.41897530392521903, 0.4062820101777712, 0.3220987931736523, 0.3687060748537382, 0.35987840614203986, 0.6589164920151234, 0.3118270254926756, 0.39876848831772804, 0.2924125320499852, 0.4225566501596144, 0.7924824457926055, 0.05648175240276032, 0.7790071293711662, 0.3784240753286415, 0.18189101259534557, 0.28254177210231624, 0.32639725791911284, 0.2975758974124411, 0.3156081275393565, 0.38285523227282936, 0.22194797308232714, 0.435962350918101, 0.4062079888665014, 0.34651311983664834, 0.3616965108861526, 0.17622965017023184, 0.3468386042863131, 0.2380935224859665, 0.2765519887741123, 0.28999945315133246, 0.320428246543521, 0.34738513703147567, 0.1845586377506455, 0.28162455466209035, 0.2716658834833652, 0.3047973227821234, 0.25251173856139014, 0.4673578107729554, 0.4371960370668343, 0.2793065396447977, 0.3411932907901801, 0.1452462261004257, 0.46930876273351413, 0.38193102180957794, 1.1969882382788153, 0.7427172621800786, 0.5404403731226921, 0.33604973111124264, 0.23622775586942832, 0.45488387113437057, 0.28348903867105646, 0.322426664699257, 0.3577094047795981, 0.2630003583307068, 0.25167484709527344, 0.6772007078349512, 0.7067978197620028, 0.2907453203510765, 0.36355921129385627, 0.20464555913626795, 0.324378457984754, 0.236400325037539, 0.3685457345098257, 0.6163939882535487, 0.3081644598305935, 0.46688679058570415, 0.21978324943310804, 0.31641389429569244, 0.3495729606824391, 0.1855312533693255, 0.5135561316274107, 0.20750519071173454, 0.396989562921226, 0.11895184442400933, 0.3153358958661556, 0.11276557436212897, 0.35413697734475136, 0.3614845722913742, 0.28313813358545303, 0.5226550311846141, 0.10485927242164811, 0.15742517650748292, 0.38334488301050096, 0.3401143012775315, 0.332165590039006, 0.18849171623878647, 0.43996987636201085, 0.11296618456253782, 0.2586258812893734, 0.2905860121361911, 0.08255128484840193, 0.057044378145494394, 1.0056777532445267, 0.6368905452164736, 0.05179650705152502, 0.3871176054644765, 0.3254416969538939, 0.28322911029681563, 0.16014862898737192, 0.6959061367087997, 0.60095090046525, 0.045430142245701674, 0.38326992896735357, 0.5201031982691752, 0.4865958518176167, 0.3084611437800858, 0.17989137129237254, 0.7332195453345776, 0.3780754591253671, 0.35377149286472964, 0.07024259120225906, 0.5513386279344559, 0.1037046028689171, 0.06351572580428587, 0.377831366312291, 0.3120830545408858, 0.20338047086261213, 0.41038685395485824, 0.31983039735092056, 0.31457675732672213, 0.3563185988201035, 0.24814629484899342, 0.35052788216206765, 0.29709034471738116, 0.29787770241047395, 0.3343793885782361, 0.5046805187982196, 0.3751359494381054, 0.43023117259144783, 0.2806919740512967, 0.09589426996099064, 0.46037722141905263, 0.2648274711954097, 0.2958997846339588, 0.31964012930790586, 0.38146415825874086, 0.27403301768936217, 0.23310087279727063, 0.31327024226387346, 0.15812541905712957, 0.4864871005838116, 0.4143472087702581, 0.5320195287155608, 0.32944143157472056, 0.27263500324139994, 0.4527023430913687, 0.3716031765299184, 0.36660682203041184, 0.4089882382840821, 0.3954045475909004, 0.3117397184380227, 0.3459129619101683, 0.3427515821087928, 0.28110493843754136, 0.31133784022596145, 0.3119399030382435, 0.349376017620994, 0.27589198760688305, 0.1854026555083692, 0.27378811249657287, 0.2922867515257427, 0.22380651046322392, 0.2774866805929277, 0.2926766125968209, 0.38159999574224157, 0.2198132885726712, 0.27751808075441253, 0.1793998246598575, 0.31832774080060144, 0.5039097947830504, 0.27906316361345707, 0.4580627227710052, 0.4539163293937842]
2025-11-14 07:42:50 - fedex - INFO - loss data:
2025-11-14 07:42:50 - fedex - INFO - [0.48072936613526607, 0.07218413215984279, 0.20707678611700733, 0.4759525059360183, 0.5386043784243089, 0.5076377892068454, 0.6614998606118289, 0.47335301861166956, 0.42923158076074386, 0.43098081089556217, 0.3954326794090674, 0.47959861904382706, 0.3125745886493297, 0.33921723110877255, 0.5822468375166258, 0.21742905699259912, 0.45756316743791103, 0.41347559846730697, 0.3329284992758874, 1.8150104434413759, 0.34069157290477525, 0.2468588518720935, 0.32101166793533287, 0.39553003737496006, 0.19451505959603108, 0.7045233173606297, 0.30249356937905153, 0.3948281081245532, 0.3492670704921087, 0.2642480004135342, 0.33222766468922293, 0.35846408689394593, 0.7647760016843677, 0.21671764028724283, 0.4130763229396608, 0.294360226984801, 0.35906161087609473, 0.7747354434492687, 0.05667930862061136, 0.8691121321171522, 0.4181281993234599, 0.15267428041746217, 0.2510043751448393, 0.32528936012337606, 0.26721326592710937, 0.33142391002426547, 0.3494617357140496, 0.27453171600063797, 0.37693784466956726, 0.36642461332182086, 0.2948269248008728, 0.35971187406943905, 0.18611171331625276, 0.30061275474727156, 0.2105803894305912, 0.2679493653721043, 0.24787579643140947, 0.2863204041939406, 0.3300366885960102, 0.1502425988825659, 0.30634527694095265, 0.23205427445160845, 0.31097689167257736, 0.24675636596646544, 0.49293175879865886, 0.4161867820436046, 0.2545129594703515, 0.3130181517887425, 0.10553453581330056, 0.5732305662240833, 0.4971299860626459, 1.1294945789971584, 0.6766455427166962, 0.28917085006833076, 0.2722269773838066, 0.19059236899373078, 0.44775347504764795, 0.2516328351365195, 0.3082289800489283, 0.29677251260727644, 0.1752973687524597, 0.16674592404160649, 0.6287687371853584, 0.7643840415846734, 0.28117684909763435, 0.3218233697116375, 0.17583301632909015, 0.30058432184159756, 0.19552563074976206, 0.29171281289309264, 0.707118422879527, 0.30790908720699095, 0.22472107186331414, 0.23026422584163292, 0.31626677637298906, 0.36614846246260585, 0.15653884211289032, 0.48721616707431775, 0.17549002931142846, 0.27371541410684586, 0.08920148278897007, 0.23715062656750283, 0.10774316467965642, 0.3812123063813757, 0.23862453550100327, 0.1954057328402996, 0.48743864798194003, 0.10800278082800409, 0.0975573855297019, 0.40620228630446253, 0.32943442944023343, 0.27555219235795514, 0.19190719193041636, 0.38244175125534335, 0.07908129977295175, 0.2692255254714163, 0.27129996392048067, 0.06627288918631773, 0.05382446956355125, 1.0185091835446656, 0.6126790340199615, 0.05170281669901063, 0.39477378169469757, 0.29669978292752996, 0.2868601963682859, 0.2021096911565918, 0.6713320151902735, 0.7672316189855337, 0.05593157216450588, 0.3877680535827364, 0.5054875969556937, 0.5398520807977076, 0.2944527025024096, 0.18247702087586126, 0.7063956432975829, 0.351750803434036, 0.3072524261919575, 0.06436338842225571, 0.5897268541157246, 0.10042095690344771, 0.06717026391480532, 0.4078007580801135, 0.2786729776610931, 0.25430099045236904, 0.28151199883884853, 0.3681334183999786, 0.30036403276026247, 0.34800638637884895, 0.23169008559650844, 0.346979570057657, 0.32005747601527856, 0.33992616719368735, 0.23948813863098622, 0.44063616811763495, 0.3691217184932244, 0.2702082693576813, 0.3069936294729511, 0.12846583452386162, 0.40271653624420817, 0.24716062715484036, 0.29889860284273273, 0.17966735019193342, 0.31985490976108444, 0.30589621475276846, 0.25670541618019344, 0.25572815173793406, 0.16764271064894273, 0.27795630622034273, 0.4458577276340553, 0.3790419902652502, 0.3299019135850132, 0.22473025011519593, 0.49475336329390607, 0.2858270453289151, 0.37322910792297787, 0.3248502012680877, 0.2861348080828234, 0.36531867445619015, 0.26080837349096936, 0.26774732715317184, 0.2871338810978664, 0.2112125957177745, 0.32692299969494343, 0.3462077570458253, 0.27445665739535813, 0.1528921575906376, 0.27858256043068, 0.31801717657418477, 0.389925556728572, 0.23180188259316814, 0.3504307071367899, 0.3699204957733552, 0.24700056156143546, 0.2221367598718239, 0.18534392358528243, 0.2688520573493507, 0.5370401594449173, 0.28128675566542716, 0.4991832453418862, 0.47814061989386875]
2025-11-14 16:55:05 - fedex - INFO - loss data:
2025-11-14 16:55:05 - fedex - INFO - [0.4590173296977781, 0.08482840536938359, 0.20662493819577826, 0.45998914498421883, 0.5483390837907791, 0.47278452292084694, 0.6974086571823467, 0.47227013123532136, 0.4303329847753048, 0.468205952750785, 0.2537491382427106, 0.47219961881637573, 0.3311788804149107, 0.341486201608657, 0.45671962946653366, 0.2263436072942568, 0.5108122136443853, 0.3514048307099276, 0.36917538195848465, 1.3182219845512009, 0.2808909894582549, 0.23849762970106286, 0.28006928585333907, 0.38415423035621643, 0.21465420284981113, 0.7956972053119292, 0.31209833108716545, 0.40510133535615983, 0.3760692830241862, 0.26813275690767024, 0.2800303945938746, 0.3197101182692374, 0.5649806028231978, 0.1749853280489333, 0.35560101229283547, 0.2975925993440407, 0.39427982346997376, 0.7733602216467261, 0.055080175916373264, 0.8642243109643459, 0.36433384443322814, 0.14632954811677337, 0.24528493272761503, 0.3037217809197803, 0.2688147848405476, 0.3148268675262278, 0.3138479216112977, 0.20627570791596858, 0.34506317431276495, 0.39913885957664913, 0.2935034662839912, 0.303593454675542, 0.18961633142122689, 0.3854949105530977, 0.37047467429656533, 0.2833330776010241, 0.2172503018768371, 0.26674789669258253, 0.37820747743050254, 0.1536281923763454, 0.28910633708830136, 0.23259649286046624, 0.32327916358146025, 0.2065341719263057, 0.555600202207764, 0.370579523877019, 0.23397242898742357, 0.29573373087718113, 0.11845061773783527, 0.6290658589762946, 0.45383310690522194, 0.9251913478146889, 0.5289615577175504, 0.3037220318801701, 0.28886365464755465, 0.22140199021391926, 0.4119563037529588, 0.2704377995390031, 0.3029787973745745, 0.27189748361706734, 0.2087188959121704, 0.1904017183696851, 0.5770755445652563, 0.8362218436031115, 0.3002417289439715, 0.24072564765810966, 0.1825334251496113, 0.37817967949169023, 0.2101589437574148, 0.29900620905682446, 0.7946881968528032, 0.33113188848254227, 0.31486497656442225, 0.2525833019365867, 0.2932603769004345, 0.3578845889618, 0.16442166228911706, 0.6451295216878256, 0.23825755090053594, 0.2763288140917818, 0.10899284357825915, 0.23807235124210516, 0.12014110128705699, 0.4255834486749437, 0.2840689532458782, 0.2392355091869831, 0.5617887604102079, 0.11653446812027445, 0.05811041252066692, 0.3683863181088652, 0.33892183532869374, 0.2904399574078895, 0.15479122557978067, 0.44582964746902387, 0.06878187257098034, 0.2598392132721427, 0.285948805966311, 0.07119440768534939, 0.05834167587777806, 0.8797655195812695, 0.5484686571145148, 0.05499542801408097, 0.38554766061856893, 0.29187776219814715, 0.2915999130345881, 0.19291060152722314, 0.6483202748931944, 0.7651494573801756, 0.06110790875391103, 0.3790100139403154, 0.5253332048968231, 0.5277696841016963, 0.29743783794757395, 0.18464490156620741, 0.8747235089540482, 0.3243221613493833, 0.27612845439256894, 0.06319261939885716, 0.4996065115556121, 0.11632606000639498, 0.07769098782187535, 0.37894339402694077, 0.2900368594047096, 0.2265308666974306, 0.3360454137954447, 0.3881632325549921, 0.2978026319295168, 0.2989981886413362, 0.23536207816667026, 0.2921299346619182, 0.3115356434309096, 0.2943445610051805, 0.2761695088818669, 0.36574703158112243, 0.3297739938726203, 0.15622065775096416, 0.2714848887175322, 0.12485604593530297, 0.41741957007484004, 0.25152658737368055, 0.30301483529447404, 0.23687174612035353, 0.35897581678416046, 0.22861201176419854, 0.280598814971745, 0.26493537204251405, 0.1865779939107597, 0.3655333623600503, 0.43635763387594906, 0.5482468797514836, 0.3239273311836379, 0.22695039849107462, 0.3723930513486266, 0.32347067111238303, 0.3753595518776112, 0.32387836187174823, 0.3235697277166225, 0.33400937266371866, 0.247577919314305, 0.2916249760559627, 0.37268509053521687, 0.22241529718869263, 0.2939865923176209, 0.3386243559213148, 0.2833349534443447, 0.15195823678125936, 0.275640972579519, 0.26578445289106595, 0.20164660204110468, 0.24366149525084194, 0.2822373817088427, 0.3297424984474977, 0.2576747460601231, 0.23242446304195458, 0.19403393705272012, 0.2734940812267639, 0.46011568876830017, 0.2737752376272092, 0.540452166037126, 0.426590226093928]
2025-11-22 03:25:48 - fedex - INFO - loss data:
2025-11-22 03:25:48 - fedex - INFO - [0.6856425659287544, 0.562107419098417, 0.7310288343578577, 0.638582302712732, 1.232300005108118, 0.4219822749821469, 2.6272458019638076, 1.7616694920829366, 0.5967297700331324, 0.7964343491520804, 0.4258544447698764, 0.3830853023876747, 0.3340690961728493, 1.7069570808660222, 0.33630771803713977, 0.14959120371495374, 1.2501406025673663, 0.2165881934675521, 0.3016478081815876, 1.470796109215231, 1.2706320136785507, 0.38842285666841136, 0.982795701411179, 0.3616528791339638, 0.39992115913075393, 0.5190770771753574, 0.44172904789447787, 0.6069455772471701, 0.36602982519863747, 0.35022352620959285, 0.13458469565860773, 0.9645370654761791, 0.05192639922296318, 0.4765493268413203, 1.1908526002828563, 0.25506900923830333, 0.2981316309016293, 0.21208177600055933, 0.39128269379136044, 0.3797627240419388, 0.3733271705607573, 0.2461056812567105, 0.36157028971550365, 0.27401390901703604, 0.48174284512797994, 0.3154157059267163, 0.5576426381245255, 0.3154283411401723, 0.22801976185292006, 0.2011812430279391, 0.3099278389431891, 0.28252724039235283, 0.2062585388987579, 0.42564781143196995, 0.4758613891899586, 0.3342990133135269, 0.24465084203208487, 0.24806365013743442, 0.37011655974201857, 0.2891618436557196, 0.20013371800782923, 0.37747202694623005, 0.5582538065057071, 0.3231174607362066, 0.2036494705826044, 0.35008165677743297, 0.24406994711607694, 0.1973869888302447, 0.22317590265391538, 0.18708875096770217, 0.3462441114149988, 0.16075337259098887, 0.3170351717687611, 0.4976209603966429, 0.3539339122362435, 0.2988117060158402, 0.26072573940668786, 0.2606688008897684, 0.30065331562202324, 0.24843447331693913, 0.18687471297605607, 0.3012164063751698, 0.38379863668233155, 0.27624039854854343, 0.9007981918985024, 0.30917994846545516, 0.2640849631279707, 0.2598435472150763, 0.45019929323877605, 0.5054529373889666, 0.1826756205720206, 0.20078383101287134, 0.5469757658739884, 0.2123722391203046, 0.24176090364122674, 0.15985533615844522, 0.16787494462914765, 0.3834594295255374, 0.44172532031578676, 0.16141878099491197, 0.20545867188290381, 0.29633650378811927, 0.29122559209664667, 0.45822715839104994, 0.03261765423909917, 0.3581170712132007, 0.2410624147614553, 0.4539270823200544, 0.08573094365392955, 1.1554102420806884, 0.24563747273004127, 0.144678434619941, 0.196138000942301, 0.27719575069844726, 0.33340774097612924, 0.24573070242897505, 0.281791079385827, 0.2022461973829195, 0.19010757927317173, 0.2847408093232662, 0.21624250838668863, 0.2832338012134035, 0.1860990265539537, 0.424294500068451, 0.3813896179199219, 0.1639604605607187, 0.6807224107906222, 0.25344215627911504, 0.1977861284024336, 0.5797690163765634, 0.2639930183067918, 0.3560506806427997, 0.3540533929176274, 0.13785026607705125, 0.4661839942314795, 0.23199568784521546, 0.7705882372728621, 0.5620500999724581, 0.09015075803994058, 0.9409017353540374, 0.4525659510067531, 0.16696622953750193, 0.3290559675902701, 0.24564678133243606, 0.28215097946425277, 0.3911091741849071, 0.5764662422984839, 0.15586820485037087, 1.2404918680411008, 0.45961692144296, 0.35770889176499276, 0.24609996708420415, 0.35835109723155345, 0.4062311973888427, 0.313273249194026, 0.46557670769592124, 0.0955958361631598, 0.6016474056021812, 0.3807030648791364, 0.4272376954894174, 0.39911022565017146, 0.3122773491537594, 0.30426233261823654, 0.351608756929636, 0.42599598318338394, 0.1783722597583719, 0.3509507612990481, 0.332973380262653, 0.14636999708063042, 0.5452461971972997, 0.2645203968385855, 0.225472443249254, 0.38513782496253646, 0.315710150046008, 0.17694899275934753, 0.25575294034622076, 0.11471595857602855, 1.1641805336863869, 0.3708516218965607, 0.06729063285419193, 1.1978245642954217, 1.553887345469915, 0.8283868035695587, 0.6665074037015438, 0.14194333692081273, 0.5811432709503506, 0.39221044774995084, 0.525081035370628, 0.5992773631587625, 0.5272149686546375, 0.12051725250979264, 0.5171109083681725, 0.35703350101701087, 0.3603882431769027, 0.07752119470101138, 0.1671006376078973, 0.21720598967125018, 0.5354433184223516, 0.10704232594280533, 0.09799387337019046]
2025-11-22 05:41:09 - fedex - INFO - loss data:
2025-11-22 05:41:09 - fedex - INFO - [0.48077150185902917, 0.7115700803019784, 0.6689557013186542, 0.6040980296416415, 0.5709477954854568, 0.41507936198434797, 0.4440492609412306, 0.4422804066645248, 0.5206918584844697, 0.5423255568426666, 0.4408932982865349, 0.31864550726375346, 0.48176329187823064, 0.380052741677759, 0.44117617616508187, 0.20954483134584623, 0.462170842414101, 0.3751308742600183, 0.36334621218991453, 0.35555428070167605, 0.3831110295446162, 0.10006430690797666, 0.5170640550052918, 0.35190090404228414, 0.2989065854883008, 0.5093774855523915, 0.3346473366444187, 0.07881891283129032, 0.47742988139089915, 0.4454913092777133, 0.312577619527777, 0.33391860463535006, 0.4026948987122844, 0.20002502969065164, 0.5189635214706262, 0.29927730557068977, 0.6987239643931389, 0.31070060764128965, 0.3480849704338294, 0.3558177587886652, 0.2693581134880434, 0.3204488268122077, 0.22649029730301762, 0.3530809359229875, 0.3560852947245751, 0.16436902622083893, 0.3672073789671736, 0.3156623623293379, 0.3265595640987158, 0.2693839151101808, 0.08000101175275631, 0.04129525719003545, 0.4645572379231453, 0.3447811697861032, 0.3223043436273223, 0.3423280979077967, 0.2342256825754716, 0.5156087384869655, 0.3281612088282903, 0.44877644108880005, 0.1943872633112025, 0.33657468360745246, 0.2351939040882927, 0.36393389040604235, 0.3113422543697414, 0.16622121986644023, 0.218402292974855, 0.23314175231658452, 0.3769777206910981, 0.2772317204461602, 0.36455258944382274, 0.15807852383767224, 0.34482594366584507, 0.23405869279263747, 0.29344431754379047, 0.2751462254802593, 0.036103259975789115, 0.3048243838879797, 0.3028170020125099, 0.20778913490651787, 0.3599868542575217, 0.2965095175008866, 0.23531991407613864, 0.23024549630160132, 0.6092573349372039, 0.2832829260755153, 0.4922334495931864, 0.30505431306858855, 0.26281035421286814, 0.4932174001199504, 0.2781883266280351, 0.32658807655412053, 0.29747397346155985, 0.30542205753070967, 0.25555148436381336, 0.23795132640128333, 0.25104800458538573, 0.22659024155662194, 0.24295050476988156, 0.25491164930591825, 0.14570466253970718, 0.322303309229513, 0.27080529558912125, 0.3178554492071271, 0.2808989037021801, 0.2072734860703349, 0.22096583684906362, 0.3032890779099294, 0.1526531965471804, 0.3964975868041316, 0.40190104171363866, 0.29121433012923703, 0.15407413611245624, 0.2866352469495991, 0.27591866279641786, 0.35038915536521625, 0.360617448495967, 0.36932533844534693, 0.4063662716320583, 0.2993481899276863, 0.2403613907638295, 0.3388773101485438, 0.27534084420151794, 0.28884680146839525, 0.29329751401263127, 0.26462812374035516, 0.24351724150280157, 0.3223212682995303, 0.2762770037211123, 0.24870625670467103, 0.25357094529040514, 0.10211622021743097, 0.8471536162085779, 0.26245941251279814, 0.22355563412390017, 0.2234394576144861, 0.38258523121476173, 0.33033176537913583, 0.5959837079669038, 0.28331385965326006, 0.31462285496915376, 0.23052400384719174, 0.3363134967577126, 0.2759890339233809, 0.2453400809007386, 0.24502871757071443, 0.5787157949370643, 0.3440241622699409, 0.42989081437034266, 0.2064638313493647, 0.5712579814281319, 0.23732955945980927, 0.2527979800932813, 0.22343731940620476, 0.2492826148924051, 0.2736107746574592, 0.3117081523562471, 0.26575947862325444, 0.2719512368241946, 0.26109733638332233, 0.2929204877052042, 0.3817897942331102, 0.26520683906144565, 0.25841899896405784, 0.25843680330685204, 0.24652558630880186, 0.2778581782088925, 0.24393647399077983, 0.2957583162933588, 0.27759573099757334, 0.23098385189142492, 0.2421478826020445, 0.2720678177803303, 0.2928742817706532, 0.32050137114193705, 0.3081103712320328, 0.312284627618889, 0.271919192339497, 0.17372310331298246, 0.404600393337508, 0.3083689025499754, 0.3413325436413288, 0.3268236664048899, 0.12915176525712013, 0.4591929905116558, 0.2311481839844159, 0.14757853509480012, 0.38068419101958473, 0.21440403792593213, 0.23909461839745444, 0.39521361639102304, 0.34690875899280615, 0.28039617779561216, 0.29459914979007507, 0.29621817934371175, 0.2824096193071455, 0.3128748066723347, 0.3056341171264648, 0.2704000821361294, 0.3163443530599276]
2025-11-22 07:58:55 - fedex - INFO - loss data:
2025-11-22 07:58:55 - fedex - INFO - [0.4317930897076925, 0.5825066299488147, 0.364908294690152, 1.1605561524629593, 0.5974710406735539, 0.5401671062372312, 0.42518436710039775, 0.4488957740147324, 0.3831139236688614, 0.27531655653464526, 0.08417575157363899, 0.5946903917051497, 0.8425570222774916, 0.3537095232888879, 0.24684802940464579, 0.48227347458402314, 0.20959150384772907, 0.12871685600839555, 0.32078075855970384, 0.38597078883931746, 0.31984114988396567, 0.6188678608586391, 0.510969657699267, 0.3045718169771135, 0.45866133320938657, 0.13236530278386038, 0.34818707235778373, 0.5125479422842285, 0.275609365850687, 0.23678521907211028, 0.3704018385760719, 0.39073411540852654, 0.31629036754990614, 0.23077311882269427, 0.21307335782718534, 0.3070379178851652, 0.2441303674442073, 0.2179327717065564, 0.7806533128023148, 0.3687010065186769, 0.353359322802585, 0.07997671632838319, 0.3239502012729645, 0.34263026347228637, 0.212937533684049, 0.18868653885279357, 0.2835473483428359, 0.22209560561600622, 0.2991365039188947, 0.2755938835625508, 0.2492716269567609, 0.35869085118174554, 0.34614699364950263, 0.21960476087406278, 0.34782010777336025, 0.3171411783790544, 0.3743246543620314, 0.620344060114943, 0.21554130032078925, 0.4156977892017517, 0.28000569127034397, 0.2708031555962269, 0.10258506396785377, 0.20617482656509512, 0.2914920749453207, 0.5052870899877128, 0.3506258215426522, 0.31561517257553834, 0.33596888578710304, 0.13360381142052713, 0.6032360224053264, 0.09921150306463226, 1.0452592447400093, 0.40163990893425083, 0.21228660261743548, 0.0659400117344679, 0.5492968470953843, 0.23145747481224438, 0.2914503216743469, 0.28254866042156135, 0.462203640739123, 0.09724647838791663, 0.6893281672615558, 0.26334324420447675, 0.37878480629490996, 0.30254417495258773, 0.3222660680767149, 0.21282990857087053, 0.2801571867295674, 0.31515130354091525, 0.2468677499730672, 0.14669145446581144, 0.5232485321953017, 0.2643791413245102, 0.3413228382246898, 0.3561462736378114, 0.3055079626141205, 0.4242083003744483, 0.2518172525110896, 0.32720676201653376, 0.32563013207310665, 0.28652114976818366, 0.3438456282915118, 0.2929077735170722, 0.22936832053842499, 0.15202741903873782, 0.30567371218719264, 0.363076368579641, 0.2951529601677543, 0.33375005947337266, 0.3042389406667402, 0.3217242805170827, 0.5794916856568306, 0.3234342256827014, 0.5441281644627451, 0.3398908779158124, 0.24360447692183348, 0.3139949593483014, 0.11921145343585522, 0.24976246184605072, 0.3514980510342866, 0.2566982964335969, 0.2881067157449091, 0.29981846184957595, 0.2843881180989697, 0.2943788925944655, 0.27107739605319997, 0.27003367643919773, 0.2409084066748619, 0.2627549013122916, 0.32281454484705085, 0.20156737790384793, 0.37753104432929485, 0.18172249477356672, 0.3430433028510639, 0.34865772783135374, 0.2036802711699045, 0.19267286758986302, 0.08348589750768787, 0.10290588843994417, 0.5763166875888904, 0.18390650413930415, 0.27361157660683, 0.5125446319814121, 0.1942692852837758, 0.46270427769715233, 0.19803512062256534, 0.3026859801358137, 0.33842212988861975, 0.1448156797171881, 0.31706788114217277, 0.2461681882113529, 1.628845357626657, 0.7328373610973358, 0.2958215767992478, 0.40769335365113923, 0.215255113861834, 0.23634560320836803, 0.27758274680624406, 0.4179317392408848, 0.2985465744199852, 0.2567518247291446, 0.29493902113643433, 0.3112454809576135, 0.2863362729549408, 0.24326418203703476, 0.14011830246696869, 0.6604189053177834, 0.3628362611520524, 0.19464535685256124, 0.3902054990952214, 0.2857006399348999, 0.40667611290700734, 0.34520769943039686, 0.32806634698063136, 0.3568369843331831, 0.3412392166044031, 0.2247002075633241, 0.6850310887986173, 0.8171667541651165, 0.302257115333615, 0.3439456217137038, 0.3045315885295471, 0.2217897521952788, 0.23205087948590516, 0.32495523037921104, 0.21428264011355008, 0.33746660710312426, 0.7000537216663361, 0.31283098752968586, 0.4175868332386017, 0.6661984196139706, 0.394126248466117, 0.3453202200367481, 0.365484070032835, 0.344820226294299, 0.3407776081313689, 0.5751960976714534, 0.31246099350530476, 0.2880234802258201]
2025-11-25 17:39:30 - fedex - INFO - loss data:
2025-11-25 17:39:30 - fedex - INFO - [0.6847162597236179, 0.558798395221432, 0.7396513887991508, 0.6412380990054872, 0.9634528264403344, 0.4071614467538893, 2.206483134096359, 1.7710475336228098, 0.6552753950158755, 1.6135223536828283, 0.5353296526840755, 0.409303075944384, 0.37059282325208187, 1.7688842841464345, 0.3875434319178263, 0.15770448897965253, 1.1360598392784595, 0.2736114252455901, 0.28873169085709377, 1.3780814033070317, 1.162416220176965, 0.30545176714400035, 0.7157987633456488, 0.3367181959776924, 0.42837601523846386, 0.5792405360511371, 0.4454226242999236, 0.5463081445691124, 0.37431271049270637, 0.36636378445973, 0.14014287520319957, 0.9803509004414082, 0.05577671269963806, 0.42044165384556564, 1.1272027250379324, 0.2818076320048959, 0.3033223615547356, 0.2574126631952822, 0.4049973340656656, 0.3932376727461815, 0.38356051358083887, 0.26739652301796757, 0.36030299244448544, 0.2754714671750945, 0.562598550270001, 0.3321445822094877, 0.5683616050208609, 0.33770605416170185, 0.24002894495303434, 0.22169048473571135, 0.3162970615196086, 0.29453264015416303, 0.20554849306460132, 0.4461004443998848, 0.4702860750257969, 0.35614685683200753, 0.2592799197882414, 0.25221112395326295, 0.37772207031957805, 0.3403567019672621, 0.2137252219569069, 0.3693086720092059, 0.6539717341462772, 0.36234252610731693, 0.26018877304159105, 0.33602029659918375, 0.25830466458573936, 0.2027456172895813, 0.24315775749989998, 0.2221747170238254, 0.3546300230547786, 0.16358844128747782, 0.34033990036030964, 0.5020527346561161, 0.3768096899148077, 0.32511960420136654, 0.29019260140401976, 0.26503426713457745, 0.3391514514883359, 0.2729890264393318, 0.21886002042932282, 0.3215224215760827, 0.37629781719297173, 0.322533668205142, 0.9913926451958509, 0.3339360395801209, 0.28436622650672994, 0.2908189592029279, 0.49394987896084785, 0.5461831595185775, 0.19045487617452939, 0.2247865321308685, 0.6197972803066174, 0.23552528647705911, 0.2854532996148226, 0.17204246815241925, 0.19683663733303547, 0.42528770053060727, 0.49616551629844163, 0.17165170252944034, 0.2269031108977894, 0.3321068347099104, 0.323683339903752, 0.4553165063261986, 0.039993833561311476, 0.4225840335711837, 0.28907904410291285, 0.47711752355098724, 0.08820928300372682, 1.1831877931952477, 0.3000369648604343, 0.18082238612235985, 0.21623783578430966, 0.31483428926207124, 0.357300481987851, 0.29559805073464906, 0.31527685665059835, 0.26527308858931065, 0.22205470061550536, 0.3286394669953734, 0.2585481377846251, 0.31934122359823613, 0.2195592111752679, 0.49173182039521635, 0.41325244307518005, 0.18989252125396608, 0.7212269539013505, 0.3157434689977817, 0.20349246862211398, 0.6230139136314392, 0.30835625529289246, 0.4020754260617116, 0.3703378517003286, 0.13650566603095893, 0.4629619081637689, 0.28622586252288773, 0.7552292894404858, 0.5886342894463312, 0.1054958394721437, 0.93546255285896, 0.506623745762876, 0.18597153044926623, 0.38975746215822604, 0.2839649493584321, 0.3180752063790957, 0.40004781086164976, 0.557739871069789, 0.1914391740582817, 1.4931755800332343, 0.4740279101367508, 0.4072210859684717, 0.2711943170552452, 0.3890246362203643, 0.4066586018074304, 0.3312998488545418, 0.47446822188794613, 0.10546603218906304, 0.6464559234392184, 0.3667446487982358, 0.4557495177638802, 0.4168152314766, 0.35979255686768075, 0.345479113360246, 0.36040676695605117, 0.4972433059165875, 0.19539928505872634, 0.44981591068651705, 0.3749603473891815, 0.16152034721408898, 0.6154209255025938, 0.31597703781156317, 0.3005535069498278, 0.40155019114414847, 0.33536359842334473, 0.21747070610021743, 0.30537233251102625, 0.12555588820949198, 1.1923542501737499, 0.44421759230241953, 0.08418466772836371, 1.2199067822165255, 1.5588901891158178, 0.881126679874097, 0.7990549200773239, 0.14172854168340565, 0.6340385549805231, 0.4644861192173428, 0.6482432534297308, 0.715460182699774, 0.6221702470599364, 0.13722391258925198, 0.5244795083068311, 0.4096892075613141, 0.3917837573501926, 0.08523615437631424, 0.2059441062156111, 0.25782456119389585, 0.5697872925017562, 0.12250422920580165, 0.1144294117266933]
2025-11-25 19:16:55 - fedex - INFO - loss data:
2025-11-25 19:16:55 - fedex - INFO - [0.4944414765470558, 0.7177566623145883, 0.6831440153447064, 0.6035270529488722, 0.5990560648755895, 0.4638028655968168, 0.6292171769051089, 0.47984721870826824, 0.5753917108545418, 0.5994645541138721, 0.5330267386973057, 0.3773050533833377, 0.5488391375225601, 0.45363413147473086, 0.5072829274445021, 0.24301398150762007, 0.543967514919738, 0.4365208921954036, 0.4098306298687838, 0.4122865744155323, 0.42707231210514823, 0.10791711053397092, 0.5602706331728387, 0.39398959952975726, 0.31696112311736496, 0.5759433402933858, 0.36450414288917493, 0.08899345404158036, 0.5156482379093315, 0.4702141607801119, 0.3409961670016249, 0.3914863076398446, 0.45267338481019526, 0.22169931460909237, 0.5560509691635768, 0.31592242792895475, 0.8214935064315796, 0.3238063676593204, 0.3876120245479273, 0.38267731505135694, 0.3204795282857958, 0.3634822589034835, 0.26155780863741207, 0.3848358195387956, 0.3675563558936119, 0.17929388661297943, 0.3811437750765536, 0.35452850616496545, 0.3712908122688532, 0.30056161458293595, 0.09780678301532236, 0.055946322028628655, 0.5050419090049607, 0.3857400412597354, 0.3712578748929359, 0.3603751382435716, 0.24786452653115965, 0.5198820270597935, 0.36533539320031805, 0.4694433935688317, 0.23042364805264193, 0.3769422781446742, 0.2737209411182751, 0.43767043985426424, 0.3645479906172979, 0.19281735443991832, 0.25079777865626274, 0.2598883506752173, 0.4044624726805422, 0.3231036597403927, 0.41100817372401555, 0.18675296650878315, 0.39393485497151104, 0.28138868763215014, 0.3485635663604453, 0.3248658521463059, 0.05320765589001692, 0.3493863084870908, 0.3349281786839761, 0.2461115990426142, 0.41726154940468924, 0.3089466120545117, 0.2575411109423096, 0.2513462994247675, 0.6353342251374735, 0.3133268177509308, 0.5129076230029265, 0.33557270740469297, 0.29516334372132813, 0.6067496775649488, 0.3153096449804371, 0.3519849658958496, 0.3796155966286148, 0.3323519607739789, 0.30137198704490464, 0.291565826576617, 0.30318867233424374, 0.26091439915467907, 0.2919161392375827, 0.31154337417879124, 0.1780911335272008, 0.37726005737980206, 0.3018399411553724, 0.35705646276474, 0.34848124475835207, 0.2623809658523117, 0.24256448994080226, 0.3572089853813919, 0.1933350855484605, 0.43850918700918556, 0.4368132630524125, 0.33656158746291953, 0.19946435674439789, 0.3401210292096377, 0.3081241361796856, 0.3703331442601565, 0.40783321825521335, 0.4262521295198079, 0.44252663877393517, 0.3478141587738897, 0.28698995383991593, 0.3955655965126223, 0.2990938811468473, 0.33884078778206983, 0.3509901201900314, 0.31922628718117874, 0.2953585489653051, 0.37671113060466177, 0.3311367078906014, 0.2861554278060794, 0.3024030244864878, 0.11444831318998089, 0.7586075514014058, 0.32488539649380577, 0.2533621971420883, 0.2750866597134839, 0.45082777589559553, 0.35924023563663166, 0.6845940615360936, 0.34036187845326604, 0.37212712798888486, 0.2775176820966105, 0.3855897177838617, 0.32439648161331813, 0.28881803881376983, 0.3237239546526497, 0.6424241590313613, 0.45544204942318567, 0.45123732989387855, 0.24072394419151047, 0.6403696817674355, 0.2739752016902443, 0.3016731538020935, 0.29460645135906005, 0.30590951998689864, 0.34611527566108613, 0.35481764090557893, 0.30516865913652713, 0.36814372183548083, 0.30345113779386057, 0.33089417542020483, 0.45255481973290446, 0.29402818282445276, 0.32642314964722774, 0.30391986747937544, 0.2917132751946462, 0.3325203594027294, 0.3099422579277949, 0.3191143299142519, 0.34893407701861623, 0.27088239243775036, 0.2941332034589279, 0.3238739268910704, 0.33604612118668026, 0.3673280624879731, 0.3571241519280842, 0.38094890111436447, 0.30756104733238276, 0.1937013222111596, 0.4433284726821714, 0.37830491260521937, 0.3759901560842991, 0.3762693149690655, 0.16667508023480576, 0.4907965868711472, 0.27217852899006434, 0.18272239949654118, 0.45010755670567354, 0.22964958482318454, 0.29157298399756354, 0.46542158464176786, 0.4113421181333814, 0.31242063776072526, 0.3249703596035639, 0.3358099257484788, 0.35420596987629926, 0.3702333467702071, 0.3681320630013943, 0.3448543211372642, 0.37664462861915426]
2025-11-25 20:48:16 - fedex - INFO - loss data:
2025-11-25 20:48:16 - fedex - INFO - [0.42549022858341534, 0.6078105680644512, 0.35897441841661926, 0.8135875812731683, 0.6205120272934437, 0.6398186225350164, 0.6813457332551479, 0.4575431175603002, 0.43684611494342485, 0.3445235838210492, 0.09818051531910896, 0.6195299015158698, 1.0040014521642164, 0.40915434279789525, 0.296722615409332, 0.5987968609668315, 0.40461738932539115, 0.11632649647071958, 0.3837591122214993, 0.4366791849512429, 0.3529870089143515, 0.5825896630141263, 0.5147981138279041, 0.3458587170977677, 0.4684686300482739, 0.16312789432691222, 0.39062533287021023, 0.6617662364883082, 0.29668826333557563, 0.2982990594411438, 0.34302009808431777, 0.4443404439974714, 0.36093601305037737, 0.3260760915324543, 0.19536716417836336, 0.31948891907739335, 0.26708778260896604, 0.23724305112455432, 0.7746052093803882, 0.3927304626935545, 0.36597214734536554, 0.09766641701571643, 0.35283643069366616, 0.35969180101528764, 0.228749750927953, 0.3310119911435653, 0.3075553120890011, 0.27588114087667426, 0.3017503046652391, 0.3042939673742336, 0.25696143669386706, 0.35151951232304174, 0.42638599034398794, 0.24452174200365942, 0.38460891911139095, 0.7409740142962512, 0.39165507079589934, 0.3616387857697331, 0.2486849676837058, 0.44184809904067945, 0.31324518496791526, 0.2911322480067611, 0.10787883503362536, 0.2214532569249126, 0.32776429944982133, 0.386951847549747, 0.37614710230161164, 0.34683916438370943, 0.44936902388387046, 0.17413533910968487, 0.5299432193860412, 0.11042069248039461, 1.2344079843411842, 0.47093222323709577, 0.25736070409426853, 0.12343030279322799, 0.6145231562502245, 0.26038251438488563, 0.32507259227956337, 0.3254780305649939, 0.49062491233150163, 0.12505019770257852, 0.5401485356812676, 0.2760975904619465, 0.46232683934892216, 0.3630707808304578, 0.3547587674111128, 0.2284365686045502, 0.3040516154219707, 0.3424979346804321, 0.2771001336209121, 0.18805289876957734, 0.5999086516306681, 0.3084152349581321, 0.36389838303713234, 0.4069814946502447, 0.3435300011631279, 0.47709212961296243, 0.2818364812242281, 0.3615066007333595, 0.34869208426859516, 0.32138891459132235, 0.3661591046704696, 0.32863221783190966, 0.28457388763005537, 0.1880478713816653, 0.3558168120135169, 0.42432120915812754, 0.3224282246526508, 0.38886214251674356, 0.32237997852886713, 0.3884705486241728, 0.5934602292254567, 0.3309689177133675, 0.8282672566672167, 0.3555674959373261, 0.2765646046743943, 0.3652031582908011, 0.15875109963526482, 0.3598898805566233, 0.40391310257837176, 0.30193678797646, 0.34887332494509704, 0.36855190619826317, 0.3553113094672109, 0.33461722009297873, 0.3045477540853123, 0.5351380286738276, 0.2793889840443929, 0.27332113054580986, 0.38757797213946726, 0.25128552337603954, 0.4297510842083111, 0.23355873681915304, 0.3971956196640219, 0.36078506180395686, 0.23960242471234366, 0.22773697386837738, 0.09793237028220161, 0.11605976393732888, 0.7846948287139337, 0.16043114047497511, 0.3367275901449224, 0.2587138989008963, 0.22165317166838105, 0.5652975243117129, 0.2777678193610713, 0.34809950755861324, 0.3950561637679736, 0.17951236857722203, 0.6147031407317092, 0.2587960184251036, 1.4740681538552356, 0.751711350431045, 0.362326957431494, 0.4644099707595813, 0.2728661831934005, 0.3083215788162003, 0.31924088426555197, 0.4239368177950382, 0.3332501188851893, 0.31867914288304744, 0.35480288855199305, 0.37526528052640734, 0.3373351055197418, 0.3043483576837781, 0.1772979541992148, 0.7245779755924429, 0.42534019495634473, 0.3170803213492036, 0.41226563307767117, 0.6173584992066026, 0.42117511958349496, 0.39761484874456765, 0.4070818591862917, 0.39993238928062574, 0.3567250770782786, 0.24247303951393673, 0.6879562144478163, 0.8630503166539996, 0.3778191611242244, 0.4483459042567833, 0.3897820337365071, 0.34109121408934395, 0.30307813802113137, 0.3813119139078827, 0.2747699069626191, 0.3895761844081183, 0.695541875064373, 0.3712277041795926, 0.6600809277966618, 0.34622713085910717, 0.4606028265186719, 0.38265445563904776, 0.4063379037947882, 0.3902284401158492, 0.3719918578863144, 0.41496433317661285, 0.3546152048566866, 0.4754907051101327]
2025-12-18 15:28:31 - fedex - INFO - loss data:
2025-12-18 15:28:31 - fedex - INFO - [0.6855442394812902, 0.5371966456994415, 0.6440426325425506, 0.4785611471343859, 1.026849726628926, 0.3605926667805761, 2.6635152778633313, 1.1709113701625349, 0.5099517424901326, 0.37393050443351966, 0.35277935350825496, 0.35932356044650077, 0.3138823887333274, 1.5687251928747477, 0.3350486100074791, 0.14596907659821834, 1.3694373809087734, 0.22244057916164495, 0.2900248851709572, 0.6169028751377482, 0.36133104690816253, 0.5144714613519253, 1.0223489004668622, 0.30490866637167835, 0.34472532533885286, 0.40009842573259125, 0.4203199084382504, 0.6367804563675039, 0.3437503357728322, 0.34595756232738495, 0.1386041566875671, 0.6381036192178726, 0.0600720192596782, 0.3717998838881133, 0.5333646086331171, 0.2858973670605337, 0.3014837830482672, 0.30367712199222296, 0.2956169994153942, 0.3584757251664996, 0.3357587994697193, 0.21024678554191872, 0.3206086542146901, 0.26783798350952565, 0.4079602245241404, 0.2972164361530708, 0.49160412928710384, 0.2628079117896656, 0.22832155700566042, 0.20298146360000827, 0.28241783631965517, 0.27969901120911045, 0.19963433412776793, 0.35625790072871105, 0.3953008461976424, 0.32686034515500073, 0.24902134745692212, 0.2632509675808251, 0.37410724185950434, 0.2757535865271671, 0.17625818200710153, 0.28988303030873336, 0.650864535321792, 0.3190429680049419, 0.21007845808441442, 0.3080544842052318, 0.23415733008490255, 0.1753986491530668, 0.20634014886648705, 0.17938742156062895, 0.29539695222629236, 0.15651395217476724, 0.24259056868867424, 0.3777185659700384, 0.24842470509465783, 0.24314131734427064, 0.2452833321924584, 0.1994397928675589, 0.19029780432630977, 0.2398333709842215, 0.17539029793685995, 0.26646077493205667, 0.3549752064152724, 0.22816265405466157, 1.1672376933690805, 0.27696986676504215, 0.23651358872238135, 0.30795065164760066, 0.3566235380584967, 0.3680278129520444, 0.1879378600201259, 0.1883305308482651, 0.5290924582630396, 0.1941658732946962, 0.23439320468654234, 0.15272939487670859, 0.1348379856790416, 0.33394553542214755, 0.4233192450319154, 0.15527565545441274, 0.2848572676545397, 0.25676156375557185, 0.24843235119090723, 0.345955072902143, 0.028091991447296343, 0.3432475519056122, 0.22527806505095216, 0.41761153005063534, 0.09112847304495517, 0.6794408546346757, 0.21895699622109532, 0.11267822946650155, 0.1787144765280223, 0.25969581777850786, 0.27974412058967923, 0.23046176455613665, 0.2525337427233656, 0.12729280414059757, 0.16110155079513788, 0.24674752953554466, 0.22916531378965982, 0.24550413583804453, 0.1776904357286791, 0.3214775002871951, 0.3517811391502619, 0.16183451911201702, 0.46630071783147287, 0.19996510024648162, 0.18607345429204758, 0.41656273932984245, 0.22902405634522438, 0.3508843160560987, 0.34763592295348644, 0.10262018581464266, 0.32710831399474827, 0.22257661502808332, 0.5472026754481096, 0.22304087180999063, 0.05781761898639767, 0.8473599401541436, 0.3013051226069885, 0.1490982157139418, 0.3248444001035144, 0.277674566495877, 0.29809153159925095, 0.38056834655192995, 0.49908186156923573, 0.1454985302800889, 0.9440458680192629, 0.34790377268934836, 0.24983721907513265, 0.2429809663134317, 0.3282144356518984, 0.3074135239960419, 0.24799559195525944, 0.5099146765423939, 0.09787250652101219, 0.49529104304189486, 0.35385937922235045, 0.3723174907887975, 0.3515079548271994, 0.3318921270625045, 0.25001249214013416, 0.3344824662587295, 0.4203400080092251, 0.17572365247954924, 0.29776922532667716, 0.3331187653510521, 0.12349289370807431, 0.49291566455115876, 0.2524065327520172, 0.18170535198102394, 0.3496109858776132, 0.30975423167415317, 0.1407580019440502, 0.22598534442561988, 0.1316064187170317, 1.0362320668207339, 0.3313680739297221, 0.06400465292390436, 1.128184645345363, 1.325813709696134, 0.7140020629779125, 0.4891378858437141, 0.16221011508799468, 0.5067480943220503, 0.37046435138155875, 0.4747990647796541, 0.5036358171387408, 0.45197857969130084, 0.14026158147801954, 0.4545295722523911, 0.3032457858173396, 0.3646509774766552, 0.09018867978981386, 0.13576884208014234, 0.2117723164303849, 0.5255936609847205, 0.10199118248031785, 0.11205567383919568]
2025-12-18 16:38:43 - fedex - INFO - loss data:
2025-12-18 16:38:43 - fedex - INFO - [0.4343445631059106, 0.679229716154057, 0.6525819244838896, 0.4942537675223624, 0.48250042473276455, 0.3274539160128269, 0.347085859768817, 0.35985725415118325, 0.44336729335288205, 0.44149938296704067, 0.37196427608529725, 0.29348562600734157, 0.4092483965845829, 0.32024654415070863, 0.40785218355938413, 0.20508921512454337, 0.4251609838257233, 0.1832087898065058, 0.3561119950622663, 0.33817219315540226, 0.34585992665517895, 0.07908112297494274, 0.4332166728164468, 0.34502917961126156, 0.2058466242374076, 0.39734479922446464, 0.2973259316712973, 0.0571273829907048, 0.40792252458631995, 0.2905357610434294, 0.3003337508695119, 0.3132819111418465, 0.34953094758093356, 0.16786464518772845, 0.3969372411997154, 0.2059227386424027, 0.42111071571707726, 0.2999225880795469, 0.3185719432961003, 0.31492348772784073, 0.21071048735048997, 0.32210255538423854, 0.19209048073195542, 0.3364132333014692, 0.3105423173461205, 0.16191011035439765, 0.2723413030231313, 0.29093324360370204, 0.26976887693129264, 0.24513600758897763, 0.06773103798828636, 0.038444135065623816, 0.3842720826371358, 0.33249375262696823, 0.32011047216991967, 0.2605011542377452, 0.23124926934639614, 0.45227116961841995, 0.3447818999317871, 0.2905188841726663, 0.21657783321182555, 0.31212056374734304, 0.1858130734112552, 0.3490794168578254, 0.28448375164029693, 0.1482813437934965, 0.16927166853217473, 0.20872557641950884, 0.3468769952654839, 0.2592352446479102, 0.30486987179664404, 0.15289547914871945, 0.31194413510652685, 0.19797296847941148, 0.2460411297138718, 0.1850251646430945, 0.023088200762573084, 0.28029668301977734, 0.27802782909323775, 0.17990220760246822, 0.2834875408846598, 0.20258149897637895, 0.16573739207482763, 0.1709831657252558, 0.4320137501245578, 0.2794734138551922, 0.5335246738201628, 0.29278227863512163, 0.19628942935475305, 0.4367928526674708, 0.24879513311510282, 0.29959056789410254, 0.2757548181606191, 0.24676329695752688, 0.24045328899685825, 0.2167765461666254, 0.21394668188512178, 0.20253827355153786, 0.24307279981051882, 0.22200231921105157, 0.15374243998279175, 0.29729699557111866, 0.2498922250505226, 0.2902748862281442, 0.22597179173802337, 0.16140276661668068, 0.21814549226934712, 0.26046354505233466, 0.08582057924941182, 0.4635688875698381, 0.40006036510458215, 0.23692193267246087, 0.15634146653316622, 0.26487077108273904, 0.2142293554123329, 0.32685778559777345, 0.3597563976724433, 0.3380862730244796, 0.2679086811124132, 0.27957555999358497, 0.25677465470507743, 0.2935684350008766, 0.24110424590200702, 0.23717884565038339, 0.2454922154610013, 0.23776146353532873, 0.23500386327505113, 0.3335166111588478, 0.22668211688998663, 0.1777105672428241, 0.22765345783416358, 0.08915059378050501, 0.5445816406466162, 0.1938345358323525, 0.17340646784141428, 0.22301075152742367, 0.279369062371552, 0.31694400728835415, 0.4048104356110528, 0.2602970164340849, 0.2644562345929444, 0.2484971022931859, 0.2913647209064684, 0.2512897640052769, 0.22854838414738576, 0.28204090452442565, 0.3970188127419747, 0.2231569196121433, 0.3031343616811293, 0.167327985064947, 0.4635462937669621, 0.18939295490839494, 0.26376982719327013, 0.1770110776692274, 0.2316191117412278, 0.20169579612445973, 0.2693715437160184, 0.2834968483696381, 0.08221287581448754, 0.3268329840774338, 0.3515066297052221, 0.35178381101124817, 0.22387016423630945, 0.2306450426713496, 0.19249331057685745, 0.18894597507481065, 0.2617265034777423, 0.2520101148635149, 0.2258013808775855, 0.23761904320369165, 0.2484561931859288, 0.19104991583989409, 0.25377482010849883, 0.29408794417977335, 0.3264784993189904, 0.23208639985666824, 0.27603645464360427, 0.23510402099539834, 0.098298770810167, 0.4639686848502606, 0.26955743164525947, 0.3210935420770612, 0.30731009912045526, 0.11104675960647904, 0.420260162888473, 0.19552072588927472, 0.147539574247511, 0.3848728584125638, 0.1604618771829539, 0.20209356526065853, 0.38938320136318605, 0.3182288932614028, 0.26353774825230125, 0.2736143519334933, 0.2594327572613764, 0.23333775794700434, 0.3045079373858042, 0.2806971280525128, 0.22049517916249378, 0.25208449078102907]
2025-12-18 17:38:22 - fedex - INFO - loss data:
2025-12-18 17:38:22 - fedex - INFO - [0.3625083909925036, 0.5548296800504129, 0.348231860419566, 0.6072623052944739, 0.4765482313930988, 0.4996650355557601, 0.29955690108343136, 0.4434779143243125, 0.3489164462623497, 0.2605012199001838, 0.10487770503990876, 0.5909937407289232, 0.4305712133610734, 0.2670823296662561, 0.21050366800960288, 0.40281662959088055, 0.23878186824378755, 0.11548374983895984, 0.2969084341078997, 0.3372479958149294, 0.27466999236494305, 0.6884494356442398, 0.3301473183654404, 0.26527618471217074, 0.42764692356189093, 0.11392305822863075, 0.3303140486901005, 0.42808377789934016, 0.27795857122788825, 0.1845294083627364, 0.3696853350556921, 0.3761447012424469, 0.2913452810918291, 0.16515639628280152, 0.15540857527351667, 0.2923280957651635, 0.2504110776508848, 0.1606527380124581, 0.5627262328563827, 0.3489402282983065, 0.3140335656877141, 0.07322668989088724, 0.29717395358408494, 0.29645429056383565, 0.1804447940370578, 0.2652485803065991, 0.21096224086359144, 0.1810284778881451, 0.2731564840900579, 0.16974854862201028, 0.20353685599384885, 0.24120303455274553, 0.23900905007806916, 0.21450031821926435, 0.3332932329426209, 0.3313405103127782, 0.33125688663373387, 0.29376743698803087, 0.19740642877901943, 0.3239099134877324, 0.24186419542723644, 0.20682234993049253, 0.09118597293838522, 0.1863097003030513, 0.24384547302809856, 0.2961175884818658, 0.33245489548684826, 0.29783834908157586, 0.2719759762778671, 0.10438647284845097, 0.5279713097959757, 0.08287424261941244, 0.7091849891638213, 0.2665696443769742, 0.25375310531946726, 0.0439896587043121, 0.3306164870245589, 0.24056150453786054, 0.24542955371240774, 0.27551074273263415, 0.4688440708236562, 0.06517197531489233, 0.5881495612363021, 0.20357303619074324, 0.241541196008782, 0.2614479929001795, 0.25820100630323095, 0.2008839783971339, 0.25277119645671475, 0.23756949077360331, 0.23199509952683, 0.14304619619453496, 0.46506477697855897, 0.22683927352384975, 0.28430146304890513, 0.2465842696838081, 0.2456676429935864, 0.42035022741089567, 0.24653079393319785, 0.2936283955350518, 0.2627935901097953, 0.252272919829314, 0.32422681181381147, 0.2435482926384518, 0.19008875385096127, 0.1252910487353802, 0.18774273528040133, 0.4566168123856187, 0.27204428878391074, 0.30559951386281425, 0.28067417808231854, 0.33373466135623553, 0.4835720310712026, 0.29737925272257554, 0.2713035644756423, 0.3033934246748686, 0.20687759518623353, 0.28555197045207026, 0.07085605587732668, 0.3825193735557453, 0.3271903010628497, 0.20669798187340016, 0.20440626894434294, 0.27527198220292726, 0.2296988196586343, 0.23932223968052616, 0.2686999066888044, 0.2244232499001858, 0.2312969396201273, 0.2122812028042972, 0.2848146886990539, 0.19723276524455285, 0.3148805687204004, 0.1835498112677173, 0.2894292391304459, 0.270028993073437, 0.19422821704912083, 0.18196546166242722, 0.070171727747139, 0.0833194021642622, 0.3492076574457866, 0.2674924618904553, 0.27373016842951375, 0.4928332305590933, 0.17857059484910376, 0.40262781011738946, 0.1837462015178365, 0.24515606309597693, 0.33657251503318547, 0.12991493991576136, 0.30351775800809266, 0.15343189175861577, 1.1964496016900132, 0.5336878698733118, 0.22382172715539733, 0.3145568613552799, 0.16715775544501163, 0.226342627654473, 0.2670811532686154, 0.3870233895257115, 0.33560880832374096, 0.20624405348854552, 0.2747556963935494, 0.31573117077350615, 0.2506203580026825, 0.2331788933525483, 0.12365862427025356, 0.5090181844841157, 0.30337241087108846, 0.14663488425255294, 0.34408518928808696, 0.27644475787334766, 0.3402072182067463, 0.3409645376106103, 0.3009358753878919, 0.32412052480947406, 0.2600679541804961, 0.24292428869133195, 0.5144007537979632, 0.461906151038905, 0.24764413672188917, 0.23506768799076477, 0.22051057380934558, 0.25609526097153623, 0.29159747428105526, 0.3486131617710704, 0.21136803713937602, 0.32270901401837665, 0.8032199607955084, 0.2831337727809494, 0.38388317748904227, 0.3811577033251524, 0.3364667733465987, 0.37929321927922066, 0.3317491383188301, 0.34654701056165826, 0.30902692520934527, 0.5878727708089475, 0.32832705521335204, 0.30354524181327885]
2025-12-20 01:03:37 - fedex - INFO - loss data:
2025-12-20 01:03:37 - fedex - INFO - [0.6869839668273926, 0.5487200688260296, 0.6634107682233055, 0.5593724719680895, 1.0969352900154061, 0.41587013917354243, 2.393232736316718, 1.3140324145698776, 0.5927119642496109, 0.8394024479125316, 0.3546261227802261, 0.402539773657918, 0.36780024133622646, 1.3269984455177715, 0.34094893200145593, 0.1477244892846405, 1.3607273547408671, 0.22077967419098013, 0.2941612203401746, 0.7622246985323727, 0.3829146330244839, 0.4306572771716567, 0.8784797975237298, 0.3158737942886849, 0.3590320500845943, 0.45223411524142976, 0.4456090660765767, 0.5513601593190306, 0.35516023247813183, 0.36419759017881004, 0.1385944916876421, 0.7174280239269137, 0.05648532306076959, 0.369592116705582, 0.761143502779305, 0.2779601997191397, 0.3075706472232317, 0.21427256060997024, 0.30359398142124217, 0.3995036091655493, 0.3504605735652149, 0.20525233513132357, 0.33224276813368003, 0.2877151362753163, 0.4533003829419613, 0.33962207395169475, 0.5120074686982359, 0.30097020009102726, 0.24250566941789456, 0.23486817855155095, 0.31359257392274836, 0.29399680914357307, 0.20314338026510087, 0.40141106829313294, 0.401006150059402, 0.3459943717966477, 0.2604768268259553, 0.24809516216628252, 0.36577818061341527, 0.3223284912192159, 0.19452962266514076, 0.30434925664395307, 0.6890576002498467, 0.363971242432793, 0.272247395850718, 0.33004954160812, 0.24831710921910902, 0.21733652326123168, 0.22066356167197226, 0.18152921667788177, 0.3156634716705109, 0.14871555459103547, 0.27827232665597246, 0.4143731883106132, 0.30086504090577365, 0.27691318655852226, 0.26336418320783056, 0.22754190390905701, 0.2262656686883085, 0.2679374461683134, 0.20073868961305433, 0.3086377503350377, 0.3815285437222984, 0.20824987736220163, 1.2646278207241695, 0.3330947528903683, 0.26916474708252486, 0.3264887216675561, 0.39510863457530077, 0.36973440594499546, 0.20392052837026614, 0.22660145088545203, 0.5661294639110566, 0.2106162198353559, 0.2820213879458606, 0.1621225953567773, 0.3274908888852224, 0.3508328308540513, 0.4197590712708636, 0.15412186115645454, 0.42017365342083696, 0.3235937666768829, 0.2874365822334463, 0.39031336749238627, 0.03167920393239269, 0.4042174877598882, 0.26235688264326507, 0.43990759216248987, 0.09838467267885184, 0.7697013353721963, 0.28978702928870914, 0.1148044863769498, 0.21054441452545758, 0.2946276723096768, 0.3223269306300651, 0.2632388222928378, 0.30172561686486005, 0.225029587931931, 0.19536137693406394, 0.2902541706978809, 0.2481772782552677, 0.2904257912011373, 0.21479123864943783, 0.40403173031906287, 0.38583593955263495, 0.19201404522173107, 0.5095655650366098, 0.25829350528656503, 0.1875918336212635, 0.5115182449897895, 0.25208681216463447, 0.3798459594546737, 0.3606361266225576, 0.10349444624055952, 0.37466214244653073, 0.2682375550890962, 0.560732593263189, 0.2569847444441014, 0.06872463651573829, 0.9609178889101037, 0.3953604344278574, 0.17495690254339327, 0.3810891376808285, 0.3065350606440543, 0.3228180339249472, 0.40829023708744594, 0.49994343592164414, 0.16377252369413675, 1.0932437293231487, 0.3598388788747028, 0.32042797614748664, 0.26567016034387053, 0.3889030440400044, 0.3597620673891571, 0.2796614710241556, 0.5221616914495826, 0.10672109790475053, 0.5797376425315937, 0.380957527485277, 0.42712442322323724, 0.409121430106461, 0.3661725046423574, 0.2977241696789861, 0.3625241261906922, 0.5267223628237844, 0.17908475811238445, 0.39530226861437157, 0.3904846635957559, 0.15551767212649187, 0.5842827500775456, 0.3206497453153133, 0.33942829991380374, 0.38242458241681254, 0.35348668816011575, 0.1933054614191254, 0.28190596079221, 0.13318456342288604, 1.0139451720044375, 0.4134268900534759, 0.07870576640513414, 1.097391347563527, 1.3954888340085745, 0.8073792731389403, 0.6655621495511796, 0.15157379423229334, 0.5786598208689075, 0.4326649667019499, 0.571067186507086, 0.5761643701668782, 0.5606669426585237, 0.14428809947955112, 0.48686196438243823, 0.3761665730682366, 0.38480480598906674, 0.1035326530225575, 0.176779795892071, 0.24813303764288624, 0.5512314123234578, 0.11490573526825756, 0.12034218730222361]
2025-12-20 02:26:07 - fedex - INFO - loss data:
2025-12-20 02:26:07 - fedex - INFO - [0.4461498122169253, 0.6919514619682614, 0.6733699384189787, 0.5566538153681904, 0.5252732183784247, 0.393322669608622, 0.3992078308300633, 0.4000339053857785, 0.4952842948337396, 0.4968366604475748, 0.42558409621318183, 0.3104824047535658, 0.44365280774069127, 0.3334554708542247, 0.4519916620774147, 0.20551623824802745, 0.46796505749225614, 0.20847329030899953, 0.3918552748602012, 0.374516380596019, 0.3945904798096135, 0.09521376470543652, 0.46559775108028023, 0.38086744565881936, 0.2480090450379066, 0.4572483629343056, 0.3272626499246274, 0.06797242993880764, 0.45635996013879776, 0.34815408202509085, 0.32950969854963646, 0.33984240495964235, 0.4198623735457659, 0.18172103331501904, 0.437316565035746, 0.22870455065373485, 0.5496362522244453, 0.31151780461271605, 0.3574522223485553, 0.34191093432406583, 0.23569342015013728, 0.3433609942595164, 0.23268178343229615, 0.36318743913656193, 0.32888614906905556, 0.1732950442806921, 0.31165169321078184, 0.33894468405000544, 0.3506487051861874, 0.2923758186399937, 0.07431924980517257, 0.052307400651948735, 0.43534712264171016, 0.3677206659600848, 0.3597383455588268, 0.30793915313029757, 0.23284867346907656, 0.515450486994308, 0.3613002658803801, 0.3049561737140822, 0.22620762223280813, 0.34928883472366223, 0.2616100635804126, 0.3868161951088243, 0.3519340558320184, 0.16464521382780123, 0.2275982502848905, 0.21363018958158242, 0.37974798008799554, 0.3022596155817824, 0.3568623526257345, 0.17537777689285577, 0.35547166002484465, 0.24928699365506568, 0.3285702640770072, 0.26193095684464307, 0.04066284842925372, 0.3252485070662159, 0.3179350670427084, 0.21375666530047532, 0.3641322368394324, 0.24126089617767188, 0.2114224231092348, 0.22506555301420714, 0.44501954364213386, 0.31479911848547915, 0.4684479356122514, 0.33683861039536095, 0.24615129269610178, 0.5068544551730156, 0.28917344130265216, 0.3503286648098202, 0.329518455147211, 0.3399516095274261, 0.2953094498476102, 0.24950671775047392, 0.2455606059728227, 0.24975450803050953, 0.2782681538335358, 0.2819117076694965, 0.18833387984583777, 0.3455824479332258, 0.2788108420286638, 0.3741385079920292, 0.2994648244764124, 0.2328029740601778, 0.24869569557874152, 0.3143271792591328, 0.12553652074808874, 0.5000666534942058, 0.38536001398266917, 0.29112277971137135, 0.1807526344406035, 0.3291409942011039, 0.27224895044270414, 0.3464953133254312, 0.3915275453757017, 0.35223511662334206, 0.356734382131925, 0.33110321313142776, 0.2960225846618414, 0.35491230599582196, 0.2945333854220379, 0.3135852881662903, 0.3150808834802659, 0.2954538003231088, 0.2827687164147695, 0.3710278674546215, 0.29234656626863287, 0.2499729523387475, 0.3091472524750446, 0.0974334008351434, 0.551010364571855, 0.2591426262530271, 0.22858472550287842, 0.25412349711793164, 0.37071184143424035, 0.3413342763825009, 0.49926832426285395, 0.33571777195693586, 0.3134200419920186, 0.2659624187430988, 0.35425748321889106, 0.3046720239936429, 0.2843858544093867, 0.315492101572454, 0.45358747092678264, 0.31501768173124545, 0.37067791666569455, 0.21508534960892228, 0.47504670110841596, 0.24902137926994605, 0.3105454434330265, 0.23277112311639248, 0.3064473789806167, 0.2997015808664617, 0.3239333523437381, 0.30763495028432875, 0.12862021339953775, 0.36092319594075284, 0.348614151796533, 0.390919979972144, 0.27522758978108564, 0.29210968213830735, 0.29217078815122227, 0.2761082461547284, 0.30244039905567965, 0.3079409341638287, 0.2902979021149593, 0.2838604700441162, 0.2919934029587441, 0.2682295459537552, 0.3210562364952195, 0.3437225078543027, 0.3559370811614725, 0.4000986149677863, 0.3545012857746963, 0.2820949337134758, 0.1525817721254296, 0.4769206311243276, 0.3583153836699068, 0.3683090913006001, 0.35743131593897426, 0.15923475267767323, 0.47007952414995413, 0.25051273362567794, 0.1784632469837864, 0.4439189129819473, 0.21599089699900811, 0.27304321064519277, 0.44587791909774144, 0.3698276507357756, 0.31939979265336793, 0.32407755021225004, 0.3238408477881398, 0.3085997167349972, 0.36016929820179944, 0.3378116733084122, 0.3065004314606389, 0.35584744680672886]
2025-12-20 03:50:52 - fedex - INFO - loss data:
2025-12-20 03:50:52 - fedex - INFO - [0.3694742042947598, 0.5521485106398661, 0.3615119583283861, 0.769815767556429, 0.5928794061144194, 0.5613570724924406, 0.46358428371863236, 0.4069210190551751, 0.36660552794734635, 0.29900331213844544, 0.127083492508973, 0.5883441507106736, 0.5140170025935566, 0.31996203557390607, 0.23762253498508862, 0.40671430047756685, 0.2860476701506272, 0.11907074972987175, 0.35231008250266316, 0.4045580787983324, 0.31800445063660543, 0.6070531114884135, 0.3275185474039366, 0.2745914202931869, 0.47650450194875393, 0.12218519372129436, 0.36365644534428915, 0.42705776386835154, 0.3116004843575259, 0.24122700482098897, 0.33676042441012605, 0.38523476421833036, 0.31604220749189454, 0.2011929424758295, 0.1893050941163286, 0.2952727232997616, 0.260232625513648, 0.1711479204664515, 0.6181357551366091, 0.3911001565555732, 0.33011592439531035, 0.08825285456841811, 0.31962113633441425, 0.31332089853175504, 0.19796736430698295, 0.3110281558880215, 0.23791097657134136, 0.19846281136887034, 0.28453863776688065, 0.20074420313308522, 0.23936049076022975, 0.2780347341361145, 0.2786010859068483, 0.24493669364601373, 0.37402263668676217, 0.5587296457340319, 0.380037236249163, 0.26905193365179003, 0.2241915048667579, 0.3204107773179809, 0.29804306361539706, 0.23581719158647696, 0.08421177786238129, 0.2041798369716465, 0.2825832599774003, 0.35585748553276064, 0.35976094124942193, 0.3433947632089257, 0.28571683170359596, 0.12363362130649169, 0.520658207933108, 0.08760364626046188, 0.9338914077785431, 0.29485784580423074, 0.2834463761155752, 0.0628296656903937, 0.4181956728920341, 0.2649427964041631, 0.2861760179512203, 0.3193591894581914, 0.4793258429401451, 0.08413801385216754, 0.6251620794646442, 0.2013674767035991, 0.28701671568431064, 0.291624374637225, 0.34023526404052973, 0.21395102072874028, 0.30457444696997604, 0.2705312420458843, 0.25552134113608016, 0.16830386422066526, 0.4953453134745359, 0.2539000363477195, 0.30001448744442316, 0.30761506378961107, 0.28691467934598525, 0.45470079038329797, 0.2609869473303358, 0.34723115662733717, 0.28208182151118916, 0.2669574992226747, 0.3334466085955501, 0.2702364969264829, 0.23649207266386257, 0.16106035172318417, 0.2141183006983589, 0.44098113272339107, 0.2829123545526749, 0.35894579665324133, 0.30239173687462295, 0.36728571352238454, 0.5872357413793603, 0.3227616382563221, 0.3932088353050252, 0.3334270587811867, 0.24051311715195575, 0.33127083343764147, 0.08979013344433043, 0.5429667534719678, 0.38462335295043887, 0.26558554475195706, 0.2576995031970243, 0.33794026797016463, 0.27227161843752995, 0.28619123343378305, 0.28057101032297527, 0.3448822827388843, 0.26371516558257013, 0.24909073297555245, 0.3419564163099442, 0.22061708031008798, 0.36380922549093764, 0.2316342975012958, 0.3336708292010285, 0.2971555297159486, 0.22118397507513168, 0.20957828856503005, 0.08658875487015744, 0.10220884344126616, 0.4825619310253497, 0.282948274446267, 0.31806292782227197, 0.28908209114257866, 0.2021228292006223, 0.48143544401086513, 0.22384557286148063, 0.3207062056288123, 0.3725233824923635, 0.17013982788970072, 0.5694226858497131, 0.18714538363565225, 1.2541114540547522, 0.6158255477332406, 0.30104839106400805, 0.37238086535284914, 0.23639933552141443, 0.28872004033376775, 0.28567786518898275, 0.35381455859169364, 0.363946194615629, 0.26219863038600627, 0.3356865935648481, 0.36205799619977674, 0.3392182161876311, 0.2788744853188594, 0.1525381709759434, 0.5676403551229409, 0.34631246635690327, 0.18863951002051527, 0.42465249850894465, 0.4803142359480262, 0.36664079364854846, 0.3685263282308976, 0.3168118237148202, 0.3833131091935294, 0.34566922766112146, 0.2671920994607111, 0.5435820853027205, 0.5509579432507355, 0.32553898169878975, 0.2918276408066352, 0.26895095681150755, 0.3522996339326104, 0.2824877663515508, 0.3895495437263023, 0.25370789350320894, 0.3649044334888458, 0.5813961608542336, 0.33062947546216576, 0.673761921946425, 0.36013944341490667, 0.4058720685600762, 0.304194574192869, 0.37090760763320657, 0.3824022803662552, 0.35863840167946887, 0.3100896844462979, 0.3730303319791953, 0.35646287398412824]
