2025-11-06 02:10:33 - fedex - INFO - loss data:
2025-11-06 02:10:33 - fedex - INFO - [0.4851322902061269, 0.13354527903720737, 0.20676794506084079, 0.23936227103129692, 0.20988248057406525, 0.24591599932561317, 0.4109722888762397, 0.3135957807612916, 0.2709521317952558, 0.2740409520144264, 0.27426876108295406, 0.2455039992928505, 0.17815201201890424, 0.19030333563468643, 0.31342939597864944, 0.09656973027546581, 0.31320882216095924, 0.18091397971882925, 0.14825015165040206, 1.4580591336993771, 0.1630765264079842, 0.2014840432617581, 0.16740394321476137, 0.17253378033638, 0.15950056358885306, 0.2611641107359901, 0.167021719204556, 0.18267679736188674, 0.13404984274150236, 0.18645082563971696, 0.24803739289442697, 0.14627308957278728, 1.1762669913819992, 0.08880988234304824, 0.19982926026313452, 0.17488510704909763, 0.21436522879327338, 0.26765681873075664, 0.024405519870924763, 0.39712556786835196, 0.21079662474321909, 0.12871224000118672, 0.1256057257919262, 0.12585308829035896, 0.17922357252488536, 0.12908492384831532, 0.18810711987316608, 0.23785119814177352, 0.1591380203497552, 0.13622742633972512, 0.09204544568353373, 0.12594546569642007, 0.09275555083838229, 0.30888020689599216, 0.12486081340780053, 0.1097270899890676, 0.23485967982560396, 0.14302005851641297, 0.2781307427212596, 0.15836034948006272, 0.11133577635353123, 0.07048682129243389, 0.09701335120397354, 0.07300776580079746, 0.19373725940330097, 0.11097299227612498, 0.20136272069066763, 0.11151245685427316, 0.14894798677414656, 0.19662693187710828, 0.1044771870598197, 0.48714244646422833, 0.16696817383332097, 0.3436556290835142, 0.1023211912555701, 0.09848122503608464, 0.07604275145567954, 0.09857538826005988, 0.22192979182315564, 0.24514321656897664, 0.08171901431006308, 0.10407984687481076, 0.2295486790520954, 0.6667566257124038, 0.1867732614900981, 0.06751522235572338, 0.10371643550192508, 0.1096740294403086, 0.1605395734931032, 0.0387192814781044, 0.17945187841542065, 0.10145548536287, 0.3834419635434946, 0.06268775142202883, 0.06634221532537292, 0.13094987113228335, 0.09754971864943704, 0.051027863431954756, 0.05004049344764402, 0.025448013090331536, 0.045501719770142626, 0.11951505889495213, 0.05636695936652056, 0.13425927386008973, 0.08888155757449567, 0.05122395057696849, 0.19215970389688244, 0.03616003286263619, 0.04875927756074816, 0.10214678892710556, 0.1507124050402607, 0.07975139542771824, 0.13770455903189335, 0.09418121756364901, 0.055719105216364063, 0.12379629569701278, 0.11316712897009494, 0.03433059288363438, 0.035997151625521764, 0.23586206720210612, 0.17234852509683973, 0.02205313235754147, 0.11041534642489362, 0.08370653997066857, 0.10537670955768433, 0.08738082791499507, 0.05795662376719216, 0.20654014125466347, 0.01960002351552248, 0.11087099432308545, 0.4358328976975127, 0.3941825017461489, 0.08949968423612678, 0.08396130184984754, 0.25629971325397494, 0.07141661873486425, 0.3360056305089249, 0.0541799750062637, 0.08535133488476276, 0.022340200758033182, 0.023690821811144885, 0.2155960309724121, 0.08431864671997333, 0.05646797199733555, 0.05048605674834873, 0.11564285125069577, 0.08916472070850431, 0.09071809948614702, 0.11310059627940358, 0.06620967875259291, 0.13290510956123042, 0.09478124807078746, 0.08604427876416594, 0.10476805868869027, 0.12864533354250257, 0.03166015783790499, 0.10100436322271633, 0.06493902172839555, 0.07422601730961885, 0.10373774692906361, 0.10946703744227945, 0.06362796067260205, 0.22168108861511338, 0.08811953781793515, 0.12344956794717851, 0.07271063674335787, 0.15512675658489267, 0.024536614342091177, 0.11715030577033758, 0.1404855520289857, 0.09829961356701333, 0.11905844364082441, 0.28595685640660423, 0.10375830992901076, 0.21901867297690428, 0.21296526039285318, 0.1876058403787942, 0.21226608147309428, 0.1825160961598158, 0.11432431724286922, 0.12890400769762123, 0.03609622254244689, 0.11742280113200347, 0.1711162901435716, 0.11987372219911388, 0.19221313390880823, 0.11470967184060742, 0.0649149863258598, 0.09749672700570006, 0.13105037880058473, 0.1024311635397032, 0.10995926881829897, 0.10322541785181352, 0.09028965266617506, 0.10577687428135854, 0.09543176836751659, 0.09620902913489512, 0.10083177528752132, 0.09091830580395513, 0.12087066133196155]
2025-11-08 13:49:21 - fedex - INFO - loss data:
2025-11-08 13:49:21 - fedex - INFO - [0.47488531890172625, 0.09502769768005237, 0.20441909549423518, 0.22566676676378922, 0.21803372218434153, 0.29929673485457897, 0.33228653163782185, 0.20969440592452884, 0.2494523052714373, 0.26157716723779834, 0.2734505432628887, 0.17064611241221428, 0.16870424747669502, 0.1551002773239502, 0.19958379119634628, 0.08681359466888049, 0.2218521237373352, 0.18705904546169272, 0.1945345351022893, 0.9428265879046497, 0.1187119466790255, 0.2067048549309022, 0.21334892576805942, 0.19921434317764483, 0.16982515172388118, 0.367360646603629, 0.171194656150775, 0.1739115502484978, 0.15176805894335976, 0.22110793751704952, 0.21530960996945697, 0.20983810955658555, 0.5809102173050633, 0.4584596131615399, 0.1770240501418971, 0.19511113967746496, 0.22604261338710785, 0.47751910239458084, 0.04061672398044417, 0.27025593565776945, 0.17564473096709485, 0.14094662166511018, 0.13712981694067516, 0.17773222683284146, 0.15104547562077641, 0.15635039458424876, 0.14821945503354073, 0.09212292792896429, 0.16374159870403154, 0.19647943365730736, 0.09550026225169067, 0.101194568223467, 0.09529227775770452, 0.27093362918434044, 0.1262339543546729, 0.12166844583023029, 0.1360773180300991, 0.11827439752717814, 0.2604055255651474, 0.11795772449113429, 0.13358214923489586, 0.10830366658046842, 0.12018621701281518, 0.09648203120748457, 0.29931614481252977, 0.13238918976655797, 0.17398404780154428, 0.1160080092127568, 0.1006567223618428, 0.14907442347612232, 0.0826197402435355, 0.4577601242302383, 0.17280737494887866, 0.17876087687909603, 0.11177966095831082, 0.11066262937771777, 0.149859898397699, 0.1181738192942804, 0.22985788201355414, 0.12616890482604504, 0.12021693414471184, 0.06643857418869933, 0.20814093364630631, 0.6650028095641376, 0.16838272253780118, 0.08439254170904557, 0.08508098990513155, 0.14182084752246737, 0.0997126322084417, 0.24061847152412297, 0.2567325335985515, 0.09147497144986647, 0.12883669634660083, 0.077536450096649, 0.16835317962492505, 0.17219407886399754, 0.05990683916024864, 0.2516841088363435, 0.06500932129953677, 0.0832432501209461, 0.038507257122546434, 0.07734999146002033, 0.0699526479234919, 0.1700368607416749, 0.10172057221643627, 0.06034816917963326, 0.3126947534843706, 0.043178080245315165, 0.045083086006343365, 0.12202711562470843, 0.14321940188328253, 0.08607363588465698, 0.04600065223809603, 0.15927418917417527, 0.03195689855298648, 0.11977715185961986, 0.1314647330248957, 0.061633868666831404, 0.024760167886807512, 0.4806959276465932, 0.22010723789045145, 0.04022213979624212, 0.11643032218507002, 0.10464514577166086, 0.08170191412510608, 0.10844519000070599, 0.09911403401444356, 0.2781313199084252, 0.03585275128716603, 0.10942852140454551, 0.4950411996109417, 0.3766716732911166, 0.10342849620348332, 0.10615644744173505, 0.2810272829607129, 0.10002549248747528, 0.2236498832845917, 0.05562793184071779, 0.11502869660034776, 0.03533756032098049, 0.021790680052408088, 0.11585934563755881, 0.08901665918529034, 0.09232617286033928, 0.054572192474121324, 0.12964478738862892, 0.11941786319948733, 0.11745768669864226, 0.10847485264921598, 0.11773930240030352, 0.1457944770183029, 0.08487092559447601, 0.12645348034178217, 0.13843452689810268, 0.1210608289329326, 0.08106826967559755, 0.10757166684533541, 0.052647070058111034, 0.06869763398676046, 0.11422968054713126, 0.11135811224371067, 0.05292225977561126, 0.21977516741324693, 0.0879351894914483, 0.17284426206382564, 0.07258329204742567, 0.08990020006895065, 0.17911247747878617, 0.13226562951846668, 0.11095334298443049, 0.09157538518443636, 0.12157510643980154, 0.10854265469436844, 0.12701730728537466, 0.14333521285535472, 0.1651446690749643, 0.15444893163532533, 0.15832587326716246, 0.11201777867972851, 0.08430017085502978, 0.16116086286134446, 0.044632327255768406, 0.17855814400439463, 0.1442833277086417, 0.09459627610413252, 0.10864826462542018, 0.10131155945014919, 0.06180249437676284, 0.03846211279944881, 0.12662656074509215, 0.0903334384516481, 0.15373534349103768, 0.060533759502792044, 0.1185663994034066, 0.1033214740029787, 0.09052870917166102, 0.10868699108583055, 0.08540531745987219, 0.14585705380886793, 0.1637626855013271]
2025-11-09 18:59:44 - fedex - INFO - loss data:
2025-11-09 18:59:44 - fedex - INFO - [0.4560898239366137, 0.09448519182236244, 0.1886043010231776, 0.23077382971551497, 0.25963858123226413, 0.27118233374009526, 0.3908823944096054, 0.29448080668225884, 0.2689818739891052, 0.22159567816803855, 0.24162095890921986, 0.26588666190703714, 0.21243082703929084, 0.1942036303627337, 0.1913795191794634, 0.09447670881636441, 0.3508439529687166, 0.16000480679151796, 0.13472451911918049, 1.364499590620532, 0.1470380232806681, 0.22673349154208786, 0.19242730237995906, 0.16723712925848208, 0.16009089436668617, 0.32580082188360393, 0.17242831042395873, 0.17140785036118406, 0.1271466465626398, 0.22287254590217187, 0.22738955418268839, 0.18687221757136285, 0.8582725743763149, 0.12795681709358178, 0.22601004281457054, 0.17611451586708426, 0.1928651969258984, 0.1762654420454055, 0.04165871170698665, 0.33874167036265135, 0.20276895831285538, 0.11510570980608463, 0.10935215732703606, 0.16156337739756474, 0.16095534432679415, 0.16322139942261216, 0.16041171411052346, 0.2192408386617899, 0.16159008478834516, 0.12438164788641427, 0.08725034283555072, 0.12532082249884283, 0.07141193059864095, 0.37652619266882537, 0.1340622079581058, 0.11795519435012021, 0.18081701748693982, 0.1151718283460165, 0.17615729221142828, 0.0665515260770917, 0.13972443675207855, 0.10380893549881876, 0.13868726387486927, 0.07680581416887955, 0.12106162175321235, 0.13036774752823554, 0.19954528597493967, 0.0965938973351426, 0.14090547912443677, 0.20612615488935263, 0.09090760536491871, 0.7337288122467119, 0.21677665515681324, 0.39584087394177914, 0.08452524711458903, 0.09756290273120007, 0.10815642303787172, 0.10024807370656173, 0.21541401823888007, 0.2695821886882186, 0.041153502712684434, 0.07827803477994166, 0.2974724311119644, 0.6888430122407558, 0.21602143976644397, 0.08197684197997053, 0.09965380109870473, 0.04236891448575382, 0.09671111151110381, 0.034225700078353, 0.17895158150349744, 0.10313855632127303, 0.3252637889236212, 0.11396341269795338, 0.06871207234992956, 0.16255738360009023, 0.06584246301402649, 0.012231707441969775, 0.04858321333692099, 0.03212054803085406, 0.051991741347592324, 0.0891303342456619, 0.07505828607051322, 0.12963262165029502, 0.03198962309397757, 0.022817473160102963, 0.11195037986796635, 0.03691568642478579, 0.05524711706675589, 0.11701045678152391, 0.14174288249917158, 0.07842156808855462, 0.19797308959581036, 0.14020004794001578, 0.031436516204848886, 0.11372736494602828, 0.12799658774349248, 0.04149658384267241, 0.03543904206554334, 0.3430124130100012, 0.21765618644920842, 0.04377577512059361, 0.11448505260493785, 0.10813386711866169, 0.09791260787189521, 0.12949834310879502, 0.04366782765525083, 0.14460883056744933, 0.12922170654928777, 0.12603700568451304, 0.4957233133084045, 0.4736955959307051, 0.10645843416354374, 0.09655301962995555, 0.18983386121690274, 0.11410293195928846, 0.27762827621056485, 0.05320872098673135, 0.10029759723693132, 0.031364250030981984, 0.03397441509318574, 0.24199629833152436, 0.056072702337252464, 0.09256478135163586, 0.043082880090591254, 0.07180890594287936, 0.07394052902236581, 0.0997104287661355, 0.09646805827147686, 0.09647457610423628, 0.14827036731501764, 0.11901267808640287, 0.07267501985964675, 0.20125423920617322, 0.1363149220238582, 0.03280634054681286, 0.10237530681889695, 0.11257029791214826, 0.08889330058757748, 0.1125591906616791, 0.09929898823531152, 0.06691583909559995, 0.1888694238419143, 0.08623499327028791, 0.14493879703401874, 0.0638188349093189, 0.20471245859128734, 0.02565282936456452, 0.10911480601256092, 0.15607880346942693, 0.09832003260257541, 0.049536031841610866, 0.4404255327147742, 0.09385846235478917, 0.1865732530295326, 0.22662125762352453, 0.22390055500677433, 0.20606373932919111, 0.10846488922834396, 0.11883962962209531, 0.14391435796502405, 0.03408694166481789, 0.1523817552253604, 0.17401897945226386, 0.12028596127860522, 0.1208760676284631, 0.13048093350772375, 0.09314595221244878, 0.25095168757252395, 0.12309746981825298, 0.09719496040241044, 0.15869609936295698, 0.14695888497915707, 0.10830191542443476, 0.11249448493785726, 0.06837737248760872, 0.13794719547565493, 0.12879050155964533, 0.08983375464699098, 0.12909221270432075]
2025-11-10 17:03:07 - fedex - INFO - loss data:
2025-11-10 17:03:07 - fedex - INFO - [0.4560898239366137, 0.09448519182236244, 0.1886043010231776, 0.23077382971551497, 0.25963858123226413, 0.27118233374009526, 0.3908823944096054, 0.29448080668225884, 0.2689818739891052, 0.22159567816803855, 0.24162095890921986, 0.26588666190703714, 0.21243082703929084, 0.1942036303627337, 0.1913795191794634, 0.09447670881636441, 0.3508439529687166, 0.16000480679151796, 0.13472451911918049, 1.364499590620532, 0.1470380232806681, 0.22673349154208786, 0.19242730237995906, 0.16723712925848208, 0.16009089436668617, 0.32580082188360393, 0.17242831042395873, 0.17140785036118406, 0.1271466465626398, 0.22287254590217187, 0.22738955418268839, 0.18687221757136285, 0.8582725743763149, 0.12795681709358178, 0.22601004281457054, 0.17611451586708426, 0.1928651969258984, 0.1762654420454055, 0.04165871170698665, 0.33874167036265135, 0.20276895831285538, 0.11510570980608463, 0.10935215732703606, 0.16156337739756474, 0.16095534432679415, 0.16322139942261216, 0.16041171411052346, 0.2192408386617899, 0.16159008478834516, 0.12438164788641427, 0.08725034283555072, 0.12532082249884283, 0.07141193059864095, 0.37652619266882537, 0.1340622079581058, 0.11795519435012021, 0.18081701748693982, 0.1151718283460165, 0.17615729221142828, 0.0665515260770917, 0.13972443675207855, 0.10380893549881876, 0.13868726387486927, 0.07680581416887955, 0.12106162175321235, 0.13036774752823554, 0.19954528597493967, 0.0965938973351426, 0.14090547912443677, 0.20612615488935263, 0.09090760536491871, 0.7337288122467119, 0.21677665515681324, 0.39584087394177914, 0.08452524711458903, 0.09756290273120007, 0.10815642303787172, 0.10024807370656173, 0.21541401823888007, 0.2695821886882186, 0.041153502712684434, 0.07827803477994166, 0.2974724311119644, 0.6888430122407558, 0.21602143976644397, 0.08197684197997053, 0.09965380109870473, 0.04236891448575382, 0.09671111151110381, 0.034225700078353, 0.17895158150349744, 0.10313855632127303, 0.3252637889236212, 0.11396341269795338, 0.06871207234992956, 0.16255738360009023, 0.06584246301402649, 0.012231707441969775, 0.04858321333692099, 0.03212054803085406, 0.051991741347592324, 0.0891303342456619, 0.07505828607051322, 0.12963262165029502, 0.03198962309397757, 0.022817473160102963, 0.11195037986796635, 0.03691568642478579, 0.05524711706675589, 0.11701045678152391, 0.14174288249917158, 0.07842156808855462, 0.19797308959581036, 0.14020004794001578, 0.031436516204848886, 0.11372736494602828, 0.12799658774349248, 0.04149658384267241, 0.03543904206554334, 0.3430124130100012, 0.21765618644920842, 0.04377577512059361, 0.11448505260493785, 0.10813386711866169, 0.09791260787189521, 0.12949834310879502, 0.04366782765525083, 0.14460883056744933, 0.12922170654928777, 0.12603700568451304, 0.4957233133084045, 0.4736955959307051, 0.10645843416354374, 0.09655301962995555, 0.18983386121690274, 0.11410293195928846, 0.27762827621056485, 0.05320872098673135, 0.10029759723693132, 0.031364250030981984, 0.03397441509318574, 0.24199629833152436, 0.056072702337252464, 0.09256478135163586, 0.043082880090591254, 0.07180890594287936, 0.07394052902236581, 0.0997104287661355, 0.09646805827147686, 0.09647457610423628, 0.14827036731501764, 0.11901267808640287, 0.07267501985964675, 0.20125423920617322, 0.1363149220238582, 0.03280634054681286, 0.10237530681889695, 0.11257029791214826, 0.08889330058757748, 0.1125591906616791, 0.09929898823531152, 0.06691583909559995, 0.1888694238419143, 0.08623499327028791, 0.14493879703401874, 0.0638188349093189, 0.20471245859128734, 0.02565282936456452, 0.10911480601256092, 0.15607880346942693, 0.09832003260257541, 0.049536031841610866, 0.4404255327147742, 0.09385846235478917, 0.1865732530295326, 0.22662125762352453, 0.22390055500677433, 0.20606373932919111, 0.10846488922834396, 0.11883962962209531, 0.14391435796502405, 0.03408694166481789, 0.1523817552253604, 0.17401897945226386, 0.12028596127860522, 0.1208760676284631, 0.13048093350772375, 0.09314595221244878, 0.25095168757252395, 0.12309746981825298, 0.09719496040241044, 0.15869609936295698, 0.14695888497915707, 0.10830191542443476, 0.11249448493785726, 0.06837737248760872, 0.13794719547565493, 0.12879050155964533, 0.08983375464699098, 0.12909221270432075]
2025-11-11 09:33:50 - fedex - INFO - loss data:
2025-11-11 09:33:50 - fedex - INFO - [0.4618368965751152, 0.12988750172856575, 0.18029359680098983, 0.2691624275661311, 0.26411922455861647, 0.2552094763765732, 0.2714852556985404, 0.21523235347121955, 0.26110468059778214, 0.21598120934019488, 0.1959251715490469, 0.2794332529107729, 0.17134700873150277, 0.15712375974017678, 0.291958245759209, 0.09893088341923431, 0.32433639094233513, 0.187510725918324, 0.15340538958794084, 1.1049570920580056, 0.11362362089097112, 0.3254135437005879, 0.22928592870830472, 0.18927428116531747, 0.1580070790100413, 0.21784013521391898, 0.17086100909009314, 0.17275141895422608, 0.14179815777132043, 0.11457899512480135, 0.14867993382116157, 0.22663025744259357, 1.1053094446659089, 0.15491950047580758, 0.20762372794642783, 0.18006604246329516, 0.1979655811563134, 0.3255017439369112, 0.021985633463676397, 0.33372853258624674, 0.1783546418615285, 0.14422898879274726, 0.12867489761362472, 0.17496174377783275, 0.13365460854644576, 0.171560710986851, 0.14558288160090643, 0.16185605215529603, 0.1708953350871092, 0.13239954203661336, 0.08653207133402643, 0.10888432435233865, 0.0906380775321873, 0.2943084111126761, 0.14554238249100027, 0.10826654706384292, 0.14860079530626535, 0.10088285881405076, 0.1875666924752295, 0.09025441331323236, 0.11389447704813402, 0.08289754763245583, 0.1186226393204249, 0.06825484335881594, 0.22937495802314234, 0.1281817152529307, 0.09260172055413327, 0.09557815795276492, 0.10547222445408502, 0.2925219596218085, 0.12751913857646285, 0.8912413151893512, 0.21933792968807014, 0.3303907630033791, 0.0872724562836136, 0.09230523727989445, 0.14476249720901252, 0.11019315761429171, 0.23010751098202795, 0.2054733196273446, 0.05482710498528412, 0.10124323625738423, 0.16137972444703336, 0.6937546251068377, 0.20716639803463177, 0.05995854386128485, 0.08659345065303242, 0.12086115921071419, 0.09791704627374809, 0.1225741465952104, 0.26666611270047724, 0.09862983178995226, 0.19928176638980705, 0.09842717816607784, 0.03571641072630882, 0.2355777785747445, 0.08137339145954078, 0.0466002308530733, 0.05485924883396365, 0.03992089578577389, 0.05167128024354147, 0.04713267037489762, 0.07244217454766233, 0.1577608622610569, 0.0514334118925035, 0.04186382354237139, 0.17624991872491172, 0.040460211833795674, 0.02068947601947002, 0.10193709416004519, 0.14392974929423769, 0.07286749779375205, 0.10210753873980138, 0.18937021608774862, 0.03519190995333095, 0.11393350564234887, 0.12156252853588709, 0.024784359789919108, 0.02498785143633051, 0.3669755019873264, 0.21722454127323415, 0.029837812297046185, 0.1013842962992688, 0.0924984653440087, 0.12786075260875554, 0.12681304409097022, 0.07490652101114392, 0.19757067691534758, 0.036177151574520394, 0.11302948338356612, 0.46520147409733353, 0.3782465449887617, 0.11159053844514123, 0.09210833903179708, 0.3411816120147705, 0.08262362490807261, 0.2311904264542346, 0.03909451037179679, 0.13264141604304314, 0.033913447947550315, 0.02432732096237417, 0.18124858217070933, 0.06419020768647131, 0.05857727210968733, 0.054143254825918884, 0.1309374886532796, 0.08461093328272304, 0.09064065498010865, 0.10952874850802244, 0.08801643873908019, 0.14386387997488867, 0.08467796142213047, 0.07712195471394807, 0.12976979045003342, 0.10955514430339114, 0.04518223868217319, 0.11780531931883441, 0.04905576843437022, 0.09779527397560221, 0.11493425478162081, 0.10045809972731547, 0.09356105852251251, 0.244160001572126, 0.06885232295608149, 0.156283797584295, 0.06398453628914295, 0.10873756737758716, 0.045709465321404144, 0.13227851944975555, 0.17646067198365928, 0.09090000156884262, 0.05167300365089129, 0.17797338189557194, 0.14084412629405657, 0.18242157409131005, 0.12138163828889706, 0.14121399074792862, 0.18014207317483152, 0.0734700970351696, 0.05118204202786412, 0.1616235919869863, 0.04197919171450561, 0.15531857504198948, 0.174478429207244, 0.12421678161298402, 0.10359044016028444, 0.121511352693905, 0.05602661185843896, 0.06977573401578094, 0.13168870181872103, 0.0769653058953412, 0.14843660596137245, 0.07344359681500416, 0.07768454376951253, 0.11728553893940094, 0.05609129785544014, 0.14057744872323902, 0.10769615765586246, 0.164318431767502, 0.1339884706151982]
2025-11-13 17:46:08 - fedex - INFO - loss data:
2025-11-13 17:46:08 - fedex - INFO - [0.4797560091451259, 0.19652624956021705, 0.2668843733528868, 0.2842993813600798, 0.3366715642141885, 0.29489104387660825, 0.32760604045220787, 0.2546950909309089, 0.26008407261810806, 0.2166660443569223, 0.2976929422015858, 0.18226605529586476, 0.18365749041705604, 0.17156478541838968, 0.22386725743611652, 0.10464774437035279, 0.5155809856951237, 0.20833185333268422, 0.2075707557257907, 1.0650255056413396, 0.1356619229756003, 0.2407812266995868, 0.2051047804840588, 0.21126383420472084, 0.19221267376381618, 0.2930139135569334, 0.1840766220361713, 0.19904936261440986, 0.14480000863904538, 0.15429911632900653, 0.24382713188727695, 0.22551137953996658, 0.8963426603935659, 0.10513322892365977, 0.2161185733908624, 0.18387960301091272, 0.22583739344651502, 0.2991595643106848, 0.044489941016460456, 0.4460365392267704, 0.1906796151065621, 0.16841391852746407, 0.17697741206114492, 0.20234880732515684, 0.17913436641295752, 0.18245892306651593, 0.1839166091134151, 0.19593782536685467, 0.2097855167729514, 0.1629688039814171, 0.12847408858816262, 0.1594426995633464, 0.1111205128743537, 0.24791264125766854, 0.17576604543003038, 0.15386707086371487, 0.1789405234158039, 0.1391928050046166, 0.23317399621009827, 0.12617901945486665, 0.16403796432468182, 0.12571171659510583, 0.14220517138684435, 0.09975869202968343, 0.25858464466560127, 0.1871046172859876, 0.14827795481930178, 0.1531930906321144, 0.1538776714975635, 0.3476456321775913, 0.17758598737418652, 0.7643108197307811, 0.23705311544725427, 0.472150769084692, 0.15580233330905868, 0.1410012001482149, 0.1948446176946163, 0.15626700103437519, 0.26099202477926153, 0.23277058731764555, 0.10288709086867479, 0.11953278382619222, 0.22541254667357863, 0.9229638892954782, 0.278589192966169, 0.12775255118807155, 0.1329275799007752, 0.1508058944406609, 0.18282359771740933, 0.11580598324340266, 0.323069873789791, 0.13822183258278106, 0.3458052867402633, 0.16224682592260448, 0.07097194685290256, 0.29765116376802325, 0.10107447238018115, 0.18454734806437045, 0.10910355171654373, 0.13520936431506506, 0.08365653698834088, 0.12227729397515456, 0.08532427571869144, 0.166562604589452, 0.09679273702204227, 0.14024415938183665, 0.26143332542135167, 0.0733979888687967, 0.06558484732522629, 0.12472076310465732, 0.1685579696260714, 0.10531608087556629, 0.17929071296578816, 0.21159361669172844, 0.0446241886044542, 0.1495197593785368, 0.15005583655775379, 0.05803042836487293, 0.038043375771779284, 0.44230233776033856, 0.2788702707072454, 0.0434243940981105, 0.13116416236873538, 0.13457583872552373, 0.1513189155223041, 0.18521103775128722, 0.14392661955207586, 0.2330137938261032, 0.06862290273420513, 0.1632242099517423, 0.571694068544513, 0.4750926540308129, 0.14414051064012343, 0.13683778423254783, 0.3529645100235939, 0.1177838347918753, 0.33016730286180973, 0.10101512400433421, 0.12518944032490253, 0.07193833062774502, 0.05822524804926406, 0.23396337791548474, 0.11874763858749678, 0.1345870584870378, 0.09926242447507225, 0.1583260429445012, 0.11836490569015344, 0.13634923301187568, 0.15579752659477927, 0.12983783711924363, 0.17881458507015785, 0.13146715868441833, 0.09776887331778805, 0.1634059911283354, 0.1560875830387357, 0.04798707342706621, 0.1630233603123671, 0.10314555208270366, 0.12218987798717405, 0.1607442203664074, 0.14289410535952654, 0.1114870767109096, 0.3083918190632875, 0.10043525353539735, 0.276957721180784, 0.1341123713409879, 0.16892858094846208, 0.09307579102460295, 0.22552073374390602, 0.24070095187053084, 0.14957232837812387, 0.12191544707554082, 0.2787046567692111, 0.21492338510385403, 0.2472015032953207, 0.16878099047711917, 0.21786960050592136, 0.2134779068031188, 0.13626825902611017, 0.14311500403868116, 0.1861733336073275, 0.0729538451046928, 0.19132957477122545, 0.20026682349733815, 0.16438316030857655, 0.14635834998140734, 0.1762156119838008, 0.11276438725653334, 0.14057474117726088, 0.18637435041511288, 0.12958543228477926, 0.20507869726667802, 0.13324110518748822, 0.12764537015831784, 0.16269811962802821, 0.11944259015907502, 0.18736471355493578, 0.16047262922427727, 0.16721430969690637, 0.17834448007245857]
2025-11-14 07:35:09 - fedex - INFO - loss data:
2025-11-14 07:35:09 - fedex - INFO - [0.4995225421262027, 0.19465996014575163, 0.287400212425452, 0.3035765274763409, 0.25519344326237153, 0.25176579101632035, 0.4698162293061614, 0.29975468972697855, 0.33617676343572767, 0.2325715919335683, 0.28010514061875375, 0.2644713496168455, 0.20486890158014853, 0.22171912573534866, 0.30003073190649354, 0.08848881295707543, 0.45135793648660183, 0.19873940120634964, 0.20986293526045208, 1.3713521236379165, 0.1700331019646251, 0.21411729276154196, 0.1896470131409539, 0.22788501726953606, 0.17800274566532326, 0.3130630198866129, 0.19509379335172605, 0.20726311434426897, 0.17551405290546623, 0.23873287244983343, 0.23494047485291958, 0.18488513911142945, 0.7708071413915605, 0.08473135852837003, 0.2511370851936047, 0.19479417017040154, 0.2315670885456105, 0.39698008028790355, 0.050833234524664775, 0.3057593800127506, 0.22891476033148409, 0.1886481343768537, 0.1640011348761618, 0.17056978746460608, 0.21545220042268437, 0.16231402089041505, 0.20444138208404183, 0.19979629727701348, 0.18590566311918555, 0.17479211292964847, 0.12728284121207567, 0.18221709975286532, 0.10548236853034887, 0.4120250291035821, 0.1641042443852012, 0.149870555258993, 0.23567538770536584, 0.17053074358652034, 0.2864019200205803, 0.19366691960021853, 0.13075079963859784, 0.23312958877068013, 0.13303059657170835, 0.09062200812872366, 0.2536524025221857, 0.16353049356004468, 0.2108343094587326, 0.15775953634597717, 0.23626873083412647, 0.23860530762467533, 0.18313817270100116, 0.6111174156658914, 0.24521631439742836, 0.4756619967520237, 0.17027216395228237, 0.1453017356650283, 0.11108774924650788, 0.14686706240207847, 0.25316466550660455, 0.3035789392888546, 0.09918779421311158, 0.1286199738581975, 0.27715682182630796, 0.8039027165378565, 0.20258916376023525, 0.13284634488324326, 0.15064621572263348, 0.1441713922346632, 0.18513684910722078, 0.10683412443344983, 0.3086723798769526, 0.14324765210647297, 0.2981058731675148, 0.11533364539702787, 0.07113901428723086, 0.2028897743584821, 0.12228377008189759, 0.24856257031206042, 0.10122232794916879, 0.07454636986725605, 0.10639337486533734, 0.15266262367367744, 0.07061038933073481, 0.19117718022958985, 0.1300375945866108, 0.10946268821135163, 0.3210464658287282, 0.05818360319468551, 0.07639722432941198, 0.21277491267149645, 0.17817287207795202, 0.1307215316156889, 0.2107603034642428, 0.18935065393646558, 0.08093241524572173, 0.16498598856641478, 0.1516299084024994, 0.08020539698190987, 0.0676082088970221, 0.3367231557494961, 0.19918990625467684, 0.05462630424881354, 0.13206339484258067, 0.1266323799491489, 0.13111469323650515, 0.14845466058557996, 0.17847483418881893, 0.2611645758152008, 0.04596892072004266, 0.17737547424796415, 0.548021698602026, 0.586022046705087, 0.1376230684435812, 0.12143108339066831, 0.3403619691729546, 0.1412975862289646, 0.3630844204901503, 0.10581869876477867, 0.18065199255943298, 0.05450261071494494, 0.05500564981216135, 0.26543598730063095, 0.17963633965700865, 0.14044950607543188, 0.10686058656459577, 0.1584466146786922, 0.11180591656205555, 0.12947230866371556, 0.14357356604580818, 0.11831604686908816, 0.1720126251181609, 0.14249428997503683, 0.10445770303097864, 0.19701873167747788, 0.1683134315019299, 0.05878767045214772, 0.1780880278764436, 0.10080000486609955, 0.11127906768316669, 0.13768733411602546, 0.14833200844432945, 0.09559267011160652, 0.2795136455828563, 0.1318812737784659, 0.22414585747397864, 0.1299768177171548, 0.23257682292411724, 0.196663019404066, 0.1839475433031718, 0.17365950024686755, 0.15045000904559463, 0.17269116900473214, 0.39968388182266307, 0.17877005858657263, 0.2456344507405894, 0.24647099315188825, 0.3018771029109585, 0.2210839595645666, 0.29029558785259724, 0.1990029207714226, 0.18600232985157233, 0.08717077573467243, 0.16748204904918867, 0.1810679693395893, 0.16285317340386052, 0.21935991911838454, 0.16025003232373342, 0.1463621186254465, 0.19011433722208376, 0.1763028384377368, 0.15276400297451978, 0.14771582378695408, 0.17907213047146797, 0.15887653670812907, 0.14228403959602404, 0.17069430527245177, 0.15058449203414576, 0.15386583691581235, 0.1657531822233328, 0.1648348631337285]
2025-11-14 16:51:09 - fedex - INFO - loss data:
2025-11-14 16:51:09 - fedex - INFO - [0.49068554911924445, 0.2081011664122343, 0.2757837307233459, 0.2914333545229575, 0.2608759258713188, 0.2502849126855532, 0.3917427366333348, 0.3211760067380965, 0.3032259861203401, 0.20232601929455996, 0.4284708695877364, 0.3093926260868708, 0.20192338020095357, 0.20830822861271686, 0.2426929995417595, 0.09729791362963927, 0.37883041240274906, 0.18809055535177896, 0.17360154134703093, 1.424469659263559, 0.16101524309575535, 0.21563294062966284, 0.21832593027599312, 0.19538090571663097, 0.18615438740772122, 0.3687152450438589, 0.1929666289618533, 0.2008304127003972, 0.15698915877905878, 0.2834080532193184, 0.30520912135640776, 0.21803233912214637, 0.7126697199884802, 0.11487868502736091, 0.24339246805430503, 0.17415252840146422, 0.21915727127343415, 0.23766779387369752, 0.059148723958060145, 0.36173190772533415, 0.2438876501273835, 0.18540936450784407, 0.16287780351315934, 0.19192724486884588, 0.1600698959082365, 0.18107565633753048, 0.2008632409075896, 0.2401629313826561, 0.20719492200407244, 0.1514452675259427, 0.12541103249658708, 0.1885743845058115, 0.10485189786239249, 0.3706093147707482, 0.1610931154841987, 0.1570832116473279, 0.2521850910658638, 0.16915935433159274, 0.23528621578589082, 0.1476073246449232, 0.1550553641742566, 0.1791899532545358, 0.18639005368043268, 0.09565386071248905, 0.1954143211388817, 0.16171488809682755, 0.2365911143521468, 0.15091136764247148, 0.20245832422127327, 0.2935746436938643, 0.16550975702703, 0.7173742393490707, 0.28569804455923, 0.5241791196167469, 0.1461768253011278, 0.12985611790791154, 0.15909007396548985, 0.14249174954720326, 0.23967234813923521, 0.32152214739471674, 0.10688762637773135, 0.09169374553797145, 0.3590231223314428, 0.7763303556762959, 0.19836460377813264, 0.1333581342672308, 0.11303030061893737, 0.08350405391926566, 0.1525930662328998, 0.06189283720540026, 0.2781808727886528, 0.1538820931714946, 0.42352071280280745, 0.1660911370392727, 0.12619379224876565, 0.26774388631539686, 0.09212217247113585, 0.0723797227256, 0.09307424499032399, 0.06537057778601033, 0.08494799348185411, 0.19290970700482526, 0.09963661464862525, 0.1646164788639751, 0.09298382559791207, 0.07541589811444283, 0.1871429098626742, 0.07485051814560742, 0.060380887473002076, 0.19093426588612297, 0.16507926776138104, 0.12406295537948608, 0.25540431266951297, 0.20075744620213906, 0.07647413333567481, 0.15818298352445015, 0.15011763848658455, 0.0935364329488948, 0.05791406008379104, 0.3756746198050678, 0.26355760926380756, 0.06915665802080184, 0.15271665651927746, 0.1453996229622709, 0.13263690830368935, 0.1761004257087524, 0.06262464604030052, 0.22920463047921658, 0.1269092431757599, 0.17898012188471285, 0.5886466010821049, 0.6839629942016012, 0.13381164972343595, 0.1272296057042415, 0.30925969444215295, 0.1399718111913119, 0.3251095899882225, 0.1136713286396116, 0.20245878398418427, 0.0750709431908595, 0.06537236972676161, 0.2773805319169617, 0.12423509320146159, 0.1597404264224072, 0.0786756378488223, 0.13037630883527213, 0.09275273241413137, 0.15146517660468817, 0.15359000250817795, 0.12176375943971307, 0.1829557813158066, 0.18539125485611813, 0.09188210414722561, 0.21929788186777538, 0.16565163907815195, 0.07324021169915795, 0.1713749569697449, 0.17350981370187724, 0.13341800003711668, 0.14650352476818257, 0.1445255745951643, 0.0884542331409951, 0.2635518391736043, 0.15883422528859228, 0.23315318984588465, 0.12097680924352311, 0.31336067921171584, 0.05437593719957826, 0.16178625216707587, 0.19764501289464534, 0.1592023853726428, 0.09034191188790525, 0.4114034209555636, 0.1377805145457387, 0.3182092818447895, 0.26370051043340936, 0.28595536565086965, 0.2227656151564128, 0.19865436106920242, 0.1347865527090819, 0.18446489753058323, 0.07374582825669725, 0.19072321001440287, 0.1899772758834446, 0.17816014950440878, 0.21291507221758366, 0.18006316318260787, 0.16526212884734076, 0.2727217107363369, 0.17092514884634277, 0.15911527076500587, 0.19052990153431892, 0.1978414907659355, 0.18534959070874674, 0.16490588448225307, 0.1316409968803155, 0.1713497492351702, 0.17226498670577006, 0.1452672714367509, 0.14617498942340412]
2025-11-22 04:05:50 - fedex - INFO - loss data:
2025-11-22 04:05:50 - fedex - INFO - [0.6053957847934781, 0.4367207606633504, 0.22486280754674226, 0.3589878162213912, 0.6401086746094128, 0.3303892867051117, 1.2955607541662175, 0.5728129657088883, 0.2726216429449392, 0.7519916422320724, 0.256158901249162, 0.12452332966495305, 0.09139495588897262, 0.9888124496234922, 0.26629296168684957, 0.11266871099360287, 0.6340341330893958, 0.19112240329591762, 0.1915282860136358, 0.7152861579908252, 0.4440979612991214, 0.35166422183586593, 0.42868274978536647, 0.24689261659846773, 0.20056910345641277, 0.30009136387767893, 0.3004893898343046, 0.19314734975923784, 0.22068330169939263, 0.182838238729164, 0.09419087112799068, 0.4108337791015705, 0.04326755328705379, 0.24155944730672574, 0.5735840144463711, 0.12763514266471246, 0.1827943993055669, 0.22682565956243447, 0.16746544859256424, 0.21210039779543877, 0.15529796100842455, 0.0764397635088244, 0.2375397653540685, 0.1829500375515305, 0.1829494895103077, 0.14977905980000894, 0.20497645415986576, 0.16836028772273234, 0.13368209851905705, 0.12014000232995772, 0.13428613209080967, 0.15845648774764304, 0.15306886776248696, 0.23022604997580248, 0.24370551679749042, 0.2190016210256588, 0.1502814772605364, 0.13654683309460303, 0.14432431202980556, 0.12269466752045308, 0.09722146606315316, 0.3610974845166008, 0.18255923290482978, 0.15407850267930012, 0.23585974837520293, 0.20967688262462617, 0.1590206601457404, 0.09946318968568985, 0.20477180989026758, 0.10847909648534065, 0.1827681309277458, 0.12670350359154067, 0.14067958353737753, 0.2887586183596189, 0.16804626049374097, 0.18174443054678185, 0.10080616823397577, 0.16239479793505013, 0.22382311321174106, 0.14836955329008172, 0.15972657963125542, 0.08079085683095313, 0.252433804795146, 0.16827513735708116, 0.2457038335657368, 0.12963641659977537, 0.10809733810213705, 0.16444798178757386, 0.3608940054158059, 0.28681492395666686, 0.1455468732375829, 0.12391990313489892, 0.14111153584284086, 0.0690066231223422, 0.1059651848188807, 0.1261285525149159, 0.15625593070373206, 0.20040270875712546, 0.24316170228024325, 0.13311192011460662, 0.14082339963642881, 0.15848204094989152, 0.16943594338372348, 0.25476781465113163, 0.025420719928418593, 0.16071865995348034, 0.13245955108326268, 0.22798467334359884, 0.08525727828059138, 0.23975038256806633, 0.14186899270257586, 0.05275505685858661, 0.19579487882502788, 0.15543974388302081, 0.2330482424236834, 0.16474492956573764, 0.1513174647509697, 0.1277440081217459, 0.12664976151150076, 0.1653945681938369, 0.09805394754221197, 0.17861239746862062, 0.12987014455277296, 0.1685933974721203, 0.1715686387809304, 0.06707397257268895, 0.4817586855164596, 0.16914001138687706, 0.13700685252928557, 0.2438421474976672, 0.12831508042290807, 0.2875043282854474, 0.19143070678480648, 0.12894248212105594, 0.14207471429836005, 0.12302987198071444, 0.5076417718994587, 0.49199910822014015, 0.10741316823518396, 0.24604872741426032, 0.13102263825324673, 0.11861939669276278, 0.1385720003085832, 0.18443633251720004, 0.14961741422968253, 0.3196812442984083, 0.28542132810172105, 0.11106267327462167, 0.2827979976903986, 0.17889106477655115, 0.11659335245312463, 0.1556205943537255, 0.1823072334412824, 0.15534338587895036, 0.17780932039022446, 0.11759462519548833, 0.07643923173685942, 0.16274930405946048, 0.2717372747162396, 0.18942000564508643, 0.13903956833694664, 0.15468364670489204, 0.13282580602293215, 0.17528260983526706, 0.11728105205111206, 0.15774682766447465, 0.10595649722116915, 0.11653838439378887, 0.1666944918137493, 0.12842934818472712, 0.1055625341522197, 0.1376364569349045, 0.2252831906080246, 0.17648502693821988, 0.1750920808985289, 0.14636237255309698, 0.10243113404915978, 0.26020548304788665, 0.1528168638239311, 0.0905262500513345, 0.3043558318879352, 0.4607237700372934, 0.26697559271706267, 0.19480692787716786, 0.12020093595631243, 0.1887508110764126, 0.15827952390536665, 0.14303518521289033, 0.15915348707801766, 0.14377701934427023, 0.09388957209885121, 0.1691859014882842, 0.17245534295216203, 0.1898649789451156, 0.09379181045434154, 0.10790653399723982, 0.1254402330544378, 0.1889062116233011, 0.08154993868049454, 0.08542998569707075]
2025-11-22 06:32:35 - fedex - INFO - loss data:
2025-11-22 06:32:35 - fedex - INFO - [0.4355612686709859, 0.6880050731393007, 0.5772382273123815, 0.48581667912706444, 0.281542650407605, 0.17411645877873524, 0.19885757423608974, 0.2157661486902119, 0.25279998973240714, 0.2585724397659003, 0.24372501445836142, 0.16323108387251312, 0.22197279864205763, 0.25627243857724796, 0.23617844881955535, 0.09069763051957125, 0.2949210382674051, 0.41206838516309585, 0.2391042295927392, 0.18736953501565717, 0.1779135348418584, 0.046039952139056234, 0.2917230199628438, 0.23101908554717038, 0.22023427289668357, 0.24917925973064622, 0.17196775717326462, 0.03285540844544712, 0.24503933728827157, 0.17046638772202036, 0.14667107816387573, 0.22503423874043985, 0.22617974160239102, 0.12903452926697448, 0.2632784481559481, 0.09964360554481688, 0.1686349691202243, 0.16508757731914386, 0.15795736487668294, 0.20819249072422585, 0.2319968583989456, 0.20712365558559914, 0.12243375159700268, 0.17688777392061475, 0.14343601395376027, 0.06527780117501693, 0.30001612013847534, 0.19913886758208516, 0.17574730796095694, 0.14975888719782232, 0.04280516012491157, 0.01639722837777905, 0.23344473354518414, 0.19795400771474547, 0.16365836272218628, 0.2029410528693266, 0.20677672766737248, 0.2913576704808153, 0.24233598655888014, 0.3173951594320198, 0.13232824336051655, 0.2242046040124618, 0.107943493307595, 0.32375503213406776, 0.16174949342026734, 0.0772172414882031, 0.0837669517298179, 0.12377060430534094, 0.22858081477645198, 0.2009499701286169, 0.19677261816936412, 0.07709722238117442, 0.14857739955186844, 0.13089366758718998, 0.1430976817321677, 0.17347178456873155, 0.015916169395635595, 0.22094747701110984, 0.18389429180931888, 0.10452074317548138, 0.13712899647474003, 0.15922310810232634, 0.09479341216054028, 0.11397047366690226, 0.17950248030515817, 0.1765577848523091, 0.17141465697851446, 0.19120696573296475, 0.16119723503508576, 0.2128349319494055, 0.1647949206563835, 0.17255186556502874, 0.14027759468612763, 0.13543643619721898, 0.10858499691702234, 0.14028405153120937, 0.13807484396282765, 0.12690585658061676, 0.12003151907589674, 0.11889333692511264, 0.05526526362276248, 0.1960048957884034, 0.2260594885197601, 0.1732608349993825, 0.1249309190763877, 0.0759892660814027, 0.13655491509150874, 0.16382749849357287, 0.04183675386108613, 0.270443066095164, 0.13682868137167625, 0.1288647636778743, 0.08010331222083038, 0.14926374696762018, 0.12771889391408947, 0.17204988112122666, 0.17358829809818416, 0.10433183734615645, 0.08900158567121252, 0.16341474998717834, 0.12176178990039921, 0.12642873196225418, 0.15973981390742206, 0.11411574277847719, 0.16682920065442364, 0.13191249188578996, 0.13780331505273563, 0.18891490722695986, 0.1595004082114978, 0.07121324235534605, 0.13645449747023075, 0.0807814781100322, 0.2416825125558087, 0.1446178604920323, 0.13439846290991858, 0.1443678418484827, 0.13816727482480928, 0.22254638615995648, 0.27034021598788405, 0.11856816492121046, 0.14692214138553913, 0.1683942900970578, 0.17721109439124944, 0.18511771938691918, 0.10488340265051786, 0.1402199662560107, 0.24946176102623727, 0.1507945236749947, 0.13773145330532527, 0.1086330576083408, 0.17696094857283723, 0.10333985705465938, 0.1379904468045488, 0.08360678376629949, 0.10420556965573724, 0.11071474982712132, 0.14396723579201434, 0.17839677380287045, 0.06900434784932129, 0.12896972420638886, 0.18660561928095726, 0.1616223289232169, 0.13987017436394172, 0.13720973362573063, 0.08638871988156238, 0.09437014651126586, 0.16783818606922657, 0.11390790999732048, 0.13880615482807288, 0.16660045399867857, 0.07810222071573317, 0.08952880030523779, 0.1338946005114569, 0.16662643345301612, 0.18349190696485734, 0.12710755260195583, 0.16954926931514192, 0.11164197437465191, 0.05935926147919547, 0.2097464473042478, 0.17300007401810968, 0.16951775127141686, 0.15015605296052636, 0.055130153465222896, 0.2298228352463671, 0.06946800642617745, 0.06346014279048318, 0.24222389813512563, 0.056309767973808836, 0.11070191993756773, 0.23751470961150117, 0.24612581599428343, 0.12168705800118355, 0.14062775493889806, 0.0952060668108364, 0.17481673580522722, 0.1902057498534161, 0.15403606624652944, 0.12579637735437316, 0.13559081417818863]
2025-11-22 08:41:56 - fedex - INFO - loss data:
2025-11-22 08:41:56 - fedex - INFO - [0.39075312367640436, 0.4089769998062698, 0.2185050155856602, 0.6712722857059403, 0.324984960912755, 0.26422509695383123, 0.2749368764925748, 0.18650118162345497, 0.15810988814244786, 0.17598861269652843, 0.10552637100530167, 0.32038144554410664, 0.4494350343593396, 0.1884920354403386, 0.20502721656565415, 0.3321270565172502, 0.25313177323550917, 0.08635499064500132, 0.11788521520738002, 0.21486100225177193, 0.12782102448141408, 0.3876402983441949, 0.3809449812175617, 0.18999194586649537, 0.22354158427080384, 0.1464059238593715, 0.14265213425299436, 0.4375589390595754, 0.11198700260138139, 0.18609363196248357, 0.21055740472816287, 0.27392427416761284, 0.17090849722312254, 0.20022485929075629, 0.08574870248828251, 0.19597705947235228, 0.10251997065109511, 0.16814008138608189, 0.6092843863562766, 0.18044100341106217, 0.25929274333810265, 0.11340913283250605, 0.1604765468373798, 0.1911753794134018, 0.14133126933154636, 0.26917153102112934, 0.09088948646860673, 0.18851962871073435, 0.13621874480242174, 0.18458194349659607, 0.06814643758947828, 0.3883005750027396, 0.3160977971607021, 0.09756620998959989, 0.1695728861740318, 0.23385319654785452, 0.20002170286274382, 0.2891733699478209, 0.11659261493769009, 0.19371285873930902, 0.1282445856370032, 0.1475758737535216, 0.06558795910677873, 0.10537766493254584, 0.1329498053936578, 0.20600326882586592, 0.20049550727985443, 0.14671590391151382, 0.41216931644982346, 0.1619046341627836, 0.2751552870807549, 0.0974360237858491, 0.49752415623515844, 0.2224573439132655, 0.12489123164947766, 0.11191202797514657, 0.2901914172051918, 0.0938778886940175, 0.14551702927565202, 0.10997156157668325, 0.28314016107469797, 0.09908441657898948, 0.3124300611554645, 0.21056403222451492, 0.4005334919861828, 0.24758773538439224, 0.1282455590747607, 0.12759058202272686, 0.13095979708180364, 0.16499339437319172, 0.1096074695388476, 0.05771314067145189, 0.45116750541187467, 0.20056754672391847, 0.12659858771422433, 0.14976570109969803, 0.24762897565960884, 0.3093047125948942, 0.13688844758207383, 0.14661677442221105, 0.20622400484809822, 0.19135463216596027, 0.20407570501450786, 0.12537518166573136, 0.08673297314366903, 0.042546061892163214, 0.2367780348751694, 0.20032895472832024, 0.22403220575528615, 0.17630419018678367, 0.2625177336235841, 0.17240750313397835, 0.39820798752109776, 0.20989107127700532, 0.545428263594485, 0.15376762735817318, 0.15502727369312197, 0.15642092659972706, 0.08825338642151716, 0.34913846240378915, 0.09299234953165675, 0.1445829588919878, 0.14204013856305253, 0.13382776532406834, 0.20282551599666476, 0.15586609616041702, 0.19739759249496272, 0.17866803079636562, 0.09656156998244114, 0.07438429402871848, 0.19875376148016327, 0.11765519310332215, 0.1548362539629593, 0.060191877179507476, 0.1577442767032023, 0.23436237939379434, 0.1309389418932948, 0.14411705886154913, 0.06412623374490067, 0.06193420987692662, 0.22909517066242793, 0.16528061823919415, 0.12290081802445153, 0.3953903579385951, 0.1031126080602205, 0.21183188704566824, 0.1410328110113092, 0.13228254318237304, 0.15206851089570783, 0.041041196277919446, 0.1773970853980808, 0.2489021978651484, 0.4172811490219002, 0.2605218779916565, 0.13311110431372764, 0.3134863799515491, 0.08041263699609166, 0.09804020301283647, 0.20754381726411256, 0.18312112885442647, 0.16800930503911027, 0.17932929800424194, 0.12982592372825802, 0.16337618491868827, 0.13558537492321598, 0.08162749798946259, 0.05242058348764355, 0.4741557671555451, 0.2659255700496336, 0.2134129473318656, 0.11288964212872088, 0.20460854756335417, 0.29248358914628625, 0.21400138858536427, 0.2803103714250028, 0.1385326162222531, 0.15044306567500507, 0.1608691782724328, 0.23550070819578, 0.21993529991734595, 0.18447557530765024, 0.1227725240557144, 0.09846903428745767, 0.13639726771701438, 0.1506629299727224, 0.14760598373333259, 0.09086526788416363, 0.16518302909521895, 0.35458132810890675, 0.19720118542900308, 0.29098634235560894, 0.24261420600764128, 0.24403629092765705, 0.20147780914391789, 0.21240398685701867, 0.194244686452051, 0.23669889361287158, 0.2253024083163057, 0.11445850793864917, 0.2476590983569622]
2025-11-25 17:33:31 - fedex - INFO - loss data:
2025-11-25 17:33:31 - fedex - INFO - [0.6076808525531581, 0.7121143966913224, 0.778940349072218, 0.912210239097476, 1.2626168585071962, 0.6552469812699461, 1.5244005866115913, 0.7628930931289991, 0.30049829792344207, 0.6033303232298446, 0.3611604496319261, 0.13475700747221708, 0.10765807299564281, 0.8523610717975922, 0.2982419880107045, 0.1257503333501518, 0.5523552022253474, 0.20189080557061567, 0.19694808335124334, 0.811081544883685, 0.5546074733138084, 0.44186986963419866, 0.4309942121714509, 0.2427404353523993, 0.200071307644248, 0.29519034120889887, 0.30314952836682396, 0.19587782278152494, 0.22568184729008112, 0.21179293418924014, 0.09701119032003643, 0.3642144352197647, 0.05783859476780183, 0.25003214574988103, 0.6659969429278539, 0.14483464946873328, 0.19795227597545212, 0.19732571260205337, 0.17740649171477926, 0.267689386382699, 0.1617954281779627, 0.09077679724214249, 0.22326555474262152, 0.2279509515258145, 0.2410583025465409, 0.1650973529399683, 0.2411176094164451, 0.19470786071190288, 0.15772359821324547, 0.12512463725751413, 0.1615760208241585, 0.18417805895547973, 0.19720295293867088, 0.27085952600464225, 0.2631639301156004, 0.23989227331642593, 0.16603805971099064, 0.16097911813939433, 0.1509100400510111, 0.1539830735066172, 0.11255513147092036, 0.41492152741799754, 0.2125284750945866, 0.18584605571672774, 0.2549955086516482, 0.21601019501686097, 0.16822000228733358, 0.11267726817014218, 0.22419573417947894, 0.11238833190703493, 0.20842250507945814, 0.1288670778274536, 0.1882189041417506, 0.321009512423431, 0.24153916296061306, 0.19540272699669003, 0.1258943102374259, 0.17587833830803704, 0.2734310617670417, 0.17410736610887179, 0.15044708360889644, 0.11019045445469342, 0.25446347636170685, 0.17035404551175556, 0.2540812514101466, 0.12751201713972754, 0.1342453336964051, 0.17546377787851575, 0.4224705566496899, 0.32977600335563895, 0.18730830786572325, 0.1609533585495118, 0.1750303636615475, 0.08224047076406091, 0.1375055120643319, 0.14445577018393846, 0.23029687202402524, 0.23297848776985322, 0.25431465366855266, 0.15468074401308385, 0.18479893817566334, 0.20828182621580826, 0.2356468191370368, 0.27100028408070403, 0.036162020562915134, 0.18011838546954095, 0.1703770045064051, 0.24222785886377096, 0.08441000538829636, 0.35116044462968904, 0.1935545590633599, 0.06629841153561655, 0.20088476790826665, 0.1968179902904445, 0.21316435911382237, 0.1734041347905683, 0.20031479614831152, 0.2870387959160975, 0.16882020746845575, 0.20348867974909288, 0.12688935842339155, 0.2074381414603329, 0.16607951829431666, 0.20071137177624873, 0.2072681194792191, 0.09540742040553596, 0.47326531088245766, 0.23465293910439042, 0.1518888549294834, 0.3173313503050142, 0.1448426222971951, 0.2970459285295672, 0.22995437503877011, 0.13885874095010675, 0.22711942438036203, 0.15960886419058484, 0.5351079571332472, 0.5673454654713471, 0.13749466566166826, 0.31189886424690483, 0.18137090653181076, 0.14490927574335644, 0.17155333499734599, 0.19716626121145156, 0.16905525040014513, 0.3195532596747701, 0.28701733580480016, 0.12580246830475517, 0.34167612335559994, 0.2742820701428822, 0.1723406621433719, 0.18298694943595264, 0.2158422124656764, 0.21264437559459892, 0.19683530181646347, 0.16588281448930503, 0.09181073559539428, 0.180419943035425, 0.26757201391349855, 0.20756073430387945, 0.18427080122221795, 0.18713028933487685, 0.19890396445989608, 0.22646391335874796, 0.17757054730318486, 0.19751808263060108, 0.15623468660156836, 0.17447401462122797, 0.17180225281231937, 0.16703388498475155, 0.15039870494863752, 0.13963388778607955, 0.3014758314937353, 0.22551096187283595, 0.23523480820336512, 0.17607327368618414, 0.128151453151885, 0.284637288759566, 0.19785485374815961, 0.08627610382973216, 0.35136660910211504, 0.5027154552439849, 0.2915842499700375, 0.2548427442088723, 0.14772308246040391, 0.2113793500965195, 0.17918801521882416, 0.20242052158961693, 0.2009092601430085, 0.2025445446238986, 0.11806960278190673, 0.2765618571157878, 0.21698708335558572, 0.2415602072433103, 0.11105324861176391, 0.1489274980234248, 0.16097610406355845, 0.2525360770523548, 0.09872248483931317, 0.09586781420124074]
2025-11-25 19:18:49 - fedex - INFO - loss data:
2025-11-25 19:18:49 - fedex - INFO - [0.4438885196398657, 0.6837077758960671, 0.5851555672975687, 0.527747820695176, 0.4632133766573075, 0.28932500476824186, 0.23928081234864526, 0.2225412449624855, 0.29939352946453973, 0.2762618240990667, 0.27885350387445407, 0.18570313188366783, 0.2286610836879565, 0.2677831596851973, 0.24911515428684652, 0.09945876950694668, 0.28323525724851567, 0.4291625641749156, 0.2728086594856323, 0.19241852987891972, 0.2097514958192523, 0.03595190767477366, 0.34616882163458146, 0.23182059869734356, 0.22494423835866362, 0.2711048066042937, 0.18878056808756905, 0.03160822565365419, 0.26261774526705384, 0.2071659815079276, 0.17695055667183593, 0.24482832675581037, 0.21541393389925362, 0.14376052179767823, 0.2385129336533802, 0.12261460623584497, 0.2681282199919224, 0.18080288655369808, 0.186639057758909, 0.20720560991515716, 0.22237812872121498, 0.22505127571901118, 0.1334037902093057, 0.2120681390643884, 0.14594933025849363, 0.07695548360854793, 0.30217253468170713, 0.22249381701925747, 0.19359875498259932, 0.17207885414698265, 0.04095711008882902, 0.02491126170770301, 0.2587773392442614, 0.21844917565946154, 0.19604078667116878, 0.17933516270984132, 0.22201155806695552, 0.2794806889903087, 0.3175484175128596, 0.3288499135792685, 0.1493724109959262, 0.2320257011544294, 0.11617728192336821, 0.2540538582892623, 0.1864894277846011, 0.09003449216991916, 0.1071389931145989, 0.14802283135896477, 0.26341625299108656, 0.2120604269640674, 0.21962578627206975, 0.09348889275764426, 0.1709244605153799, 0.16271574338232833, 0.16489748848387253, 0.18968512503888232, 0.023800901972188534, 0.22848813480315067, 0.22945407335401366, 0.14355081876811498, 0.1429151556490419, 0.16718218405107368, 0.10710724632148273, 0.12398095309282116, 0.22356717123721653, 0.19278881431867678, 0.1929381951275799, 0.23050978000142747, 0.18110705630413695, 0.25243752758842014, 0.2314697880970521, 0.20747247360918203, 0.21127577684819698, 0.21549968313998902, 0.12125199851221763, 0.16134953491974813, 0.16110549099943205, 0.15504828538933696, 0.15586942368637488, 0.16009375893771044, 0.08253937187449385, 0.2343381099483889, 0.2673148389312101, 0.23022668256113926, 0.16215645915900284, 0.10171111564462383, 0.16601500878434466, 0.19818207322118375, 0.05876402003923431, 0.29936326667666435, 0.15735775079721442, 0.16871435540211707, 0.0885671789232546, 0.19029757105542916, 0.14753828830390164, 0.21192952019995764, 0.17957816673442722, 0.15141600258648397, 0.16636101860785857, 0.19340762801125255, 0.15213682567363307, 0.17049227645130532, 0.20614562666785896, 0.1523797508687354, 0.20016012070035297, 0.15368450539535844, 0.17988914317734864, 0.23250934236372509, 0.20726754864329822, 0.10609945848894617, 0.17174702030559846, 0.09879620242863893, 0.32134062293558735, 0.18067901297875394, 0.17609649391200108, 0.17844737156604729, 0.21644423506222665, 0.29224940213995676, 0.3354128798963422, 0.1756983982088665, 0.17742561978616433, 0.17200176377470294, 0.20758052716250364, 0.17527589815167283, 0.13834573179938953, 0.18276371059841232, 0.29985587733248487, 0.20745825283229352, 0.17789134863190925, 0.13063509271551782, 0.23203832877421737, 0.14314302573732746, 0.18078493026918485, 0.10684003620945777, 0.14507283893317283, 0.1639555120267547, 0.17524013347509834, 0.21273508428462914, 0.10297543382538217, 0.1614836215675957, 0.22325982455020915, 0.20503260898403824, 0.1634486595155513, 0.1897796315749964, 0.1255912818462373, 0.14138067121116016, 0.21903314561673431, 0.14592294056994326, 0.15739319049235848, 0.21993690975941718, 0.1064966040596898, 0.11946189869195223, 0.17890994631900237, 0.20607365629913516, 0.23745202081964206, 0.16244478151202202, 0.19756608158349992, 0.13894534254343147, 0.08843395253643394, 0.25526443215357697, 0.20348388111211269, 0.23638076368709104, 0.20484216132955183, 0.073183617032655, 0.34432386548391414, 0.10145107709104195, 0.08799743063580723, 0.2990587065671233, 0.06754966987396724, 0.15049325419937845, 0.3153529444952374, 0.32895095706709965, 0.14318554404263312, 0.15924616558816632, 0.12979205357583445, 0.20697128937508052, 0.22479752402164432, 0.19782558071116607, 0.16371393569100362, 0.20901834884037573]
2025-11-25 20:50:11 - fedex - INFO - loss data:
2025-11-25 20:50:11 - fedex - INFO - [0.40532141691073775, 0.4249221958693058, 0.2388205848013361, 0.9604370405220173, 0.5952804504921942, 0.39472947212427983, 0.4656105963513255, 0.20037103082895988, 0.17407899519192085, 0.22044195127673447, 0.12009765161201358, 0.33541269320994616, 0.49505098070949316, 0.22424849273044278, 0.24197718704288657, 0.4595267368053707, 0.259982574993046, 0.10035838877471785, 0.14084611560572824, 0.22697591859226426, 0.14353437006606587, 0.3531035164681574, 0.3743687246848519, 0.19484347833453544, 0.25399635625994144, 0.18240356319195902, 0.14431185355466425, 0.40674271452284994, 0.12127376415301115, 0.22274090919050982, 0.24108796433678695, 0.2451881079165184, 0.18246146098350768, 0.27441254442868135, 0.10518954106900354, 0.21163225810353953, 0.1237364522802333, 0.23677279045805336, 0.6302609055754587, 0.19164601849421622, 0.2945366144236742, 0.12647067557554692, 0.17738666084647436, 0.22718894402385645, 0.15760093291654537, 0.3148016603663564, 0.11531099917677541, 0.2609655142490131, 0.17023951881454283, 0.25843604502733797, 0.09468107810798324, 0.4151095903500737, 0.36643964282259167, 0.10513252800252909, 0.1912560152735759, 0.23915994442289784, 0.25697183715445654, 0.4158030385617167, 0.12591532546503004, 0.24686241205781698, 0.16070664580911398, 0.18529059301751355, 0.07410233159316704, 0.12546620048005538, 0.16764161747968978, 0.23960338373269352, 0.21705599873149323, 0.17880442906735522, 0.4603627010481432, 0.1886107154811422, 0.31746899605625206, 0.10467220836920509, 0.4472380846273154, 0.26172615671530364, 0.1328031374257989, 0.1351140085501053, 0.35176810954830473, 0.11136443090702718, 0.17320905585074797, 0.14766817807796456, 0.3010787134990096, 0.11596439575077966, 0.35935391642463704, 0.2450215831144967, 0.43946452790405605, 0.2898282008866469, 0.1767151423005594, 0.14370552064982528, 0.15573597486751775, 0.2056628741427428, 0.14656542704130213, 0.07771127672555546, 0.46528518324096996, 0.24167250977321103, 0.15853270731999405, 0.1734049450051749, 0.29930749716180743, 0.39669345156289637, 0.15778994936803087, 0.17529417800005548, 0.3129111750347709, 0.2776463290845806, 0.2629077909895303, 0.15906718594487756, 0.11654027616133958, 0.061127885917198616, 0.3334279477596283, 0.23816876468093445, 0.2874218225479126, 0.1998953079538686, 0.259247904845203, 0.22714994799091734, 0.4772053848190064, 0.2832016279654843, 0.5834631744073704, 0.18695849721141233, 0.1758393995463848, 0.19395446285879586, 0.11034893977145355, 0.45126402089372275, 0.13231874333384136, 0.1794737324817106, 0.19425891963321537, 0.18556811643595045, 0.27768562716664746, 0.18630154066218746, 0.24825415651624402, 0.2113756255971061, 0.12799876526696607, 0.10505851820779194, 0.29046181589365005, 0.1206391076130482, 0.18848567903888497, 0.10018852550225954, 0.1948986195244028, 0.2631882293657823, 0.16373814666770736, 0.17629312190481206, 0.07086512085516006, 0.07329442136688158, 0.2993118889733321, 0.17198757446991902, 0.17203832035743152, 0.3825700820268442, 0.12577406112003425, 0.2480857742152044, 0.17327830763668686, 0.1824520342051983, 0.17879076518936815, 0.06356484883220956, 0.2709347750282004, 0.3222430585262676, 0.46406678888650443, 0.2937801662987719, 0.1494510125901018, 0.35822773292505494, 0.12275077075982052, 0.13314578050437073, 0.22707696676000275, 0.20168996382166038, 0.2263510853983462, 0.23220886830018744, 0.17283556276857098, 0.18642998516316647, 0.22310600745388204, 0.12335162379424132, 0.06775554109675189, 0.5227642297478658, 0.30925020894833977, 0.29733972003062564, 0.14742951718572941, 0.21482297874366243, 0.3386764205766447, 0.25047547632659023, 0.3545507801075777, 0.1666630318315772, 0.16237145758396576, 0.18599689222089405, 0.2617385368661157, 0.26410335595054285, 0.22496914588624523, 0.16400460160470434, 0.16156207987417776, 0.18087327340617776, 0.2025834933765942, 0.18731522590276742, 0.11565429238558171, 0.20449245877733285, 0.3810616862028837, 0.24205443523824216, 0.31104966439306736, 0.30080144496067707, 0.3358481622167996, 0.2519238206025745, 0.2606871443038637, 0.24801119792585571, 0.27085076995038737, 0.23525214727435795, 0.16124589843111056, 0.26686936523765326]
2025-12-18 06:54:45 - fedex - INFO - loss data:
2025-12-18 06:54:45 - fedex - INFO - [0.620289501796166, 0.49394980259239674, 0.20765469222026173, 0.23550740127878572, 0.49431583510401345, 0.2315835910290757, 0.9247178917868457, 0.37442289399673384, 0.2753190857358277, 0.4283789017061887, 0.2685404649719295, 0.1149157630483765, 0.10886719501607556, 0.8779970554295384, 0.2862029330240506, 0.10614313633737361, 0.8665331368764682, 0.17535496456225197, 0.17831939436534108, 0.4481391124567987, 0.31188066217761773, 0.4677791991792522, 0.579702894825156, 0.2225393473525487, 0.2052537746775973, 0.229103725836871, 0.2527073338006933, 0.24401015722881614, 0.20283238074431817, 0.21836599456146358, 0.08987683416796952, 0.3021646593274041, 0.054854404065796794, 0.17167168544862457, 0.38473078486155526, 0.14830049119082106, 0.17699251238567132, 0.2255791719429768, 0.11858797053347289, 0.1952210166491568, 0.15663883367440468, 0.07760949082755057, 0.19832533647139103, 0.18310922289577622, 0.17169727752694772, 0.15647009823005648, 0.1684580049455343, 0.15684706741359106, 0.13982044144067912, 0.11109304190273786, 0.12613967485747046, 0.15351434147451073, 0.15157664198762713, 0.2359588816126978, 0.2235875764163211, 0.20841328132720222, 0.13520888717418225, 0.14037946340007088, 0.1477222682364906, 0.1255820137516518, 0.09964572408158953, 0.24097038482785027, 0.18464325441136248, 0.15827363063581287, 0.1727429720173989, 0.20278537730319482, 0.16662155985354615, 0.09101758346344771, 0.1639944849089564, 0.11410328921726129, 0.19081566175983217, 0.11239364735173205, 0.12155614152415804, 0.18261739519657566, 0.11587250803698568, 0.1561684264324268, 0.10867015385851522, 0.1272482428699732, 0.1868643546428454, 0.13428264398438233, 0.09885498807998375, 0.09229438604282526, 0.19466685585211962, 0.1736056030339872, 0.19564794441560351, 0.11343055815316003, 0.12401952368090861, 0.15685444241098595, 0.2538450637760553, 0.1663696756405342, 0.13434521737030874, 0.1089403514022706, 0.1617916549068122, 0.06293435028161515, 0.10796078615045795, 0.10594036870558436, 0.17516069633599657, 0.21807013181217674, 0.29361048148712143, 0.1382165988598767, 0.25728960437279763, 0.1659774429552878, 0.14187622951964537, 0.21116859245706687, 0.01742884327945325, 0.16109874136080699, 0.13481207063111167, 0.1921537087764591, 0.07688794392549123, 0.18308300511809208, 0.12750761877645606, 0.03546799680435571, 0.14377099174905905, 0.1363720790932088, 0.18101863940387514, 0.12858802023609833, 0.1594243281642862, 0.1433330367019932, 0.11845917575161105, 0.16896925436643262, 0.08807593665579111, 0.14029554925280424, 0.11858033484757124, 0.12925157953785466, 0.16416714220858095, 0.08299317072184445, 0.31255499137422216, 0.13545391533213358, 0.12430636931394198, 0.18620344429251012, 0.10032412795805033, 0.313609655251235, 0.1718170350883156, 0.1025985241033292, 0.11067566622725941, 0.10951312938317036, 0.3380506851374068, 0.22532964183306886, 0.05443214296537917, 0.2878315068160494, 0.12682853537526997, 0.11889821332043563, 0.15763095002621413, 0.2443809848479254, 0.16612489720961698, 0.2644079798687017, 0.2284010301809758, 0.10283180068777945, 0.3479761697640199, 0.1397069449323572, 0.08388624012263285, 0.15617820038460195, 0.14441099759812157, 0.13346200875405756, 0.13722826819866896, 0.11535193622555762, 0.05151695547053047, 0.2218243014610683, 0.16771410473368387, 0.17057182292143505, 0.10617383748259662, 0.15362177895537266, 0.08943680839582507, 0.15955185102454075, 0.116211801257944, 0.1473935646766966, 0.11145937648113996, 0.10868861363638961, 0.14083123371327438, 0.15019690459805793, 0.12350538067209224, 0.10670904302969575, 0.18609759807845372, 0.1693495594120274, 0.12295708384897028, 0.1304924484187116, 0.09704511022428051, 0.2774381180345598, 0.1562959032172027, 0.05047492067484806, 0.30302716262069423, 0.4563974908863505, 0.27055381029689063, 0.2443704495051255, 0.10692714048513713, 0.213395309196009, 0.17791200192101922, 0.17132786569030334, 0.1650366972252313, 0.14222855836019985, 0.08575898911803961, 0.1794491562914724, 0.14092797437721552, 0.18434088996921977, 0.07982856602563213, 0.08055392674370004, 0.10973878178268759, 0.2119769072414122, 0.05573440780604465, 0.08379112205778559]
2025-12-18 08:19:12 - fedex - INFO - loss data:
2025-12-18 08:19:12 - fedex - INFO - [0.3922656683728565, 0.6520259971065181, 0.4533230780552213, 0.20707436439158672, 0.2280651407435025, 0.14681587122106943, 0.17103833520924566, 0.17591405979049643, 0.23811899004504083, 0.2445031363087205, 0.23897050594290098, 0.1693779999139504, 0.20398377764683503, 0.20093341374983234, 0.2103272351125876, 0.08090870658481975, 0.31478999430934584, 0.1598852230589575, 0.2391592283644492, 0.18636231794714547, 0.16642386979566742, 0.037388202884617555, 0.2509292396263052, 0.22906133725210867, 0.18258950470831808, 0.19114418972570163, 0.16451032837160312, 0.02521357056765097, 0.22308265623899226, 0.15918371070680828, 0.15483124553061584, 0.19402607853213946, 0.22270194815161326, 0.12047400790750264, 0.23540618759579957, 0.08325457243803472, 0.13920668344944714, 0.174054930967224, 0.14263040437936209, 0.20010143366331856, 0.1400425465943864, 0.21836274781574805, 0.10258654627996967, 0.17524803374798442, 0.12722365143708886, 0.05826252929891106, 0.2153815144020859, 0.19792809046184023, 0.14472749409608215, 0.16201344766293413, 0.034299161888435875, 0.035968538207338564, 0.2773653704673052, 0.18705625574892532, 0.14899081143861015, 0.16484817788289177, 0.1869034588492165, 0.2255557595193386, 0.2245928724148562, 0.23330456340576908, 0.14580524834721312, 0.23261349561546618, 0.08484041700066883, 0.28486078974100465, 0.13720435422224303, 0.08613845662912353, 0.06473509364392763, 0.11064071564171173, 0.21741114067327644, 0.18659184257100736, 0.16060473471723435, 0.0918878644433183, 0.08681454711283246, 0.12514994241913274, 0.1316414231294766, 0.1387328628217909, 0.011194060774787094, 0.27185393352777254, 0.18821505103260278, 0.08863110817093492, 0.09631756120779289, 0.0789948060105585, 0.06134908300375219, 0.09558671699021944, 0.14195955221825546, 0.1937812430676646, 0.1929074165493469, 0.20268159648847012, 0.12701123504314807, 0.20358985328279874, 0.15364932335933723, 0.17037571442361255, 0.10713090385811833, 0.11261782313410479, 0.09446414155566182, 0.12443451239688633, 0.11767522807621086, 0.1282927480248812, 0.13859387228343015, 0.10815612547090636, 0.0672761965484824, 0.17798451852009056, 0.2205586470101371, 0.16331022984037796, 0.0963170117062803, 0.053487174981273714, 0.15035069383059937, 0.15218227843885335, 0.03504938807794436, 0.2688947792785863, 0.194515124507523, 0.11599044594107769, 0.07626794345618691, 0.1667641018672536, 0.1039329526340589, 0.16380061136039262, 0.1726430068232326, 0.09777315767326702, 0.09033484507041672, 0.1623979652610918, 0.13938411329096803, 0.14811724644775193, 0.14476381695297147, 0.10679153744011927, 0.14757213870928224, 0.14523992244309436, 0.1542480873099218, 0.1949657586661892, 0.11785630285893414, 0.05909441617841367, 0.12845461759955074, 0.08099804807382335, 0.17206075251586017, 0.10786710825909931, 0.11036348858816872, 0.17284477280142407, 0.09705371086796125, 0.23796390475860485, 0.18113287376897302, 0.13221072290713587, 0.12042230913762514, 0.1856808430980891, 0.16012327772565188, 0.14579363072084056, 0.12084951284341515, 0.1483876545370246, 0.21118897936617337, 0.09639167645946145, 0.11806415662061996, 0.08176906599748271, 0.18799979056542118, 0.07573459725200127, 0.1495231109050413, 0.06613128368100656, 0.10777149899438834, 0.09091913473541634, 0.1653117751401356, 0.26861717541900426, 0.031906925285174685, 0.19277888174013544, 0.16523385010400993, 0.14824052994070505, 0.12275993183876077, 0.13130367640095453, 0.0573032629216472, 0.08370989604841153, 0.180531801453505, 0.14504961407898614, 0.11663354088935782, 0.15224210787803316, 0.08705528248963809, 0.06721371572291222, 0.15402616598085164, 0.2115349749258409, 0.16539834413625715, 0.08149541135256488, 0.17006942691488397, 0.11593402101402628, 0.05116674739143087, 0.2365789205832533, 0.16227731835097076, 0.18230684510527706, 0.1547718875032539, 0.05140694830342438, 0.2474633424990027, 0.06162302635299663, 0.06775329561748852, 0.2574351823888719, 0.06099623302687649, 0.1055354482366669, 0.2548579219170512, 0.24190460874293096, 0.11576834107749165, 0.1375974437656502, 0.085671591430939, 0.12495881243143231, 0.1907908958848566, 0.152398780391862, 0.0846377776022284, 0.1451083050730328]
2025-12-18 09:19:40 - fedex - INFO - loss data:
2025-12-18 09:19:40 - fedex - INFO - [0.3324247805579078, 0.39667433824700615, 0.21082020007694763, 0.32100968820131603, 0.271123362891376, 0.26687256569663687, 0.2406941183471298, 0.1811440590613832, 0.14860992392607253, 0.1600957808434032, 0.11230786198284477, 0.2959659738200051, 0.23908926544910564, 0.1772470967785921, 0.20063519400234026, 0.24222389783133708, 0.21648810093756765, 0.09078447811771184, 0.12555876200979887, 0.18549887750488825, 0.11624502134361012, 0.32673715854374075, 0.26949535191635643, 0.18713713595183096, 0.22053852302259674, 0.11783029412617907, 0.15464035477156618, 0.31040217166241163, 0.111416089439687, 0.16319903992587656, 0.20245758235597838, 0.23341438132559972, 0.16827992040184436, 0.18030323971567364, 0.10684816110976195, 0.19779804707913284, 0.10496076967877646, 0.15531670840267142, 0.44098916254422094, 0.16608064553937785, 0.23354589464142916, 0.08491365797817707, 0.15478306833635241, 0.1481803517914765, 0.13501372624499103, 0.25424102912074886, 0.07547816930822418, 0.13657488708849996, 0.14140515208292084, 0.15016477677078607, 0.06650720437755808, 0.3100756086975231, 0.367173111427101, 0.11342193106344589, 0.16256839725207173, 0.18529529105871917, 0.2037625938428791, 0.22730143201586447, 0.10929659570101649, 0.18017214811512067, 0.1404636098925645, 0.10972893432481215, 0.06291586834205581, 0.12144052111321972, 0.13198895767272917, 0.23010052318374316, 0.1786177556895252, 0.1512480905725776, 0.27864045432652346, 0.11451639361442639, 0.24006497454555598, 0.06662354887749851, 0.3037061402230479, 0.15981946968179392, 0.13587687795516104, 0.0857523545571894, 0.22101690393950169, 0.09672762801466674, 0.1383865450769441, 0.12686892833250263, 0.23897249717265368, 0.057762494103371864, 0.345599389472045, 0.1323309598040836, 0.2781523138551468, 0.1744764181242014, 0.11878229413737205, 0.12156823192199226, 0.1373323556123815, 0.12650695735072137, 0.12407117527573763, 0.06317045616839702, 0.32961301372519564, 0.1554877094347917, 0.12341144965251996, 0.12176061528125068, 0.21132363189632694, 0.31634395064708465, 0.1294163915348084, 0.1470517048922678, 0.1826943131599909, 0.17873724089225843, 0.1804804167728334, 0.12841216318664095, 0.09015689014146726, 0.036969727657075666, 0.2258899427496975, 0.21174658394108214, 0.2506275774911046, 0.1465022012221221, 0.22897044661610078, 0.12788576126470053, 0.36362317994713694, 0.20864484946315104, 0.4063342745580788, 0.152716232248235, 0.13427509043078617, 0.16365481517277658, 0.06265949770458974, 0.3420621395160101, 0.14885240011249803, 0.12256285735514082, 0.125714530156958, 0.12506410219662245, 0.15951827749377118, 0.1492701266135555, 0.20910242784205668, 0.13330038489006898, 0.07703726217815919, 0.059028556089423055, 0.20230686601424808, 0.106503235917106, 0.17402221869366863, 0.06864128942834213, 0.15713081397832585, 0.17695185945679742, 0.13694576779477452, 0.13122727662945788, 0.04365977331846287, 0.04925354828058455, 0.18308798112979563, 0.23410196996160917, 0.1388608051231131, 0.33057403275743125, 0.10357988950009236, 0.16922590546141383, 0.10359175941751649, 0.10639146028639734, 0.16073326823146394, 0.050132057982652134, 0.14992876378043246, 0.2219171665298442, 0.30962235946374544, 0.23620158991377269, 0.1104635829349891, 0.24654877598871264, 0.053634327965532885, 0.08820852737602157, 0.18432694377732417, 0.16070168440984117, 0.2081182834875238, 0.16950841560416544, 0.11372761493548751, 0.14552988186478616, 0.15994921921040206, 0.08879909179716682, 0.04373780201810101, 0.4358075113250659, 0.251639348307314, 0.17735714611286918, 0.09311329317918303, 0.16737004483972365, 0.2410884717495979, 0.21841896671491362, 0.2098096504009196, 0.1375572355378815, 0.11233868313599293, 0.15863419362964729, 0.23820484220050275, 0.18992315544746818, 0.1492507212795317, 0.10039912690685707, 0.10927563685358369, 0.10713975467563917, 0.15282747720678647, 0.16081183457579942, 0.09551057104642192, 0.1535444713984838, 0.27600518627358334, 0.16790223572517565, 0.2731510033564908, 0.1980283640169849, 0.2340521622387754, 0.1786279037881356, 0.22244876136426772, 0.1916229547300775, 0.22370788711123168, 0.1458268447134357, 0.13522889571419605, 0.2477088449522853]
2025-12-20 01:01:21 - fedex - INFO - loss data:
2025-12-20 01:01:21 - fedex - INFO - [0.6178342503805956, 0.660620320836703, 0.8790815260562331, 0.6928046479200324, 1.1239636153137933, 0.4352259804006844, 1.022852644095489, 0.42209693300596557, 0.3081781617055337, 0.43599705903131203, 0.2516255344557011, 0.13675240774384956, 0.10735562346367673, 0.9470664366395795, 0.31913241821933874, 0.11643624920397996, 0.7696855370045846, 0.17128427579365152, 0.2074369838567994, 0.5104538584946163, 0.35049635229202414, 0.4741841251173658, 0.5402471863120203, 0.22953123350051188, 0.2237350816023536, 0.24802995161735453, 0.27213216448823613, 0.2759010165532042, 0.21292710679893692, 0.23016552830425402, 0.09072072091641732, 0.3115715121808038, 0.051159815461788744, 0.188763047354484, 0.44445099831015494, 0.1784543845843776, 0.19629082176834345, 0.21726044725913268, 0.12919402769637398, 0.23991376161575317, 0.1693991805430304, 0.10090865569589022, 0.22295156701300772, 0.19295652077222863, 0.1984768635549006, 0.16360440280404873, 0.22333209861424708, 0.1705514507475383, 0.16307059587561526, 0.13368117202383775, 0.15323856552202028, 0.19391510980203747, 0.17834288223216738, 0.2513646033423191, 0.21975770128086547, 0.23938003170880534, 0.1675193389955287, 0.16154173319227993, 0.15510826727323648, 0.15877778854919597, 0.11266529242178269, 0.26306024999498867, 0.21989989106853802, 0.17799257123842835, 0.2596809100359678, 0.23260039465050353, 0.1853424793228698, 0.10549438667512731, 0.19262535924513247, 0.1179779571025089, 0.2183700378769292, 0.130749800017613, 0.14835607358309927, 0.22411789329877743, 0.19179700423854512, 0.1871708474879327, 0.12573321935293885, 0.13431918951294694, 0.1792956622763692, 0.16234162577893585, 0.15033699260093272, 0.09933157437869036, 0.20808875140695213, 0.2027371600503102, 0.26588161997053594, 0.13046641028027586, 0.14580243890086422, 0.19208421377600948, 0.2992222092846835, 0.21455669043740877, 0.1633323585519042, 0.13200277978515562, 0.182993690875758, 0.08917670749810483, 0.1402867241995409, 0.14270932325550045, 0.2157335440771511, 0.24371432915674326, 0.32480546908401364, 0.18714260090437007, 0.26101842179842705, 0.21120882223005452, 0.1687266387355824, 0.27281904728575185, 0.024158789815070726, 0.1884557513985783, 0.17243931878668567, 0.1890969177974122, 0.0871872741234256, 0.28264454011382023, 0.18630097727291287, 0.04200054962315739, 0.13571154985143544, 0.1898395002841772, 0.1970914873887192, 0.14955573417024598, 0.19491992786615378, 0.2115918598137796, 0.15341963545929285, 0.2063490386073215, 0.12194770094439653, 0.18625009810890664, 0.15345221210293294, 0.18226651471507335, 0.2030186697798358, 0.0943397775326351, 0.39747381221073175, 0.19394529315953454, 0.14158125339979025, 0.23562827469625822, 0.10763000138897702, 0.3494949602884137, 0.24506414413141708, 0.13060359056689777, 0.17790951507843353, 0.163504378295814, 0.37280292889206773, 0.2551744820860525, 0.07732206694393728, 0.3262408705842164, 0.1828371898948469, 0.15129893540571898, 0.17745703073839347, 0.23307282003030802, 0.1890856993229439, 0.31253353334808104, 0.28718992850432795, 0.13152337302577288, 0.42804516322822084, 0.20916892050837094, 0.14030060303500957, 0.16419866523550203, 0.20761275972860554, 0.15948214773310437, 0.20332642272114754, 0.14738593042813358, 0.07066276087328636, 0.2380548472283408, 0.19363260044271802, 0.20185699697273474, 0.15395952694650206, 0.1736046788437913, 0.150835232526967, 0.1898849286759893, 0.1777124619252528, 0.1781085944113632, 0.15328100034080092, 0.15938032592927653, 0.1704725577454202, 0.19353880742141472, 0.1691785784283032, 0.21210244726389646, 0.24632210734610754, 0.21341463678488226, 0.1771548290648276, 0.17192500007923883, 0.11895676308001082, 0.33526899511149777, 0.20034337864878277, 0.06993333312113667, 0.37482632992129467, 0.5148623331139486, 0.3039629802495862, 0.3141792060807347, 0.11938155067977138, 0.25294956122136986, 0.20851776543228578, 0.2135283451771275, 0.20163046190929082, 0.19783711227189216, 0.10156362145466523, 0.2170811547432095, 0.1979624010855332, 0.23641355105986198, 0.10385605833726003, 0.11166059924381977, 0.14982391407801993, 0.24224441605478977, 0.08659742462914438, 0.09674067127343733]
2025-12-20 02:33:20 - fedex - INFO - loss data:
2025-12-20 02:33:20 - fedex - INFO - [0.39368978442624214, 0.6669998505040184, 0.5566082760118521, 0.439332553171294, 0.26557955928877286, 0.1807910769443778, 0.20202321161255155, 0.17821266229002503, 0.2645329897602399, 0.24826808193316446, 0.26239342819899325, 0.1639113904747109, 0.22595289359299037, 0.24173591638721217, 0.23215082902461293, 0.09039632844204014, 0.2721577903876702, 0.20447999360233857, 0.2516857661617299, 0.18651782636148617, 0.19653737814858174, 0.04166374998557903, 0.2667178504025707, 0.22947104739112548, 0.1808574591835704, 0.2069483815262524, 0.17648630851748376, 0.028819101954162492, 0.24778879845323853, 0.1615251094025249, 0.16162745803916445, 0.21401621936510007, 0.2110052177061637, 0.10760583397954739, 0.29794693545305306, 0.10927184321201192, 0.18054679334163665, 0.1835521708416077, 0.18032644123985217, 0.2176675564299027, 0.1689143165294209, 0.2468784828359882, 0.13074495687539672, 0.20118329698422877, 0.12650329085299744, 0.07384231213245247, 0.23840862009972813, 0.2137638566829264, 0.16337746172890014, 0.1608042918356802, 0.04831789002132913, 0.02455389343315767, 0.25072797515119116, 0.2096253375833233, 0.20092273323486248, 0.1423183121744875, 0.20289566225061817, 0.2638198960758746, 0.26164000215274946, 0.22303073944993573, 0.15994667120116318, 0.24680452451497936, 0.14305087331478716, 0.22264843803509898, 0.177124563579758, 0.10020917090005241, 0.08887028954906984, 0.11391915448883083, 0.236657163562874, 0.20348915082757316, 0.1881347290815457, 0.10100413811936354, 0.168732575699687, 0.1343311211967375, 0.17094211604446172, 0.14576286342583006, 0.015256166368736659, 0.23875576342171473, 0.2163538845255971, 0.09844631741557701, 0.13919347605715768, 0.13590349260735415, 0.0940354285743804, 0.11260487108491361, 0.18600124683535588, 0.21451453245125518, 0.25163558092625704, 0.23069956331247732, 0.14986265255450507, 0.23664057516680082, 0.19451942575870623, 0.19771755432757812, 0.15260177747740483, 0.14763158129958007, 0.12058051284522009, 0.1389178956571656, 0.15297893063320467, 0.13119878576025562, 0.15519101614287745, 0.14213620025115326, 0.061061627677311964, 0.21836197880717617, 0.25088177193459515, 0.19628238541384538, 0.12883952123901019, 0.07936545425715547, 0.1664580671892812, 0.18152935023252398, 0.04292874828873513, 0.37911304669040774, 0.20864015507567016, 0.15393730328322794, 0.08208683595769495, 0.20080443922585497, 0.13986846782577536, 0.1928800304671033, 0.2073738500372403, 0.12334426037656764, 0.10513103453752895, 0.18755196028699478, 0.16457868694948652, 0.19918052755917112, 0.18415130837376983, 0.14208945606429224, 0.178534204056043, 0.16987241716124116, 0.18541538037049274, 0.2262793466138343, 0.17429239939639835, 0.09434017597232014, 0.16534689889074516, 0.08425331935913374, 0.2585442577991881, 0.12990536594405197, 0.13478621336555358, 0.1766725148074329, 0.13950259004098675, 0.2580150620960113, 0.22836583061034188, 0.16291451916719477, 0.15155526582407308, 0.1746060465876427, 0.19481395864859224, 0.1581130597160922, 0.15471592305693777, 0.1927678565727547, 0.24644896522164345, 0.14192714523524047, 0.1517229212436061, 0.1182860879926011, 0.21650923196467814, 0.12396781638873598, 0.17294610280854006, 0.07974813132051994, 0.15129324073831624, 0.12001170154410198, 0.19015805862898774, 0.31010228727331934, 0.04862674196160191, 0.23508841727549834, 0.21905741309070498, 0.1601977693606858, 0.14022663060032453, 0.17088933856536945, 0.10453639489909014, 0.1235564551011731, 0.21233358810751293, 0.1678820122499019, 0.14117913713623934, 0.18630245041955884, 0.0990945102914271, 0.1030596912546339, 0.1752388092307135, 0.2286616885724167, 0.20848879306059742, 0.1022496896640708, 0.20252201683301893, 0.1293768889005935, 0.059936661433635484, 0.31178923797523983, 0.21130842294543983, 0.24531962060332407, 0.18890626203667904, 0.05741865045615231, 0.3236623601618386, 0.09800655213184654, 0.08633204533873748, 0.32134517369170984, 0.0668383520424228, 0.13076845721583125, 0.33512093183369596, 0.28615183755277823, 0.14580018803477288, 0.14881321243941784, 0.1093238661083959, 0.18021555823202318, 0.2133724555062751, 0.18690782993411023, 0.13942193014260668, 0.18643161344031492]
2025-12-20 03:47:05 - fedex - INFO - loss data:
2025-12-20 03:47:05 - fedex - INFO - [0.3478546290880158, 0.40050466586196537, 0.2259690831725796, 0.8232217952165575, 0.5529468178128203, 0.36319062771896526, 0.30700806766038846, 0.20994955801094572, 0.16034372197167363, 0.20374783033621496, 0.11669542898889632, 0.31307473956801735, 0.269877065133187, 0.20619760789947275, 0.21113881901837886, 0.2962849845472236, 0.27917060830804985, 0.1083531665083553, 0.1367828880494926, 0.21871666330694914, 0.12699227081919912, 0.3548095105215907, 0.23649272592516526, 0.19782692251553002, 0.24369419454140406, 0.1248988758525229, 0.16417554060462863, 0.3353499474051671, 0.11878329694930775, 0.1639608556468461, 0.20682420095142262, 0.23633756306731984, 0.17567001266108404, 0.141919972494361, 0.12000998206688868, 0.18393067607590763, 0.11732510966830886, 0.19327604076380867, 0.5538231816026382, 0.1821158402654178, 0.2661137357354164, 0.0954820248242911, 0.17245268711315778, 0.1829552922853812, 0.15369133555019895, 0.3547797447827179, 0.09261712974597079, 0.1421422193699982, 0.16189620129410356, 0.14228961665066892, 0.10176059363875538, 0.2853189324774402, 0.303157735655051, 0.12542983129775773, 0.19644287676349576, 0.25586691840241355, 0.23605673191147847, 0.2994704225811323, 0.1281226401197879, 0.2371100613224159, 0.1715936047801127, 0.14267640590454297, 0.07048250698218389, 0.1177044589072466, 0.15156359198347977, 0.261404664379855, 0.20341309002556263, 0.18736154571330796, 0.2899396333571834, 0.1245532927875358, 0.2749189300572171, 0.0858216700935532, 0.3808524545836484, 0.19853917244298938, 0.14860483556209753, 0.10371746198361506, 0.28781538400799034, 0.12014860772897545, 0.16570704429233002, 0.14581618473554653, 0.24341392437262194, 0.08481395005115441, 0.36648665996423613, 0.18535636635765637, 0.3478579242907775, 0.20478133601136506, 0.16608973262252427, 0.1348552585885045, 0.146601054951465, 0.19002265847452424, 0.13479056277757104, 0.07733865527940603, 0.35298501159330564, 0.18916849404396047, 0.15173537885947597, 0.16656006117534292, 0.24032292595754068, 0.35833199760832246, 0.15940329526783897, 0.16638696544493237, 0.20646720593135787, 0.18163837717313852, 0.21119177475222095, 0.14698223043787514, 0.1174537140255173, 0.055203525996850134, 0.2381730086880883, 0.2439811648800969, 0.24223611932247877, 0.19081781700086325, 0.26563772584777323, 0.16173173978902577, 0.3729895805507632, 0.2680289474530862, 0.38251240444369616, 0.1777135632932186, 0.15074392541878878, 0.18687245269926886, 0.08048905571035686, 0.4066786682723384, 0.16164914157152888, 0.13509873016196902, 0.16322386729972144, 0.17175556874967046, 0.21344046568653235, 0.1671592999676553, 0.218125090059281, 0.20853736013283625, 0.11648585777286263, 0.09086742880101986, 0.24544531051144908, 0.12314023966928722, 0.18646512251968184, 0.09128529326214145, 0.16709763269134603, 0.2276241278896729, 0.16492383759856843, 0.16871850977962216, 0.05792601366036771, 0.06472474827144042, 0.22096806048899525, 0.24659422606761966, 0.1571129809987421, 0.400348885578569, 0.11401546101551503, 0.20236830624047986, 0.14823178291941683, 0.15566360584943367, 0.18124147589163234, 0.06102966288065848, 0.22152184698109825, 0.25506081809289755, 0.35194534033182123, 0.2773816825755473, 0.14339193309258136, 0.2834379142493402, 0.0924486046474354, 0.12437718985713131, 0.21767748337061632, 0.17005201280560522, 0.23426340540449714, 0.2076405184576288, 0.1573298508593557, 0.17503788196481765, 0.17044765798046307, 0.13453871486708524, 0.06653122791904025, 0.4393619298361815, 0.273776487292101, 0.2163671650613348, 0.13140441114995993, 0.2582806138166537, 0.3012017091969028, 0.24362932193713882, 0.27410525998898916, 0.16153388181633074, 0.14755007709962278, 0.1738072662303845, 0.2707333590835333, 0.2186693518732985, 0.2208527544202904, 0.13581477162605596, 0.13080544979200653, 0.15244898973032833, 0.19918103611562402, 0.20539335811821124, 0.12082658181122194, 0.19543568994073818, 0.3436767179518938, 0.20707133346841786, 0.3180199901440314, 0.26679378406455123, 0.26453333736939744, 0.22226039209188175, 0.23967462461441755, 0.2544256316630968, 0.2485369643817345, 0.22427178109781098, 0.16376818902790546, 0.27364469771938665]
