2025-11-12 17:20:19 - fedex - INFO - loss data:
2025-11-12 17:20:19 - fedex - INFO - [11.776457965373993, 0.43569431211799386, 0.3546870484948158, 0.3492971923202276, 0.34844548888504506, 0.357615477591753, 0.34889199733734133, 0.3290026217699051, 0.3364808397367597, 0.3226567015051842, 0.3126710934564471, 0.35948908906430005, 0.3292629286646843, 0.30519423447549343, 0.35385758206248286, 0.30935284644365313, 0.32673414461314676, 0.33434230610728266, 0.3353296504355967, 0.3377678105607629, 0.3197110563516617, 0.3495382227003574, 0.3363228518515825, 0.3296913182362914, 0.33429260868579147, 0.3081495514139533, 0.31722687445580955, 0.30395186226814985, 0.3304518647491932, 0.33370159193873405, 0.34641831554472446, 0.31801414117217064, 0.31844275407493117, 0.28526107780635357, 0.30810030419379475, 0.2959482379257679, 0.2929038533940911, 0.3093151845037937, 0.3212528376840055, 0.3170687587931752, 0.32671981379389764, 0.32412881143391137, 0.30996365044265983, 0.3056127179414034, 0.3432709276676178, 0.2865297544747591, 0.3261798445135355, 0.30371882654726506, 0.30572356730699535, 0.3245622176676989, 0.32766830548644066, 0.33111120089888574, 0.3112897951155901, 0.32699076943099503, 0.3057510327547789, 0.29846525834873316, 0.2952043913304806, 0.322964034229517, 0.2845830641686916, 0.33435142505913973, 0.3063072556629777, 0.3132827986031771, 0.3174484001472592, 0.2913421796634793, 0.330141019821167, 0.29795559458434584, 0.31956107672303913, 0.2956065267324448, 0.30549856796860697, 0.3074795868247747, 0.2967144105583429, 0.297375298012048, 0.30250974632799627, 0.26556561402976514, 0.311325722746551, 0.32169041261076925, 0.2888961423188448, 0.28796864971518515, 0.30092910304665565, 0.28481518756598234, 0.3059721590951085, 0.2784191949293018, 0.290781257674098, 0.27954926937818525, 0.2989692218601704, 0.29227982051670554, 0.30872661545872687, 0.27537076100707053, 0.29511947780847547, 0.30183643270283933, 0.2782465014606714, 0.2835538044571877, 0.28797734435647726, 0.2939467174932361, 0.3145230619236827, 0.2946527874097228, 0.3156061476096511, 0.28093925304710865, 0.3019174812361598, 0.28794633112847806, 0.3057033887133003, 0.28621535617858174, 0.28225913681089876, 0.3140726119279862, 0.31596659645438196, 0.3149020243436098, 0.26238279417157173, 0.2551854090765119, 0.2777767090126872, 0.29586238525807856, 0.2869125459343195, 0.29299838058650496, 0.29651075005531313, 0.30110356695950036, 0.28350040391087533, 0.31553202625364063, 0.27323291208595035, 0.29580440409481523, 0.2864330353215337, 0.267444141022861, 0.2955114426091313, 0.302482222020626, 0.2974225427955389, 0.27607903704047204, 0.2906600352376699, 0.2840498015284538, 0.291866147890687, 0.31353289699181913, 0.2697670042514801, 0.2999798383563757, 0.3052412068471313, 0.2730812504887581, 0.3035268632695079, 0.2877996776252985, 0.2689600812271238, 0.27225572019815447, 0.28063229117542504, 0.2718015806749463, 0.29189152717590333, 0.2719869542866945, 0.26187173221260307, 0.28131229560822246, 0.2570948462933302, 0.28454003315418963, 0.28201818503439424, 0.2694801087491214, 0.2801009681075811, 0.2736668953672051, 0.27837783833965657, 0.29324550963938234, 0.3016959447413683, 0.28317276835441585, 0.29443699661642314, 0.28056592792272567, 0.27734843026846645, 0.30465264767408373, 0.2953240025788546, 0.3215889938175678, 0.2860649488866329, 0.2846620447933674, 0.2699678475037217, 0.2937408207915723, 0.2679774971678853, 0.2603049010038376, 0.273326531983912, 0.29151138104498386, 0.27346465084701777, 0.27504488863050935, 0.2744662454351783, 0.2908021725714207, 0.31330440398305653, 0.3069366836920381, 0.25793128460645676, 0.27758788093924525, 0.2695478148758411, 0.2959620878100395, 0.28648102972656486, 0.2800364520400762, 0.3068878639489412, 0.27557751946151254, 0.2813505297526717, 0.27279860265552996, 0.27474754862487316, 0.25707178059965374, 0.27859367821365594, 0.27081109471619125, 0.2797905068844557, 0.26536296196281906, 0.2843127170577645, 0.2690465932711959, 0.2698806308209896, 0.27307201102375983, 0.31190580911934374, 0.28887114077806475, 0.2444398358464241, 0.2760903563350439, 0.2553863372653723, 0.3163892541080713, 0.2874994780868292, 0.2759242594242096]
2025-11-13 07:33:17 - fedex - INFO - loss data:
2025-11-13 07:33:17 - fedex - INFO - [11.54034997522831, 0.46724445335567, 0.3703527588397264, 0.3401541855186224, 0.302723060362041, 0.34408124610781665, 0.3339382683858275, 0.3430462792515755, 0.3223600350320339, 0.3230214066803455, 0.33291086256504054, 0.35279266014695165, 0.31812308356165886, 0.31543156579136844, 0.33266256749629974, 0.296789538115263, 0.357393565773964, 0.3227449506521225, 0.2877314052544534, 0.3182814041152596, 0.32635941058397294, 0.3049417922273278, 0.3198606755584478, 0.3287606993690133, 0.3197416459210217, 0.32954369410872464, 0.3303711723536253, 0.31517424974590535, 0.31119196526706216, 0.3198698993772269, 0.29215675722807644, 0.32573795150965457, 0.3039507867768407, 0.3323810806497931, 0.28077899049967525, 0.3028809498995543, 0.35397580377757554, 0.30028880275785924, 0.3208365187048912, 0.3284685708582401, 0.3322911515831948, 0.295472365245223, 0.322713628038764, 0.3292269118130207, 0.3237176571041346, 0.30481352265924216, 0.28478422313928603, 0.2969707910902798, 0.3255826886743307, 0.31302041225135324, 0.3097726788371802, 0.2804096095263958, 0.3199296917766332, 0.29641664642840626, 0.2895713787525892, 0.29968253150582314, 0.301121206022799, 0.3258114205673337, 0.2912267625331879, 0.309761643782258, 0.32400183081626893, 0.3111903008073568, 0.33704152088612316, 0.2988511772826314, 0.3328439686447382, 0.30543331224471326, 0.2977187318727374, 0.3086710976436734, 0.3132678221911192, 0.32348292879760265, 0.2936601899564266, 0.275788239762187, 0.31977739129215477, 0.31389018297195437, 0.30018878299742935, 0.285694957152009, 0.27652735356241465, 0.2639827556908131, 0.2916977494955063, 0.2936090651899576, 0.29729473367333414, 0.29093991219997406, 0.28764413110911846, 0.26752946339547634, 0.28123530261218543, 0.297682199254632, 0.3180557955056429, 0.30525342021137475, 0.29716556053608656, 0.31107541676610706, 0.2910516222938895, 0.271945808455348, 0.30312925633043053, 0.3058200817555189, 0.25049147028476, 0.3085640983656049, 0.30005521364510057, 0.27699287198483946, 0.28634866885840893, 0.24520982559770343, 0.2759625256061554, 0.2988849667832255, 0.26185163352638485, 0.272988260909915, 0.28456629775464537, 0.2938417402096093, 0.26056740563362835, 0.28194119594991207, 0.28461858276277785, 0.2943266065791249, 0.2854399997740984, 0.3161063835024833, 0.2829981053248048, 0.2850563462823629, 0.25629168916493655, 0.27247738279402256, 0.2953297834843397, 0.26281152237206695, 0.2745058063417673, 0.2733328316360712, 0.2700995607301593, 0.31487947292625906, 0.284755727648735, 0.2823244018480182, 0.2805844131857157, 0.27914766538888214, 0.2639952052384615, 0.2502403692342341, 0.28968458324670787, 0.30485531184822323, 0.3172232547774911, 0.30332171684131026, 0.31744167357683184, 0.28653300255537034, 0.27231808956712483, 0.2630353139713406, 0.28626624080352486, 0.28444170728325846, 0.29125958643853667, 0.2641316208988428, 0.3094030499458313, 0.2685542799532413, 0.30199341345578434, 0.2996044546365738, 0.2920747138559818, 0.29369123186916113, 0.26757229808717964, 0.28132005110383035, 0.2829949915409088, 0.2789131578058004, 0.2842775207012892, 0.2735734468325972, 0.30267856139689686, 0.30727442912757397, 0.31052388316020374, 0.2704627212136984, 0.2652562830597162, 0.26654900442808865, 0.26224997602403166, 0.24724069256335496, 0.2737985940650105, 0.2893681816756725, 0.2926684215664863, 0.2871684473007917, 0.3059344939887524, 0.29179214201867576, 0.2706460962072015, 0.272237747721374, 0.2622463647276163, 0.2501770332455635, 0.25879769288003446, 0.2813230512663722, 0.28253334546461706, 0.2620047520846128, 0.2797936036251485, 0.293842301890254, 0.27735792640596624, 0.27639725897461176, 0.2998667515814304, 0.30171769745647903, 0.25363086350262165, 0.29321864154189825, 0.2686436386778951, 0.30347338952124114, 0.2964183673262596, 0.2660668924450874, 0.28087850101292133, 0.26212669536471367, 0.3140461979433894, 0.2469811148941517, 0.29902527257800104, 0.2688777001574636, 0.28671848624944685, 0.31092001404613256, 0.2450332662090659, 0.275691582635045, 0.2708521582186222, 0.23681058287620543, 0.252675574272871, 0.2734693979844451]
2025-11-13 11:36:03 - fedex - INFO - loss data:
2025-11-13 11:36:03 - fedex - INFO - [12.1304419785738, 0.46115512438118456, 0.3751317482441664, 0.37148625813424585, 0.30761833526194093, 0.33717139307409527, 0.3382960043847561, 0.30416702255606654, 0.36062991544604306, 0.3644194699823856, 0.3300583854317665, 0.35404275692999365, 0.3587623193860054, 0.35088075529783963, 0.3098325949162245, 0.34970515631139276, 0.3457013685256243, 0.3562295392155647, 0.321136350184679, 0.3271658202633262, 0.29895909428596495, 0.3193375378847122, 0.3486592007800937, 0.34152053892612455, 0.32034312263131137, 0.31385188065469266, 0.3237885924056172, 0.3075834546238184, 0.2853037569671869, 0.30574872884899373, 0.3098033629357815, 0.28142796251922847, 0.3311128566041589, 0.3210781756788492, 0.3176162883639335, 0.2992696151137352, 0.34538766732439397, 0.3058634551241994, 0.3126283183693886, 0.2910260949283838, 0.30634707808494566, 0.29040904752910135, 0.328149626404047, 0.32449311297386885, 0.3014555061236024, 0.36395836574956775, 0.30810182020068166, 0.3429506653919816, 0.3042335260659456, 0.27909775478765364, 0.30230327844619753, 0.3301664963364601, 0.3245429441332817, 0.30089390175417063, 0.3170806929469109, 0.2990611556917429, 0.306012402009219, 0.3045703172683716, 0.29775913525372744, 0.3383543439209461, 0.3249891582876444, 0.30354192610830066, 0.2959111066535115, 0.2642776262015104, 0.27320785596966746, 0.3008194528520107, 0.3019475694745779, 0.29163104891777036, 0.2808346110396087, 0.2869886186905205, 0.3014960693195462, 0.3365201663225889, 0.3116010226309299, 0.2722923209890723, 0.31408229693770406, 0.2928067773580551, 0.29649229198694227, 0.31904369965195656, 0.2837437415495515, 0.2895824247971177, 0.29693502392619847, 0.28726190198212864, 0.3057781998068094, 0.28612142875790597, 0.3159389525651932, 0.2511166358366609, 0.311148336995393, 0.32654635813087224, 0.2709406401962042, 0.31378143317997453, 0.29191019423305986, 0.29628866314888, 0.2984179463237524, 0.30038585886359215, 0.298180185444653, 0.2910659398883581, 0.2631541671231389, 0.2701607190072537, 0.29267635187134144, 0.26106225308030845, 0.275404435582459, 0.2840964557603002, 0.2643797878175974, 0.3237633228302002, 0.28734420873224736, 0.2904290180653334, 0.2787540122866631, 0.3077341716736555, 0.29263106398284433, 0.2730031281709671, 0.2945527583360672, 0.3178327478468418, 0.27008186280727386, 0.3334011092782021, 0.30277223140001297, 0.26400802861899136, 0.2948618717491627, 0.27914194352924826, 0.31128152199089526, 0.27695770412683485, 0.2950192095711827, 0.27017722856253384, 0.3157026328146457, 0.30249372106045486, 0.2854483384639025, 0.2858178548514843, 0.2645489808171988, 0.28885136023163793, 0.2878693038597703, 0.31585990600287916, 0.28492406122386454, 0.29081114158034327, 0.28317327070981263, 0.3134572608396411, 0.2722537312656641, 0.2743167957291007, 0.26956461034715173, 0.27982501648366453, 0.2721079271286726, 0.2733459865674377, 0.269779884442687, 0.3092552240937948, 0.2835178278386593, 0.2829470437020063, 0.2747570674866438, 0.30235509723424914, 0.3057417755946517, 0.26688986644148827, 0.29976143706589936, 0.274317061342299, 0.2803821315057576, 0.2943812992423773, 0.2647209854796529, 0.26989417187869547, 0.27571486681699753, 0.3015179676935077, 0.26465155370533466, 0.28649489358067515, 0.27610670384019614, 0.2855970429256558, 0.29232156760990624, 0.2806161984801292, 0.2712518787011504, 0.2765682995319366, 0.30300789792090654, 0.27889158930629493, 0.2797270198818296, 0.27976252026855947, 0.2763823727145791, 0.23893304094672202, 0.3037975989282131, 0.2409215724095702, 0.26304486226290463, 0.26322470922023056, 0.2724155553616583, 0.2817245593294502, 0.3189684815704823, 0.2826962424442172, 0.2734721710905433, 0.2706660320982337, 0.2537916136905551, 0.2806157572194934, 0.30820024814456703, 0.2514831330627203, 0.2458220964297652, 0.27117962166666987, 0.24462156184017658, 0.23915388770401477, 0.2894400358200073, 0.27422738410532477, 0.26973243840038774, 0.26996355112642045, 0.2588107051327825, 0.2697737645357847, 0.265882533416152, 0.23251481167972088, 0.29348428789526226, 0.2921857964247465, 0.2917231576517224, 0.24939754232764244]
2025-11-26 11:20:12 - fedex - INFO - loss data:
2025-11-26 11:20:12 - fedex - INFO - [11.507510656118393, 0.4706846853718162, 0.3556379860267043, 0.36753916144371035, 0.3276086376979947, 0.3557606764137745, 0.3334798254072666, 0.31980490162968633, 0.34407843872904775, 0.3089515557512641, 0.33938372116535903, 0.29998193494975567, 0.342915173061192, 0.3255982521921396, 0.34198060147464276, 0.3715442785993218, 0.3226524695754051, 0.3317992817610502, 0.34616375528275967, 0.3251029543578625, 0.34150927923619745, 0.29894926417618994, 0.3383549824357033, 0.31037714034318925, 0.32603808827698233, 0.3247643608599901, 0.32891026958823205, 0.3233744451776147, 0.3241184169426561, 0.2853667128831148, 0.31284484416246416, 0.3171088632196188, 0.3050952386111021, 0.330443443544209, 0.3018461249768734, 0.327282452583313, 0.3294013116508722, 0.31168541554361584, 0.30520670842379327, 0.28443347197026014, 0.29168034084141253, 0.32458709813654424, 0.32820905558764935, 0.2821640010923147, 0.3201012426987291, 0.3203938232734799, 0.27396664321422576, 0.2736010257154703, 0.3316148679703474, 0.2998360082507133, 0.30119245368987324, 0.3124264497309923, 0.27345684692263605, 0.30173422358930113, 0.2748984504491091, 0.3384403333067894, 0.25882629975676535, 0.2749631194397807, 0.3045282671228051, 0.27921487763524055, 0.32645399384200574, 0.3202333081513643, 0.30074158981442456, 0.31576908268034454, 0.309565569087863, 0.30097120217978957, 0.30646430850028994, 0.3104720555245876, 0.3139461807906628, 0.3021214483305812, 0.3094583828002214, 0.30830544251948594, 0.29324365854263307, 0.31959510538727043, 0.3209846891462803, 0.3019791251048446, 0.3245176687836647, 0.3242727819830179, 0.2759221843443811, 0.2943149788305164, 0.3095279909670353, 0.31035387367010114, 0.2826801035553217, 0.3207051198929548, 0.300303110666573, 0.2952213348820806, 0.28759706565178933, 0.2698625173419714, 0.31560010761022567, 0.31680186800658705, 0.30513567831367255, 0.30731800496578215, 0.2875372007489204, 0.2794607080519199, 0.3051924403756857, 0.2941960323601961, 0.30395088922232394, 0.27276628352701665, 0.28106258288025854, 0.27370748780667786, 0.306411387771368, 0.3024379082024098, 0.3056111531332135, 0.28784182853996754, 0.31142833130434155, 0.25773042496293785, 0.2716234128922224, 0.3238030157983303, 0.26091472413390876, 0.284057941660285, 0.296985862031579, 0.28534569274634125, 0.2782171547412872, 0.2858772845938802, 0.2690404837951064, 0.28787364773452284, 0.31426089983433486, 0.2770805642008781, 0.2856870263814926, 0.25958830183371906, 0.29421520316973326, 0.2987702120095491, 0.26021044943481686, 0.2639637801796198, 0.2665563154965639, 0.27407685332000253, 0.2550036057829857, 0.3017160532996058, 0.31192705128341913, 0.2979980826377869, 0.27922484073787923, 0.2781221803277731, 0.2959680661559105, 0.2556388301774859, 0.30873508509248493, 0.2930748188868165, 0.30880244448781013, 0.30267199464142325, 0.282419684715569, 0.27705863378942014, 0.27182925678789616, 0.28039189148694277, 0.27789008766412737, 0.2572167994454503, 0.26378732491284607, 0.27074350025504823, 0.28364322874695064, 0.263931081071496, 0.31444752868264914, 0.2859720358625054, 0.267947231605649, 0.2552959518507123, 0.28926172517240045, 0.25942091904580594, 0.3138600273057819, 0.29151229094713926, 0.29668926205486057, 0.30573962144553657, 0.2671928867697716, 0.3082786170765758, 0.29060312937945126, 0.27608063388615844, 0.28441878482699395, 0.2951641082763672, 0.29095249213278296, 0.2703201306983829, 0.2876730889081955, 0.2646659424528479, 0.2724682547152042, 0.2807411752641201, 0.2597512980923057, 0.26510105561465025, 0.2712858574464917, 0.2982967131771147, 0.2788314590230584, 0.2860521474853158, 0.28694499786943195, 0.2724779462441802, 0.242423508502543, 0.25651622209697966, 0.2756510438397527, 0.26474624015390874, 0.2503246903419495, 0.2584211081266403, 0.31264990344643595, 0.2914764316752553, 0.2612499870359898, 0.24628817960619925, 0.2819487540051341, 0.2858691608533263, 0.2852499056607485, 0.2690661268308759, 0.29716634489595894, 0.28482613489031794, 0.27351774945855145, 0.2607646521180868, 0.24836297426372766, 0.26230214685201647, 0.2653103983029723, 0.27894128318876027]
2025-12-07 06:11:32 - fedex - INFO - loss data:
2025-12-07 06:11:32 - fedex - INFO - [11.898927095532418, 0.4372036177664995, 0.3490793824195862, 0.34648963771760466, 0.332582151144743, 0.3368823308497667, 0.3704617353156209, 0.35198189690709114, 0.380920790694654, 0.30951828565448525, 0.3360069077461958, 0.3328624114394188, 0.32889252547174697, 0.3360491428524256, 0.3169216996058822, 0.33362349644303324, 0.3189451452344656, 0.3364156398922205, 0.32264036647975447, 0.31266648024320604, 0.3135010594502091, 0.3312141112983227, 0.3296131264418364, 0.3076927743852138, 0.32495628818869593, 0.3172395437955856, 0.3064006036147475, 0.3108549449592829, 0.31611565221101046, 0.3130409259349108, 0.3333937212824821, 0.27345693912357094, 0.3080195622518659, 0.2959745367988944, 0.32382495068013667, 0.3145568260923028, 0.31817112155258653, 0.3198905624449253, 0.3029674204066396, 0.3043999392539263, 0.30316976495087145, 0.31055944673717023, 0.3334582714363933, 0.3116147842258215, 0.3364371035248041, 0.30670484658330677, 0.31638759393244986, 0.2926294393837452, 0.2934781828895211, 0.2739094044547528, 0.3054579455405474, 0.3075890991836786, 0.3127189733088016, 0.2896066330373287, 0.29038878716528416, 0.30757922437041996, 0.3150657694786787, 0.3374313373118639, 0.307398821413517, 0.3093166720122099, 0.3119764625094831, 0.2991947703063488, 0.31552805826067926, 0.32284383457154037, 0.29752909764647484, 0.34988200739026065, 0.3086799731478095, 0.2857810270041227, 0.3053716063499451, 0.30518036540597676, 0.32687152121216057, 0.2866965062916279, 0.34743008576333523, 0.31395870950073, 0.32726548984646797, 0.33281089179217815, 0.3029086714610457, 0.3199217449873686, 0.3412853062152863, 0.29862475506961345, 0.2869029637426138, 0.2965730920433998, 0.2765644686296582, 0.2757627684623003, 0.2867372600361705, 0.2937109962105751, 0.300887858774513, 0.28915226105600594, 0.25293373838067057, 0.2950213581323624, 0.30342249032109975, 0.29711017552763225, 0.29870843626558785, 0.30163166187703605, 0.2978539306670427, 0.31302304603159425, 0.2796522572636604, 0.29779960215091705, 0.303479703143239, 0.27237722259014846, 0.27383401542902, 0.27943010311573746, 0.2708305424079299, 0.2871945183724165, 0.32996628396213057, 0.2998659865930676, 0.2844092272222042, 0.28106410689651967, 0.28767923898994924, 0.293876220472157, 0.27387482598423957, 0.28476522024720907, 0.2702165558934212, 0.2756408521905541, 0.26589795053005216, 0.2784213047474623, 0.31438045129179953, 0.29958474449813366, 0.2741473847068846, 0.29207229930907486, 0.29371472634375095, 0.3115850226953626, 0.26750142462551596, 0.29820413123816253, 0.2858810918405652, 0.25498587265610695, 0.3215706326067448, 0.3034048264846206, 0.2840895835310221, 0.29498174432665114, 0.2979965712875128, 0.29678350538015363, 0.2960880862548947, 0.2639401638880372, 0.2996625116094947, 0.27849549651145933, 0.26768321823328733, 0.24476841185241938, 0.3060375625267625, 0.2335974659770727, 0.26932125836610793, 0.2879752393811941, 0.30036099571734665, 0.30176889933645723, 0.30113290362060074, 0.29738885490223765, 0.2767253201454878, 0.28434134013950824, 0.31911851111799483, 0.2676754348911345, 0.2880205184221268, 0.28897187393158674, 0.2862364840693772, 0.30137333571910857, 0.3062262890860438, 0.28521480336785315, 0.2667311368044466, 0.24839085657149554, 0.23644155506044626, 0.2780618956312537, 0.2573429299518466, 0.25303367618471384, 0.26571319717913866, 0.2807496938854456, 0.27062487322837114, 0.3013673981651664, 0.28893414158374076, 0.27441910076886417, 0.27806544546037915, 0.27870918847620485, 0.3052927140146494, 0.2521488832309842, 0.27792274169623854, 0.2534308047965169, 0.27737161293625834, 0.2720697878859937, 0.28621063120663165, 0.27181001249700787, 0.2923602512106299, 0.28604583628475666, 0.28910377994179726, 0.3062428254634142, 0.24258023565635084, 0.29712308906018736, 0.3090148800984025, 0.286997664347291, 0.2883967002853751, 0.29615641236305235, 0.25393908061087134, 0.28565712124109266, 0.2805177612230182, 0.29430180024355646, 0.3019591297954321, 0.2673677718266845, 0.27905306965112686, 0.2801127152517438, 0.26594894118607043, 0.28060206137597565, 0.26246211435645816, 0.2635869676247239]
2025-12-07 09:46:10 - fedex - INFO - loss data:
2025-12-07 09:46:10 - fedex - INFO - [12.218402862548828, 0.44754017051309347, 0.33739093132317066, 0.3614349650219083, 0.37950133588165047, 0.33789931498467923, 0.3464855182915926, 0.36178648136556146, 0.3185880322009325, 0.3580074228346348, 0.33203968964517117, 0.3508151054382324, 0.3436300531029701, 0.35695884674787526, 0.3206073952838778, 0.3384177923202515, 0.32037919368594886, 0.33582801558077335, 0.32498032636940477, 0.32428060453385116, 0.3266976660117507, 0.327081604488194, 0.34049777649343016, 0.330453809350729, 0.32380070313811304, 0.34222543723881244, 0.30955042168498037, 0.3338317584246397, 0.33197741452604534, 0.3257647346705198, 0.3346313171088695, 0.31985831409692767, 0.2841385232284665, 0.3115749662742019, 0.3140301540493965, 0.29342617876827715, 0.31428023912012576, 0.3159397546201944, 0.3296613097190857, 0.29356095641851426, 0.3008579546585679, 0.3432884953916073, 0.3248429488390684, 0.31503133596852423, 0.3366846915334463, 0.31566321197897196, 0.3023209821432829, 0.3410882126539946, 0.30827179588377474, 0.3096104089170694, 0.3137766307219863, 0.32272599004209046, 0.3227659408003092, 0.2937380336225033, 0.29952755458652974, 0.2677878398448229, 0.2997613973915577, 0.2880031084641814, 0.30181375704705715, 0.2726930445060134, 0.3130182381719351, 0.32860620394349094, 0.29987927712500095, 0.31908692345023154, 0.3216442340984941, 0.32285613752901554, 0.29482666980475186, 0.24695745762437582, 0.31610088925808666, 0.3056857967749238, 0.28451454229652884, 0.3301544521003962, 0.31646836176514626, 0.28848756775259976, 0.2855269927531481, 0.3109223388135433, 0.2892176849767566, 0.29976770263165237, 0.316306060552597, 0.28896385040134187, 0.28837337754666803, 0.2782049302011728, 0.28746373765170574, 0.2942852575331927, 0.30273120999336245, 0.2978277191519737, 0.3012593781575561, 0.29263960756361485, 0.3029228072613478, 0.3328897196799517, 0.2562412990257144, 0.2600824600085616, 0.28530662078410385, 0.2883265595883131, 0.2657168563455343, 0.26878244150429964, 0.27988457791507243, 0.2894903803244233, 0.3188952080905437, 0.29223848152905707, 0.29352631270885465, 0.2724634692072868, 0.30970856714993716, 0.27769834008067845, 0.28432785747572775, 0.28615333400666715, 0.3227912027388811, 0.31812417283654215, 0.28588351286016406, 0.289844267629087, 0.2810282407328486, 0.28355097472667695, 0.27517370246350764, 0.3074101332575083, 0.3248065462335944, 0.2607555141672492, 0.2798023663461209, 0.26717504020780325, 0.30240748468786477, 0.3418602794408798, 0.2744999086484313, 0.28860379885882137, 0.2794091029092669, 0.2662644533440471, 0.29437189232558014, 0.3121441747993231, 0.2809089343994856, 0.2944786477833986, 0.29611081536859274, 0.2942876171320677, 0.2625649840570986, 0.30343326311558483, 0.3078249625861645, 0.2896591581404209, 0.2849722258746624, 0.27255039215087895, 0.2942209020256996, 0.25076103806495664, 0.25840829461812975, 0.24040176933631302, 0.275157087482512, 0.2865110274404288, 0.2599814681336283, 0.2644093668088317, 0.27741615362465377, 0.3007105130702257, 0.25418135384097695, 0.278378489613533, 0.298503945954144, 0.3006641615182162, 0.2840887486934662, 0.2748792050406337, 0.2388953112065792, 0.26728844419121744, 0.2833582181483507, 0.26079696342349057, 0.2874484837055206, 0.2525670107454061, 0.27761711459606886, 0.24962646476924422, 0.28574429200962187, 0.2554302535019815, 0.25696668308228254, 0.22850140323862433, 0.3404529433697462, 0.30572588834911585, 0.2632234752178192, 0.2579848986119032, 0.29938654843717816, 0.28428221866488457, 0.2579214483499527, 0.2655109580606222, 0.2659014374017715, 0.3096323750913143, 0.28131411895155906, 0.2678669547662139, 0.27505954913794994, 0.2865381015464663, 0.2710383458063006, 0.30171291735023265, 0.29215795928612354, 0.2678184244781733, 0.2863227903842926, 0.3248618129640818, 0.28328982926905155, 0.2714488349854946, 0.2668115274980664, 0.27836263105273246, 0.24936660313978792, 0.272584181278944, 0.2946873130276799, 0.2607294455170631, 0.25435933098196983, 0.28507312834262843, 0.2984091008082032, 0.28335688579827545, 0.2606719026342035, 0.30621491819620134, 0.28921097200363877, 0.2899238871410489]
