2025-11-05 11:00:21 - fedex - INFO - loss data:
2025-11-05 11:00:21 - fedex - INFO - [17.000569301843644, 0.05388582208543084, 0.004714433540357277, 0.0027949287177762017, 0.00266963659087196, 0.0028509989788290113, 0.0028385178709868343, 0.002633217920083553, 0.0026163428876316173, 0.002718329630442895, 0.0025513764121569693, 0.002400248424964957, 0.0023891309800092133, 0.002061558421701193, 0.0020522091625025498, 0.002081042813370004, 0.0019451047759503127, 0.0015349543995398563, 0.0015691466993303037, 0.0018237607131595724, 0.0016110487769765314, 0.0014558783979737198, 0.0016117767707328312, 0.0016074995306553318, 0.001460891281021759, 0.0014433449226999074, 0.0017278351246204692, 0.0013464234496495919, 0.0012405719842718099, 0.0012620361951121595, 0.0015231258468702436, 0.0010738809429312822, 0.0014418738377571572, 0.001283429983595852, 0.0014730530165252276, 0.0014901110989740118, 0.001584585281307227, 0.0011754114828363528, 0.0013669086452864575, 0.001408392070152331, 0.0013092276913084788, 0.001172288891757489, 0.0012206649607833242, 0.0012699810642516239, 0.000939708560872532, 0.0012513755398686043, 0.0011667878561638645, 0.0012911161757074296, 0.0011431636183260707, 0.0010720635395045975, 0.0011207373085198925, 0.0011624069428762597, 0.001138580192855443, 0.000915727535084443, 0.000988596517709084, 0.00092891970925848, 0.0008931387685152004, 0.0010644901532941731, 0.0010507898898140411, 0.0011153344905324048, 0.0010588749548333, 0.0009003222317915061, 0.000903970258582376, 0.0006792889859752905, 0.0008754561755267787, 0.0008186087117337592, 0.0008334396028658375, 0.000904535167501308, 0.0006819220801844494, 0.000787420514279802, 0.000723754579667002, 0.0007658395123598894, 0.0005690676955055097, 0.0009500314568867906, 0.0009159130726857257, 0.0005841775431690621, 0.0009504717706931842, 0.0009977631787478458, 0.0009304983987021842, 0.0007566647544990701, 0.0004056061282881274, 0.0007280572111767469, 0.0008616687537141843, 0.0006690558913305722, 0.0007239468195393783, 0.0005634632811734264, 0.0008877655113792571, 0.0011040263023460286, 0.0004994297042003381, 0.0007476226892549675, 0.00066058204337196, 0.000980411898467537, 0.000659828743118851, 0.0004955973133519365, 0.0005560781594567743, 0.0007049179889691004, 0.000512776781346247, 0.0008231652188896987, 0.0005786565503512975, 0.0008421023687333218, 0.0007537718334788224, 0.0004548842132180653, 0.00041063639101253103, 0.0009754936791978252, 0.0009973270405680523, 0.0005956712381930629, 0.0005809849841170944, 0.000884094942603042, 0.0006981780942624028, 0.0007841846254450502, 0.0008051098611758789, 0.0006811735471274004, 0.0007134604912607756, 0.0007687127464123478, 0.0005869256323876471, 0.0004425054483363056, 0.0006152799324809165, 0.0006527871973958099, 0.0009114264410527539, 0.0006796273310328616, 0.0005709138398287905, 0.0006581135964097484, 0.0005431509328900575, 0.000605524083846376, 0.0007395689080226475, 0.00046680944415129484, 0.00031565083934310674, 0.0005659511031183228, 0.000346454525853801, 0.0006037566090526525, 0.0003297551319633385, 0.0006217092613951536, 0.00039597816112291184, 0.0005556858507134166, 0.0006528155211981357, 0.000534640357727767, 0.000471390709572006, 0.00033543837503771103, 0.00039755917357524594, 0.00028373038485369757, 0.0004259280811197641, 0.0006160648012382807, 0.0004387319258285061, 0.000517868442557301, 0.000493497052048042, 0.00046720622015072877, 0.0005456433385461422, 0.0002823016489401198, 0.0006091230630545397, 0.00029223656841850245, 0.0005974404307607984, 0.00033177338061705084, 0.00031184047251997526, 0.0002872119664658612, 0.0003193058552071193, 0.00061529421838884, 0.0004108749060605987, 0.0004552803645026416, 0.0005894934175785238, 0.0006009723209331242, 0.00043178784278552484, 0.00018878432289284321, 0.00041134273659508834, 0.00038022476827563877, 0.00023588401228380462, 0.0007310142634423755, 0.00026254639940361815, 0.00041144326745552463, 0.00046322506231035734, 0.000463651057646075, 0.0005082868475483338, 0.0001595213922655603, 0.0002492533300483046, 0.0003518595566163185, 0.0002939529837419741, 0.00045148346538326223, 0.0006530890319822902, 0.0004215261310491769, 0.000535980166284844, 0.0003471168766509436, 0.0003561018483196676, 0.0003210894680023557, 0.00015674512980581312, 0.0002995564132675099, 0.0002925660593689372, 0.00040940340328461384, 0.00023708233644583742, 0.0001728385604280902, 0.0005502253203871988, 0.0004458256483928835, 0.0002882887343218954, 0.0003370886193522438, 0.0005003504754654386, 0.0004472177241495956, 0.00022875549375385164, 0.00010003895416161869, 0.0004080900668782306, 0.00046506969059691985, 0.0004868244608076111, 0.00041523803961354135]
2025-11-06 05:57:17 - fedex - INFO - loss data:
2025-11-06 05:57:17 - fedex - INFO - [16.95547322332859, 0.07051128320745192, 0.0028236720856511964, 0.002825448743533343, 0.002693265449488535, 0.002753737222519703, 0.002785450851661153, 0.0027641328866593543, 0.002711580359027721, 0.002677446254529059, 0.0027836297813337296, 0.002645694988314062, 0.0027458097203634678, 0.002649452615878545, 0.0027598539629252626, 0.0026352155749918894, 0.002348950059968047, 0.0024198806553613395, 0.0024098308698739853, 0.002335536465398036, 0.0020770389033714313, 0.002160370201454498, 0.0019475111446809025, 0.001974234194494784, 0.0017439412535168231, 0.0018760538594506215, 0.0018922808514616916, 0.0017337719102215488, 0.001656695333076641, 0.0016780086742073763, 0.0016196265700273217, 0.0014114437944954261, 0.0012766313421707308, 0.0015224511633277872, 0.0013497813164576656, 0.0014910818164935334, 0.0014629219193011522, 0.0012687130176345816, 0.0013220218912465497, 0.0014792459551244974, 0.0014002348270878429, 0.0011962447177211288, 0.0012830154508264968, 0.001385618947824696, 0.001363440078421263, 0.0013838513681548648, 0.0010648811359715183, 0.001198814425879391, 0.0012175792754078431, 0.0008671649653479108, 0.0011685706849675626, 0.0010994588785251836, 0.0010410161292384148, 0.0012226110276969849, 0.001015124871628359, 0.0011540005718416067, 0.0011738674664229622, 0.0011853360803797842, 0.0009780895237781807, 0.0010243286706099752, 0.0010071396069179172, 0.000771662475199264, 0.0009545234770484967, 0.0010632745315888315, 0.0011658826537313872, 0.00106883259031747, 0.0008115212231132318, 0.0007447342195519013, 0.0009240054687325028, 0.0009570190979502514, 0.0008979437641755794, 0.0008151072161126649, 0.0009777448692148028, 0.0009926950519002276, 0.0011644635051197838, 0.0006598372756343451, 0.0009962176824046764, 0.0008700223845153233, 0.0007642466716788476, 0.0011144664973471662, 0.0008508064887791989, 0.0008774121133683366, 0.0007633534840806533, 0.0007548093557488756, 0.0007228375709928514, 0.0007292003825568826, 0.0009260237391572445, 0.0009904205944621935, 0.0008804520450212295, 0.0006411229763216397, 0.0007085800099503104, 0.0005353604440642811, 0.0006737949098805984, 0.0009450130491131858, 0.0007757548935842351, 0.0006354325731876998, 0.0005335678041546998, 0.0006328745646442258, 0.0006742603699649407, 0.0006829182528235833, 0.0006825075660344737, 0.0006934980718369844, 0.00045403785516100474, 0.0008385955121411826, 0.0008996296765872102, 0.0006727618120748957, 0.0003808203699122714, 0.0007480124816993339, 0.0006013803897417346, 0.0006683863061880402, 0.0007206400212908193, 0.0007080116422912397, 0.0006411089780385738, 0.0005381083276915887, 0.0007921734452338569, 0.0005324706711235194, 0.0008007522602383688, 0.0006315894306226256, 0.0007105361034518865, 0.0003365109318565374, 0.0006586778404198412, 0.0007193335779447807, 0.0007061436772346497, 0.00044757062189546557, 0.0005642252726829611, 0.00038521406950735586, 0.0005007787631086558, 0.0002844727134686309, 0.0007470501087937009, 0.0005974589182187629, 0.0005970833382434648, 0.000774928229247962, 0.0005406612560136636, 0.0006454551927618013, 0.0005512402852673404, 0.0004482008815330119, 0.0005866800161328456, 0.00034630022972237384, 0.0005230261942358539, 0.0005763413505292192, 0.00033878329320486956, 0.0007159876232435635, 0.0005630189067005631, 0.0004986821270676955, 0.0006070296951293131, 0.0006522509164824441, 0.0005709026744852963, 0.00020943045083186005, 0.000850807949564114, 0.0005539906539979711, 0.0003950980536728821, 0.0003183957329383702, 0.00028571297992243674, 0.0007485881196487298, 0.000604458902830629, 0.0007441673362336588, 0.00037406315348107453, 0.0002761748953616916, 0.0003670444336989931, 0.00013895038337636835, 0.0003433016358656005, 0.00040327834906577213, 0.0007122919707626351, 0.0003732096821750019, 0.0004408328843169329, 0.0002845260226195023, 0.0003996418529936818, 0.00014552622867540775, 0.000402889330950984, 0.00018721796395197997, 0.0003284759828602546, 0.0003230909528610937, 0.0004553350222636255, 0.000186868194367662, 0.0002020869457567187, 0.00037108171947011217, 0.0002638434975636983, 0.00041728579278128565, 0.0004182174074941258, 0.0006510875736807976, 0.00029350712288191973, 0.0005212088638472778, 0.0002085457603300256, 0.000484800126605478, 0.0006974006252448816, 0.00042587092989379013, 0.0004976259171144193, 0.0004646015435241679, 0.0004335312671628344, 7.572055723130689e-05, 0.0002995147968647416, 8.236032500690272e-05, 0.00048070359763414673, 0.0007262438705083695, 0.0003705190604932796, 0.0003694005280294732, 0.0004448088481808554, 0.00037860972510657116, 0.0004767115700474278, 0.000725782739107217]
2025-11-06 14:01:09 - fedex - INFO - loss data:
2025-11-06 14:01:09 - fedex - INFO - [16.941583150625227, 0.05948704874899704, 0.0028340749675408007, 0.0028453222214011474, 0.0028856674616690725, 0.0025320226326584817, 0.0027553864754736425, 0.0025681377243017777, 0.0024208694376284257, 0.0024529430782422425, 0.0024206839618273078, 0.002253450287389569, 0.002167222829302773, 0.002282603402272798, 0.002101358043728396, 0.002235045513953082, 0.0018077551023452543, 0.0016809656866826118, 0.0016574353110627273, 0.0017016709069139326, 0.0016892688130610623, 0.0016020796938391868, 0.0016140772779181132, 0.001453079967177473, 0.0017377966330968777, 0.0014125733840046452, 0.001422144813113846, 0.0014169273603329203, 0.001572665419371333, 0.0015494592640607151, 0.0014424872344534377, 0.0011968538452492793, 0.0015268011709849818, 0.0014146902867651079, 0.0014317341374407988, 0.0014077690448175417, 0.0012800560536561534, 0.001344683181378059, 0.0011718077177647502, 0.0013265345645777416, 0.0010082893753860845, 0.001134881016696454, 0.0011705487017025008, 0.001054550132539589, 0.001322729734965833, 0.0011792152499765507, 0.0009426072305359412, 0.001225793183039059, 0.0008109955584586714, 0.0010334981827327284, 0.0010188722186285303, 0.0012639528325962602, 0.0011871260910993442, 0.000867702420509886, 0.0009876783975414582, 0.0009678621797320375, 0.0012272329231564072, 0.0008590385984462046, 0.0009268914677704743, 0.0009589374689312536, 0.0009330182573194178, 0.0010179316785070116, 0.001108349503192585, 0.00090739390852832, 0.001049959363808739, 0.0008589242195739643, 0.0009885400991038297, 0.001060819633585197, 0.0008930181097184686, 0.0011040628362934512, 0.0008139744097206858, 0.0008664324044730165, 0.0007832149478417705, 0.0006412789506612171, 0.00102081542072483, 0.0007774383143100749, 0.000795174780432717, 0.0008265896703960607, 0.0008390718222926807, 0.0006161896460071148, 0.0008111638550872158, 0.0005961149550103074, 0.0007616626783601532, 0.0009012122081912821, 0.0006310909061312485, 0.0007522329855191856, 0.0007979398340580701, 0.0007943876389617799, 0.0005842720203872887, 0.0006095795876262855, 0.0005545124914078769, 0.0008875254378835961, 0.00041627738854401743, 0.0007440030047540346, 0.0009435662183761907, 0.0008060626073074673, 0.0006874199220874289, 0.00047060614897418416, 0.0006141544187812543, 0.000769233209621234, 0.0006262850112761953, 0.0007370419269136618, 0.0006577990159485125, 0.000751818049866415, 0.0006908763860337785, 0.0006444292520427553, 0.0005458976836962392, 0.0005305085257901965, 0.0003753081100853706, 0.0006427296451647635, 0.0007924702851596522, 0.0005980354505709329, 0.0004584158774150637, 0.0005436044599946399, 0.0007225594481496955, 0.0005949703232545289, 0.00035606533583916185, 0.0007281446993488317, 0.0006108634798437151, 0.0006203972954381242, 0.0006404208071216999, 0.0005552455112365351, 0.0006089595285402538, 0.00045470530886859706, 0.0005680980500528676, 0.0006060996053093958, 0.0007185866041709233, 0.0006565039662291383, 0.0002930750486711986, 0.0006300804519696612, 0.0007535793732131423, 0.00036058886117302786, 0.0006368575825717927, 0.0005088087793410523, 0.00038988159076325246, 0.0005946145365385291, 0.0005534496539098654, 0.00027114599093920334, 0.0004889001395440573, 0.00041445548392857743, 0.0004545086187476954, 0.0005022183633172973, 0.00047164054167296853, 0.0006047767947165994, 0.0005024660830713401, 0.0005498228410715456, 0.0003193674641124744, 0.0004705837453911954, 0.0004451653772775899, 0.00038489629234845775, 0.0005879441595880053, 0.0004430111467172537, 0.0003713664644919845, 0.0004642793362108932, 0.0003999505415265503, 0.00039097782643011665, 0.0003225811630983344, 0.0005981742826861591, 0.00043631085574133974, 0.00033916399491999987, 0.00035084472250446197, 0.00032578773780187473, 0.0003496344962229614, 0.0006461189826126201, 0.0004480288155264134, 0.00039233394692246294, 0.0003762704339465017, 0.0005537924589361864, 0.0005590031431893294, 0.0004150728274282756, 0.000546599943675119, 0.00043152892235980293, 0.0002681428117398355, 0.00034785072812155705, 0.000210416525032997, 0.00044755128583346955, 0.0001470240181220106, 0.000432929571731222, 0.00033304780347407357, 0.00030220234745002015, 0.0005171934506961407, 0.00011969611398399138, 0.00047514201146441336, 0.00037002528624725524, 0.00027630258652777684, 0.0003964960997279831, 0.00024618834141847405, 0.00031144755329250986, 0.000290973834904662, 0.00035703356479643844, 0.0006275881925603243, 0.0003184597028052849, 0.00022135887232650476, 0.0004295233560469569, 0.00018709516879198418, 0.0005009582165143911, 0.0002755004854179788, 0.00031127299599802426, 0.0002773192019844828, 0.00028974078567216565]
2025-11-20 14:34:48 - fedex - INFO - loss data:
2025-11-20 14:34:48 - fedex - INFO - [16.924722746014595, 0.03227302947489079, 0.0028407659207005053, 0.0028086504578823225, 0.0027558093759580517, 0.002700463142537046, 0.002757598379685078, 0.0029853758547687902, 0.0024094345688354226, 0.0022473175675258973, 0.002216868985851761, 0.001976559084141627, 0.001914770302391844, 0.0017532256930280709, 0.00182354213175131, 0.0018804328996338882, 0.0015745579126814845, 0.0015641235951989073, 0.0014685697115055518, 0.0015343865359682242, 0.001354501115747553, 0.0013724557484238176, 0.001351708774200233, 0.0013236914686785895, 0.0012634684918339189, 0.0012024396030938078, 0.0013861440103937637, 0.001102006303062808, 0.0010900239169131965, 0.001058945647764631, 0.0011768173261771154, 0.0010696392619593098, 0.0008496864001159565, 0.001056393949147605, 0.0009029970569827128, 0.001062157766227756, 0.00119153789964912, 0.0008771942476869299, 0.0009543750702960096, 0.001069222980822815, 0.0009422094095270949, 0.0008876043576890424, 0.0008078529892600272, 0.000901314220891436, 0.0009776259709269653, 0.0010571670507488306, 0.0008625952825468629, 0.0008832216683003935, 0.0007739099735090349, 0.0007756947228131139, 0.000744084679831758, 0.000746126946592085, 0.000932591764785684, 0.0008215778227395275, 0.0007456191865458095, 0.0008572723020506602, 0.0008101782769813326, 0.0008814736047668249, 0.0006679593734702393, 0.0006497159797021368, 0.0006539475949693952, 0.000640962118961852, 0.000674087095762843, 0.0007533611085079883, 0.0006892134377608272, 0.0007365057585687395, 0.0005198784456638349, 0.00048195278255889205, 0.0007393453532358763, 0.0005253603763435422, 0.0006085976247064195, 0.000527268337816622, 0.0006470300545032614, 0.0006839902702267864, 0.0006531564482429532, 0.0004711821989630493, 0.0005479405535481873, 0.000564020101433016, 0.0005129504615211999, 0.0006480042818957088, 0.0006337758863651289, 0.0006831437241544336, 0.0005229621726243749, 0.0005224260243164025, 0.00042295540846204466, 0.0005293993468058033, 0.0004728384251968976, 0.0006670864763151485, 0.00045789613395115226, 0.0004791305864330297, 0.000478458579798513, 0.00044438718630193105, 0.0004745672844787663, 0.0004432941452961359, 0.0004051116199207172, 0.00029154388173608937, 0.00034565720816139847, 0.0004983976251182298, 0.0003653695164786086, 0.0004427693259899002, 0.0004897883317472207, 0.0004885780939588359, 0.0005077659863673035, 0.00034390163186799323, 0.00035572765365827764, 0.0004059090964759094, 0.00042990134132097073, 0.0005498013715946826, 0.00019991314622833654, 0.00042043896507077967, 0.0003117831291215012, 0.0004593771242070943, 0.00033057354957124476, 0.0003400852704349866, 0.0003039299772743309, 0.00032184595179245433, 0.0004845493464642913, 0.0004497692096407491, 0.00029842099880852404, 0.00022424165423169385, 0.00034025225759632956, 0.0004455820827871548, 0.0003423705794968868, 0.00022060480112919833, 0.0003814459958228156, 0.000159107068576958, 0.00019267029419522963, 0.0003259081316937973, 0.0003586903894202464, 0.00014415838225954048, 0.00031057794429631966, 0.00038793299177211085, 0.00029502828816312386, 0.00025674607165520057, 0.00018353507798334333, 0.00012604962846065606, 0.00036959662110067624, 0.00027352826851494426, 0.0001129081147452915, 0.0003034069552372287, 0.000215554861775491, 0.0004376435265826206, 0.00019104682556023712, 0.00028589156814922133, 0.00023790395253087127, 0.00012091256956239249, 0.00023914277502457004, 0.00016643176225010768, 0.00026597639669194705, 0.00012703692567224146, 0.00012479681915813503, 0.00013588543020008894, 0.00024647804100423886, 0.0002086462976273573, 0.0002052074175360685, 0.0002444180783282235, 0.0001055873863902157, 9.97442060052478e-05, 0.00017587661108946494, 8.908330091021987e-05, 0.00020833560911563963, 0.00016723914914948954, 0.00018379548939897463, 0.00016291672354138418, 0.00012286060693693647, 0.0001210824180296166, 0.0002235339855053864, 8.651223507907257e-05, 0.00022046802648443276, 7.246687963227138e-05, 0.00016360205111713987, 0.0003692107289608781, 7.813458225109926e-05, 0.0001354175935729618, 6.121975315553918e-05, 8.80664874791659e-05, 0.00010159420315991596, 0.0001806697935687662, 0.0001380401282746302, 0.00013666198079027582, 0.0001206564522012954, 0.00014264267895880423, 9.107714396883182e-05, 0.00019638845025209405, 0.00024134968036517714, 8.380363305144912e-05, 2.7656847497015133e-05, 0.0001809130965082062, 0.00013788184947611802, 6.917444720646592e-05, 5.541056069051642e-05, 0.00010837086589654543, 2.266801584200895e-05, 0.0002616923797965409, 0.0001301939588660428, 6.608773324328077e-05, 0.00030733500314896747, 0.0001486671145274787, 0.0002482253450241334, 0.00021387702937425423]
2025-11-22 01:18:46 - fedex - INFO - loss data:
2025-11-22 01:18:46 - fedex - INFO - [16.91586830615997, 0.06588549470761791, 0.0029467682732502, 0.0027929669595323503, 0.0027511275198776274, 0.002772520176949911, 0.0027368819777620953, 0.002716853964375332, 0.002843576506711543, 0.002748278569197282, 0.0026651092804968355, 0.0025839994108537213, 0.0023945457302033905, 0.0024142711044987664, 0.0020640119473682716, 0.0022941464150790123, 0.0019181798212230205, 0.0021644338936312123, 0.0019498198744258843, 0.0017922145620104858, 0.0017456026675063186, 0.0018011099011346233, 0.0014146229150355794, 0.001847638122853823, 0.0012585430918989004, 0.001333987104226253, 0.0015398041578009725, 0.0017142502867500298, 0.0015069362947542687, 0.0015675700255087578, 0.0014864406708511523, 0.001364004402057617, 0.00134651605549152, 0.0014901437891239766, 0.001289774468386895, 0.001291904511890607, 0.001164142048219219, 0.0011415809720347172, 0.0013325601976248436, 0.001563434294075705, 0.001147228067202377, 0.0011314437047985847, 0.0012069749322108692, 0.001254967020577169, 0.0013607088494609343, 0.001253070033635595, 0.00131859824359708, 0.0008724343853828032, 0.0014895690064804512, 0.0012030961795971961, 0.001198031239619013, 0.0012332769572822144, 0.000948373721621465, 0.0011357098925145691, 0.0012010188409476543, 0.0009515243855275912, 0.0010964809480356053, 0.0010947608629066964, 0.0011460568628535838, 0.0008707292282451816, 0.001092387063545175, 0.000980688427171117, 0.0009653291814174735, 0.0009320306955487468, 0.0009968876158382046, 0.0007876700101405731, 0.0011358148956787772, 0.0010410276869151857, 0.0008281955689653841, 0.0009086692612982005, 0.0006924080487351603, 0.0008757015402352409, 0.001009047026400367, 0.00090877548645949, 0.0010959400737192483, 0.0009453143125938367, 0.0009585419042196008, 0.0007549365675913577, 0.0008340273272551713, 0.0008296602658447227, 0.0007610996022435756, 0.0010380403095041403, 0.0007083901222813438, 0.000973800505107647, 0.0007539623239608772, 0.0007723249969785684, 0.0010836212093636277, 0.000546472324822389, 0.0006038841992449306, 0.0008443958002771978, 0.0008380712983125704, 0.0009005645128127072, 0.0007433888763387131, 0.00044478571321633354, 0.0006351646886059825, 0.000667238620826538, 0.0007334728902151256, 0.0005460850135705186, 0.0006677210884845409, 0.0005421064578968072, 0.0009250353982906745, 0.0007519609377141023, 0.0004911432216886169, 0.0007583174044157204, 0.0005632861967114877, 0.0006376774915679562, 0.0006598097841902018, 0.0005488992560003681, 0.0004870561828738573, 0.0004853749472772506, 0.0006637523308654636, 0.000813789884068683, 0.0005017810068466133, 0.0005988870378814681, 0.0005531962910481525, 0.0006885995524498866, 0.0006833995391389181, 0.0007100507557879609, 0.00041442471424488756, 0.0005937479880117279, 0.00058764805867213, 0.0003383017741953154, 0.00052942935271858, 0.0005357010850730148, 0.0005658113201207016, 0.000492315432614987, 0.00042706800720679897, 0.0005438376241841069, 0.0007013558798121267, 0.00038989131751350216, 0.0004798062893314636, 0.0003524834608015226, 0.0006967830781263729, 0.00039006340507512504, 0.0006241889875127527, 0.0003005020659429647, 0.0006721220975805409, 0.0004441292246838202, 0.0006062618266923891, 0.0005338604639973711, 0.00033266948580887854, 0.0005999329527412555, 0.000501122768616824, 0.0004458828898975753, 0.0004786747646903678, 0.0003561685025204042, 0.0006887493140993684, 0.0004178763028107824, 0.0003995605205659558, 0.00031923451842885697, 0.00048758810513049866, 0.00021072092399379016, 0.00026036909599440604, 0.0001511105028001225, 0.00043752501044878043, 0.000478963604282967, 0.00037686576513920047, 0.0003844077828318859, 0.00022337404762993174, 0.0008208042674198168, 0.0002939295221892735, 0.0005413387360050591, 0.00047141148654361587, 0.0003347452458683619, 0.0004595818081043035, 0.0005483565395422829, 0.0005169070008321341, 0.0003947953658780534, 0.00017951503209019394, 0.0004998835312505889, 0.00017829061315524086, 0.00027586532333430115, 0.00040751188111016746, 0.0005635030739483682, 0.00019454061388159973, 0.000352082425118283, 0.00042597699472253226, 0.00035546956907239746, 0.0003129779650492992, 0.00030687797543009764, 0.0005074083519673422, 0.0002939814292489018, 0.0005550828017817366, 0.00025957911526859335, 0.00047108454556337164, 0.0003669756560782389, 0.00029072407799617394, 0.0005151464897437564, 0.00042139376207046554, 0.0004029317288086531, 0.0004820493524562153, 0.0004897309598334232, 0.0004541023538195077, 0.0005106232929506405, 0.00027368688483875303, 0.0003031993274817069, 0.00024140233172147417, 0.00012105622615763423, 0.00023207882197766593, 0.0006762474071706492]
2025-11-22 04:04:55 - fedex - INFO - loss data:
2025-11-22 04:04:55 - fedex - INFO - [17.044555696845055, 0.07930572690092959, 0.003302995831472799, 0.0031228973210090773, 0.002743675175588578, 0.0027452418347820636, 0.002753654774278402, 0.0027619007800240066, 0.0026044056576211005, 0.002854444133117795, 0.00265880998049397, 0.002591124488390051, 0.002567289714352228, 0.0023992313421331347, 0.002291884462465532, 0.0023376985045615584, 0.0022478192637208853, 0.0023294608370633798, 0.0022462167340563614, 0.001986862809280865, 0.0018384552931820508, 0.001787658387911506, 0.0017177465604618191, 0.001848321004945319, 0.0017259304760955275, 0.0015756596170831473, 0.0014986556721851229, 0.0013803130379528737, 0.0015848891096538864, 0.0014732418218045495, 0.0014868516853312032, 0.0015580662060528994, 0.0013224951188021807, 0.0012491518988099414, 0.0011887865359312855, 0.00139449105336098, 0.0015396570001030342, 0.0013738552701397567, 0.0012047641561366619, 0.001345019578729989, 0.001434929882452707, 0.0012187501837615856, 0.0012064653827110305, 0.0011692458181641998, 0.0013369561620493187, 0.0013301036597113125, 0.000967957173133982, 0.0013917657093770685, 0.0010200699194683692, 0.0010303825465598493, 0.0010945973213893011, 0.001498002078551508, 0.001097553459840128, 0.0012268434948055074, 0.0011719632658241607, 0.001316893431067001, 0.0014430593248107469, 0.0011187778480234558, 0.0011297566143184667, 0.001087600676328293, 0.0011107590253232047, 0.0008095021417830139, 0.0009490493444900494, 0.001069034047941386, 0.0008346325226739282, 0.0013579135047621094, 0.0010151289079658454, 0.0007586090037420945, 0.0010767247989861063, 0.000723940799753109, 0.0008276326817394874, 0.0009779618303582538, 0.0010758584935501858, 0.0008376900223083794, 0.0009752077338816889, 0.0008732953847356839, 0.0010623945303450456, 0.0010208099889496224, 0.0010361204233049648, 0.0008110390406727674, 0.0008560548247260158, 0.0007296435629996268, 0.0006917020967193821, 0.0006649357724654692, 0.0006784969375985383, 0.0012253155829057504, 0.0008874654330611521, 0.0007705257567977242, 0.0006619189833600103, 0.0008979211374935403, 0.0006673966642665619, 0.0006279230060044938, 0.0007363911710854155, 0.0008284232822006743, 0.0008941276852056035, 0.000857406317436471, 0.0007290005918093811, 0.0007746675290945859, 0.0009885902704809268, 0.0006077775940866558, 0.00046773959593338077, 0.0005609165810710691, 0.0005743665176851209, 0.0006601357512863615, 0.0009321523500148033, 0.0006949218020054105, 0.0006705956944188074, 0.0006953905138288973, 0.0006607132602994171, 0.0004745458967590821, 0.000586706845297158, 0.0004837044092255383, 0.0006931600669759063, 0.0009646041203041023, 0.0006822195006861876, 0.0005778698972335406, 0.0006212455476088507, 0.0006177369697240921, 0.0006982530787126961, 0.0007930120832611465, 0.000647326916464408, 0.0006734386578045815, 0.0006359558761687367, 0.0007210399987343408, 0.0005971862100523141, 0.00045512807996601624, 0.0006048891998489125, 0.0007311942839351103, 0.0005255141396673935, 0.0005643016329486272, 0.0005300639053530177, 0.0006500948119537497, 0.00048572301817557674, 0.00037654747937665434, 0.0007910615680344791, 0.0004360018316901915, 0.00042850145009651894, 0.0003561204240327242, 0.0007931899257698661, 0.0003475614704399277, 0.0005239999609671031, 0.00048377084807498254, 0.0006590698856371091, 0.0004380302281788318, 0.0008640320984795835, 0.0005454506985643093, 0.00047193122984481303, 0.00040261907052467903, 0.0009014656509634734, 0.0005618794395559235, 0.0004709411115072726, 0.00036714240104629425, 0.0005363673192277929, 0.0005152372008296879, 0.00039003398035220016, 0.0004872161349908311, 0.00037785237897764996, 0.0005150911971668392, 0.0003614675608957896, 0.0006773573221380501, 0.0005638065844095763, 0.0003933971462288355, 0.00038612274628349044, 0.0005429661569053224, 0.000723698737738232, 0.00040811220399064043, 0.0006119118017295477, 0.0004718005396625813, 0.0004583642134775801, 0.000331295722151026, 0.000552052361308597, 0.0003989489177513405, 0.0002849317144750785, 0.00016474238282171427, 0.0003658686676601519, 0.0005233298785128681, 0.00032310752527564546, 0.0003232522119560599, 0.00028345893987591353, 0.00042900989784584455, 0.0004516436432595583, 0.0005071444845668793, 0.00026855433794992223, 0.0004508135604396557, 0.00024245496697119506, 0.00039330104406190005, 0.00047736902859583095, 0.0005832172759198783, 0.0003154147405552976, 0.0006220814738412628, 0.0002729185015823532, 0.0005277767865322858, 0.00043474021554175125, 0.00030178484488487813, 0.0001667059494593559, 0.00042519328331991346, 0.0004456712756223169, 0.0002591767162812175, 0.00027362589130461854, 0.0004671266818490949]
2025-11-22 06:49:18 - fedex - INFO - loss data:
2025-11-22 06:49:18 - fedex - INFO - [16.72872285246849, 0.07499458550591953, 0.003173513695946895, 0.0027956707694102075, 0.002617889901739545, 0.002714598897728138, 0.002669576794141903, 0.0028008527646306903, 0.0027474685251945626, 0.00280680613941513, 0.0026394328771857543, 0.002738379826769233, 0.002429769904119894, 0.0025235948647605254, 0.0025723577971803026, 0.0025120699137914926, 0.0021830452911672186, 0.0022061550887883643, 0.0019072980736382307, 0.0019504843709000851, 0.0018072195416607428, 0.001755650776613038, 0.0017275465055718088, 0.0015413081797305494, 0.0015532478792010807, 0.0015202078517177141, 0.0016299045892083086, 0.001563854295091005, 0.0013969071202154736, 0.0014185384978190997, 0.0015287321220966987, 0.001290922279440565, 0.0015390672866487875, 0.0011984295877482509, 0.001107351385144284, 0.0012721751212666278, 0.0011492955716676078, 0.0015312045583414148, 0.0012213937465276104, 0.001218172829976538, 0.0012425055356288794, 0.0014571273313777056, 0.001135498444273253, 0.0012419497412338386, 0.0011218819017813075, 0.0012240514168297524, 0.0011699090087859076, 0.0011084259320341518, 0.0011355309425198357, 0.001072427214603522, 0.0012457156379241496, 0.0010539568229432916, 0.0009518258356365551, 0.0009291038906667382, 0.0009917760663483931, 0.0010610609264404048, 0.0008967023170043831, 0.001038973945469479, 0.0008588825825881941, 0.0007103353338607122, 0.0011003123036516626, 0.001133459122502245, 0.001046018023043871, 0.0009476744613493792, 0.0010659581053914734, 0.0010472938731254542, 0.0006494304413081408, 0.0008561823247987376, 0.0012628819527435553, 0.0011354920432495419, 0.0010802223510836483, 0.0009073743010958423, 0.0009012722273837425, 0.0009203628483192006, 0.0010454014838614967, 0.0006678629003317837, 0.0009473420594531489, 0.0008878558598553355, 0.0009124906897795881, 0.0008175568824299261, 0.0006889877173307468, 0.000790227790184872, 0.0005578441043553539, 0.000715553848226591, 0.000899358068318179, 0.00047620664145142655, 0.0010255827985474752, 0.0009057987545020296, 0.0006632141391492042, 0.0008238152972808166, 0.0006400578756711184, 0.00031883751273653615, 0.0008184533428220675, 0.000917466105420317, 0.0008139933608617867, 0.0006369233095028903, 0.0005797472480026045, 0.000589185148226079, 0.0006859444378278567, 0.0006963028606605803, 0.0007281333121682109, 0.0006319150953231656, 0.001002250448527775, 0.0009963481172235332, 0.0006364533024679985, 0.00047468177117480085, 0.0008162533016729867, 0.0007801863064059943, 0.0004464047242663583, 0.0006792578626118484, 0.0004979850240488304, 0.0004836102571516676, 0.0008776022052643384, 0.0006392270997139348, 0.0010166112930164672, 0.0006738284303082764, 0.0005491170712957683, 0.0005723937579432459, 0.0004795284682813872, 0.0007035909417027142, 0.0002819484334452227, 0.0009115695154378045, 0.0005669179662049828, 0.0007216334117401857, 0.0007256883542140713, 0.00043083155351268947, 0.0004857021759789859, 0.0006650986905015089, 0.000652274102571937, 0.0006599335654982497, 0.0005137070223099726, 0.0005378050003400858, 0.0006458287548866792, 0.000733948958259134, 0.0006020308656843554, 0.000413460220113393, 0.0005097613662883305, 0.0008768476565819583, 0.0007828410029560473, 0.0004384754823604453, 0.00048605911292725067, 0.0007539739470303175, 0.0004451485456002047, 0.00035598646638277385, 0.00045724884074616057, 0.0005599162453165719, 0.00045091687100011767, 0.0008964515438947274, 0.00034535024972228714, 0.0007804346947125395, 0.0005331403228069576, 0.0005484469000066384, 0.0003672678082580205, 0.0002551097092691634, 0.0006725309940406987, 0.0004539004924538403, 0.0005261919481597487, 0.0005595602862626947, 0.00030682935977210946, 0.000414575369077852, 0.000595097252511323, 0.00035431012940989604, 0.00029084150667131327, 0.00037062123941495885, 0.0003820931904328972, 0.0003186919607742311, 0.00035682512274775035, 0.00025538800092874683, 0.0006963690095403763, 0.00026395125497344905, 0.0005786454496444548, 0.0003518502680094571, 0.00044613282822183466, 0.0006587208333030503, 0.0004819876030637715, 0.0003539771670943992, 0.0002730349893681705, 0.00045835089561023783, 0.00019723385526049242, 0.0007214339053803088, 0.0005620846492547571, 0.0004470733304628993, 0.0003666597609253586, 0.0007196304880267234, 0.000564721115415523, 0.00032778640311335037, 0.0002055064832404696, 0.0001919633079637606, 0.00023034519146278854, 0.00040056139930015887, 0.00037661574199319146, 0.00034024341664462554, 0.0004312508833606898, 0.0003863038318741019, 0.0004197274125544936, 0.0002092720518248825, 0.0003343566931505393, 0.0004954763081116199, 0.00046914734800793665, 0.0005054135902696545]
