2025-11-06 14:45:38 - feda2 - INFO - loss data:
2025-11-06 14:45:38 - feda2 - INFO - [0.5297665463929826, 0.9779551476240158, 0.5445041742853143, 0.5685167544417911, 0.5099220456821578, 0.5450589507818222, 0.5516933617847306, 1.549854004289955, 1.2057013395759795, 0.4960644220312436, 0.3180961779435165, 0.860629883594811, 0.9485104592009024, 0.824352812554155, 0.4182308800518513, 0.21605145440747342, 1.0486909821629524, 0.2652317784312699, 0.29216618250523296, 0.4807204501790693, 0.2781971212440577, 0.5274654210913772, 0.5645864702921244, 0.4583895140224033, 0.46664899049533737, 0.7131940498948097, 0.4330344352532517, 0.416811467759838, 0.30572633377530356, 0.7903946431523019, 0.7796711511909962, 0.41509996354579926, 0.26719324477016926, 0.20372440262387195, 0.7078997240298324, 0.6674462233980496, 0.35287607156982026, 0.9039464332163334, 0.7931711040437222, 0.48322535430391633, 0.3967686556279659, 0.8397544812072407, 0.3765805575375756, 0.4980561112364133, 0.3612693815181653, 0.3530320023289985, 0.3941070958971977, 0.5331068560481071, 0.31599978552687735, 0.3137754172914558, 0.2617044885727492, 0.3476275039008922, 0.2613969391721993, 1.3909037224327525, 0.34149556891578764, 0.36628928332768307, 0.35205885892113054, 0.44996207145353156, 0.4298883527517319, 0.7624399065971375, 0.29049785736770856, 0.8009992763400078, 0.26459416720483986, 0.09206123720796314, 0.5806959743301074, 0.7392755039036274, 0.9304683320224285, 0.3290761381919895, 1.4350576102733612, 0.4072366189211607, 0.6176083409227431, 0.3828631902491907, 0.43330328809944063, 1.0217288434505463, 0.33855284919792955, 0.41597711159424344, 0.6411785371601582, 0.40659789327118134, 0.20094912303975435, 0.8463255241513252, 0.3472689307398266, 0.3669794946908951, 0.3971836271754, 2.173933965238658, 0.26842095905287555, 0.5674175545573235, 0.6704114954918623, 0.49219821145137155, 0.4831698560579256, 0.7294934073256122, 0.43800171092152596, 0.2628833334554326, 1.1758416146039963, 0.53618542782285, 0.3603699319064617, 0.3035236434744937, 0.8058147504925728, 0.42347051203250885, 0.37750709926088655, 0.47343017492029404, 0.29381482096181977, 0.7055115401744843, 0.32569938661022624, 0.5439354026956218, 0.7531348764896393, 0.5394836254417896, 0.36904226429760456, 0.30219648467997706, 0.3971301428973675, 0.44139410462230444, 0.2584834853497644, 0.27862467776451794, 0.2820306214518496, 1.1160525147887794, 0.43083957210183144, 0.34410813876560753, 0.3241269380381011, 0.29512422904372215, 0.2531350962817669, 0.5404403172433376, 0.40328322929124555, 0.2740777377039194, 0.27158422685627426, 0.24884516861112344, 0.2351738006053936, 0.7700606714934111, 0.40607114136219025, 0.43398286402225494, 0.33370914310216904, 0.31798232068585885, 0.3627565743008745, 1.6598677677767617, 0.24109059672078326, 0.6275511567264493, 0.5667329529921215, 0.2992524808006627, 0.808870479464531, 0.4317905865609646, 0.4303690865635872, 0.3523997846576903, 0.26401090156286955, 0.3065330103378404, 0.43689674263199174, 0.5727229602634907, 0.24542347341775894, 0.2781443763524294, 0.19834878264615935, 0.3220503575035504, 0.46918750885460114, 0.2794298227462504, 0.3389162765694903, 0.47371339797973633, 0.23825470965045192, 0.1509418505243957, 0.34628881753555363, 0.2236885130405426, 0.6943228082705496, 0.4688977839218246, 0.28584881499409676, 0.40310530695650315, 0.2631151767070627, 0.11521535761033497, 1.077844652036826, 0.4732743263011798, 1.5173793468210433, 0.46609467696962936, 0.6845209889791228, 0.3385501681930489, 0.42798447608947754, 0.39912298942605656, 0.3679606645283374, 0.4238114017061889, 0.3540081545400123, 0.3701029410585761, 0.9234725327955352, 0.8023190101874726, 1.0436543566840035, 0.6843260606484753, 1.1644653677940369, 0.5670819343491034, 0.5195195861160755, 0.2514200450645553, 0.43105478991161694, 0.3757644726584355, 0.48621120032939047, 0.6698267087340355, 0.4778192500499162, 0.28352507881142874, 0.37704496492039075, 0.5867961856226126, 0.3525584641444896, 0.4724115932529623, 0.37389713732732666, 0.5649747546348307, 0.6041574606464969, 0.5468068395608238, 0.25000346984182087, 0.5159916322339665, 0.20626704075506755, 0.2258696993192037]
2025-11-10 05:41:11 - feda2 - INFO - loss data:
2025-11-10 05:41:11 - feda2 - INFO - [0.5226068462837826, 0.9130173921585083, 0.5232141833244399, 0.5631696751548184, 0.46685983347041266, 0.5366881415247917, 0.5093936356050628, 1.3402128687128425, 1.1974115520715714, 0.4470842555165291, 0.26702869989967437, 0.8759524873457849, 0.9410362179306421, 0.7182439898273775, 0.4569193758070469, 0.23066101428121327, 0.9465131387114525, 0.2831713660723633, 0.3194585189755474, 0.2855414044315694, 0.2554437021312134, 0.4667828358273255, 0.5089307569003723, 0.5260536360243957, 0.4707444419877397, 0.7239099089056253, 0.4245110501093094, 0.38280971400966546, 0.28310702876611193, 0.6173939593136311, 0.690859979018569, 0.3663756176829338, 0.25546460955714184, 0.18931923661148176, 0.7333519400821792, 0.7785371666153271, 0.3222482103543977, 0.6063202247023582, 0.6038150675594807, 0.6121024961272876, 0.4173245725354978, 0.48360712284391577, 0.19713159346332154, 0.4516247332923942, 0.37478294720252353, 0.34512983679416637, 0.5131424131492773, 0.35974529199302197, 0.3378376911083857, 0.2969379818273915, 0.32173495130105456, 0.44904946722090244, 0.23618915771274057, 1.518377977516502, 0.3152939551121866, 0.3665211368540321, 0.4019328306118647, 0.46018146723508835, 0.4274224564433098, 0.556959867477417, 0.3078355674469282, 0.625382773578167, 0.24739414639770985, 0.09464892417896148, 0.5810935145450963, 0.6709492792460051, 1.001598633825779, 0.32321781310297193, 1.7229694724082947, 0.4715310148894787, 0.515908487373963, 0.7233309637580533, 0.4231965138830922, 1.2283499240875244, 0.36172058692935743, 0.44194612234379305, 0.6692986438671747, 0.4749754021565119, 0.19547071980189437, 0.6267989873886108, 0.2925803665485647, 0.533496730029583, 0.25140816014027223, 2.694044767794284, 0.2706555228494431, 0.5495212303940207, 0.7498417335251968, 0.4958892365296682, 0.31183279712091794, 0.6708089506460561, 0.28063615038990974, 0.29510446245584526, 1.6394716203212738, 0.5590785223652016, 0.3474044241011143, 0.3258312863430807, 1.1284106845657031, 0.40906263142824173, 0.2671518002947172, 0.5074511956837442, 0.3240936092204518, 0.2569466130807996, 0.25950786962427874, 0.6213823985308409, 0.40900371223688126, 0.3805021923035383, 0.3555494574829936, 0.27195380276276004, 0.17748471722006798, 0.5613831828037897, 0.25415852602039063, 0.30660029580550535, 0.31730161625455366, 1.0871373096650299, 0.3077746741473675, 0.328888070769608, 0.3345784427729821, 0.23770842514932156, 0.24248549155890942, 0.5244120098650455, 0.38289299561315543, 0.29001666232943535, 0.2719874587309148, 0.2731349077519207, 0.1896905360211219, 0.8228743895888329, 0.4715535081923008, 0.2866920530796051, 0.42821700870990753, 0.3031645552194738, 0.37966644009575246, 2.3710023800709417, 0.24647254794836043, 0.6007699228710297, 0.49560724198818207, 0.23896927812269755, 0.8607307635247707, 0.41497316025197506, 0.24626165255904198, 0.3363820115725199, 0.2536339722573757, 0.3724850561808456, 0.3067745723658138, 0.4916853550821543, 0.25694082801540696, 0.2243138588964939, 0.160488405978928, 0.300387408052172, 0.5067486493951745, 0.268386876831452, 0.3127157915286817, 0.36040330132735626, 0.2182853321544826, 0.15645030648447572, 0.3146609581474747, 0.233335604891181, 0.7238694683959086, 0.43784666558106744, 0.3208399606602532, 0.39527818575651963, 0.23857136766115825, 0.09284234371346732, 1.141908273100853, 0.25055568243842574, 1.4442372338639364, 0.42431943750742707, 0.6897025015205145, 0.5079837097889848, 0.4304013649622599, 0.332374065493544, 0.347910590324696, 0.27789709735661744, 0.47981718682373564, 0.3881554476295908, 1.360390440871318, 0.8474196493625641, 0.8306404450642211, 0.9132737098261714, 0.8578234314918518, 0.42775496129285207, 0.5362551212310791, 0.24323090290029845, 0.42358220199292357, 0.3933708510051171, 0.4938151260668581, 0.8238133043050766, 0.5020114735446193, 0.30581306970932265, 0.5413453829559413, 0.6445637308061123, 0.37642242147454197, 0.45999582010236656, 0.5088471981386343, 0.5344221556766166, 0.6173415763510598, 0.36442125322563307, 0.210074461464371, 0.5051770586181771, 0.1967339872249535, 0.22117268921186528]
2025-11-10 06:35:51 - feda2 - INFO - loss data:
2025-11-10 06:35:51 - feda2 - INFO - [0.5226068462837826, 0.9130173921585083, 0.5232141833244399, 0.5631696751548184, 0.46685983347041266, 0.5366881415247917, 0.5093936356050628, 1.3402128687128425, 1.1974115520715714, 0.4470842555165291, 0.26702869989967437, 0.8759524873457849, 0.9410362179306421, 0.7182439898273775, 0.4569193758070469, 0.23066101428121327, 0.9465131387114525, 0.2831713660723633, 0.3194585189755474, 0.2855414044315694, 0.2554437021312134, 0.4667828358273255, 0.5089307569003723, 0.5260536360243957, 0.4707444419877397, 0.7239099089056253, 0.4245110501093094, 0.38280971400966546, 0.28310702876611193, 0.6173939593136311, 0.690859979018569, 0.3663756176829338, 0.25546460955714184, 0.18931923661148176, 0.7333519400821792, 0.7785371666153271, 0.3222482103543977, 0.6063202247023582, 0.6038150675594807, 0.6121024961272876, 0.4173245725354978, 0.48360712284391577, 0.19713159346332154, 0.4516247332923942, 0.37478294720252353, 0.34512983679416637, 0.5131424131492773, 0.35974529199302197, 0.3378376911083857, 0.2969379818273915, 0.32173495130105456, 0.44904946722090244, 0.23618915771274057, 1.518377977516502, 0.3152939551121866, 0.3665211368540321, 0.4019328306118647, 0.46018146723508835, 0.4274224564433098, 0.556959867477417, 0.3078355674469282, 0.625382773578167, 0.24739414639770985, 0.09464892417896148, 0.5810935145450963, 0.6709492792460051, 1.001598633825779, 0.32321781310297193, 1.7229694724082947, 0.4715310148894787, 0.515908487373963, 0.7233309637580533, 0.4231965138830922, 1.2283499240875244, 0.36172058692935743, 0.44194612234379305, 0.6692986438671747, 0.4749754021565119, 0.19547071980189437, 0.6267989873886108, 0.2925803665485647, 0.533496730029583, 0.25140816014027223, 2.694044767794284, 0.2706555228494431, 0.5495212303940207, 0.7498417335251968, 0.4958892365296682, 0.31183279712091794, 0.6708089506460561, 0.28063615038990974, 0.29510446245584526, 1.6394716203212738, 0.5590785223652016, 0.3474044241011143, 0.3258312863430807, 1.1284106845657031, 0.40906263142824173, 0.2671518002947172, 0.5074511956837442, 0.3240936092204518, 0.2569466130807996, 0.25950786962427874, 0.6213823985308409, 0.40900371223688126, 0.3805021923035383, 0.3555494574829936, 0.27195380276276004, 0.17748471722006798, 0.5613831828037897, 0.25415852602039063, 0.30660029580550535, 0.31730161625455366, 1.0871373096650299, 0.3077746741473675, 0.328888070769608, 0.3345784427729821, 0.23770842514932156, 0.24248549155890942, 0.5244120098650455, 0.38289299561315543, 0.29001666232943535, 0.2719874587309148, 0.2731349077519207, 0.1896905360211219, 0.8228743895888329, 0.4715535081923008, 0.2866920530796051, 0.42821700870990753, 0.3031645552194738, 0.37966644009575246, 2.3710023800709417, 0.24647254794836043, 0.6007699228710297, 0.49560724198818207, 0.23896927812269755, 0.8607307635247707, 0.41497316025197506, 0.24626165255904198, 0.3363820115725199, 0.2536339722573757, 0.3724850561808456, 0.3067745723658138, 0.4916853550821543, 0.25694082801540696, 0.2243138588964939, 0.160488405978928, 0.300387408052172, 0.5067486493951745, 0.268386876831452, 0.3127157915286817, 0.36040330132735626, 0.2182853321544826, 0.15645030648447572, 0.3146609581474747, 0.233335604891181, 0.7238694683959086, 0.43784666558106744, 0.3208399606602532, 0.39527818575651963, 0.23857136766115825, 0.09284234371346732, 1.141908273100853, 0.25055568243842574, 1.4442372338639364, 0.42431943750742707, 0.6897025015205145, 0.5079837097889848, 0.4304013649622599, 0.332374065493544, 0.347910590324696, 0.27789709735661744, 0.47981718682373564, 0.3881554476295908, 1.360390440871318, 0.8474196493625641, 0.8306404450642211, 0.9132737098261714, 0.8578234314918518, 0.42775496129285207, 0.5362551212310791, 0.24323090290029845, 0.42358220199292357, 0.3933708510051171, 0.4938151260668581, 0.8238133043050766, 0.5020114735446193, 0.30581306970932265, 0.5413453829559413, 0.6445637308061123, 0.37642242147454197, 0.45999582010236656, 0.5088471981386343, 0.5344221556766166, 0.6173415763510598, 0.36442125322563307, 0.210074461464371, 0.5051770586181771, 0.1967339872249535, 0.22117268921186528]
2025-11-10 21:10:21 - feda2 - INFO - loss data:
2025-11-10 21:10:21 - feda2 - INFO - [0.5234082132916559, 0.9642047435045242, 0.5514617296443745, 0.5706008689271079, 0.497137574745076, 0.5615856001774471, 0.5511124676891735, 1.5685965610047181, 1.257457421057754, 0.5116312305132549, 0.31163971817004493, 0.9922814106103033, 1.1817056790671565, 0.9146860124809402, 0.4853130802512169, 0.25830614858617384, 1.072627030313015, 0.2927730558440089, 0.32121219698871883, 0.3503438993357122, 0.2546058155211292, 0.474584086204575, 0.7151586401363602, 0.40612441384130055, 0.507519731298089, 0.8125544898211956, 0.43878627470647447, 0.3820723135664006, 0.31154866279526194, 0.7583391500467604, 0.705177940428257, 0.3972311280667782, 0.2537481697897116, 0.09143057624654223, 0.7217969954169045, 0.7388842379053433, 0.3610483031409482, 0.9822921734303236, 0.8358535617589951, 0.3971508592367172, 0.3118974636974079, 0.39594383097507735, 0.24390925209348402, 0.4790307606259982, 0.3657161022226016, 0.3658258882425134, 0.43679691168169177, 0.49059387668967247, 0.35007384933886077, 0.3148253742191527, 0.29715304110537877, 0.4371038314162029, 0.25534869882701766, 1.5452807867278655, 0.31883195102111334, 0.35801685834773866, 0.4441453590989113, 0.3838356745739778, 0.5141899064183235, 0.5603706762194633, 0.3270068890636876, 0.6107001155614853, 0.3131268793450934, 0.10908781771992965, 0.5364934379855792, 0.6130485233258117, 0.9259067252278328, 0.3625604567960614, 1.4611709117889404, 0.44851657561957836, 0.3684481173598518, 0.7036266388298827, 0.3943562846292149, 1.0835836678743362, 0.34636278732708004, 0.4136565670258168, 0.6309966209034125, 0.4137783269915316, 0.20568422404625875, 0.7596236728131771, 0.3047470110985968, 0.5662289969623089, 0.3555681873200228, 2.0790279527956788, 0.2752045186498435, 0.4099632203578949, 0.9622905453046162, 0.4309754384060701, 0.3165081162005663, 0.9920884917179743, 0.34864701330661774, 0.25187482487861856, 1.4550376236438751, 0.6783816871995276, 0.36227115988731384, 0.38494320107357843, 0.8998478849728901, 0.5072222873568535, 0.4098335889478525, 0.46977677527401185, 0.3063632941080464, 0.2830538982525468, 0.32842602428387513, 0.7601360332752978, 0.363515418022871, 0.22448478639125824, 0.4709286242723465, 0.34287454146477914, 0.18377803079783916, 0.45738228472570575, 0.23391035448405004, 0.25983035231807405, 0.3932522084302036, 0.9981539469550956, 0.26170269399881363, 0.3193272758009178, 0.32638228791906976, 0.32652493938803673, 0.26214475464075804, 0.5496213659644127, 0.45468320537890705, 0.26794336549937725, 0.3267408077161582, 0.28152721798017855, 0.202537119432929, 0.9399095252156258, 0.38168690726161003, 0.33364856615662575, 0.5239056721329689, 0.2748345758693366, 0.4299591550021432, 1.8301850916551692, 0.23830173131492402, 0.5950241303541745, 0.6163231655955315, 0.2935537983264242, 0.9519858155399561, 0.44143232703208923, 0.254403680562973, 0.34972467997835743, 0.3042016103863716, 0.3014193019745025, 0.22852047346532345, 0.6518148873001337, 0.30182769687639344, 0.31432259708110777, 0.22986237901883821, 0.2829291192548615, 0.5914500314328406, 0.27706193510029054, 0.32242663758625456, 0.5530725728188242, 0.37024705807367964, 0.16449756500078366, 0.33622744573014124, 0.20607030391693115, 0.7029028779102696, 0.5430356272392802, 0.4445147823010172, 0.4201782233260497, 0.24184182533728227, 0.09910797307578226, 1.1757942909995716, 0.2447865541675128, 1.5793836812178292, 0.4662989109303012, 0.8592252873561599, 0.5402217068605952, 0.3690598371128241, 0.3574549307425817, 0.31350856421926576, 0.1820840073749423, 0.5861302725039422, 0.4250633025852342, 1.0142846306165059, 0.9283641390502453, 1.0589911798015237, 0.6375523081847599, 0.8057572618126869, 0.4024170215495608, 0.6641083918511868, 0.2823503725230694, 0.4159621728414839, 0.4465470989545186, 0.5069319321350618, 0.8022583276033401, 0.5306752991269935, 0.28015243901278486, 0.5672716576267373, 0.7288423118491968, 0.3651483910424369, 0.4556330862370404, 0.4714667565292782, 0.6342144229759773, 0.6625801192389594, 0.25462489681584494, 0.21833917179277965, 0.5370988392017104, 0.3461675542805876, 0.19514710176736116]
2025-11-11 15:11:28 - feda2 - INFO - loss data:
2025-11-11 15:11:28 - feda2 - INFO - [0.5136758966202086, 1.0106847286224365, 0.5446473497220061, 0.5702428530073829, 0.509296929197652, 0.5552283575137456, 0.5061349070497921, 1.4093018442392349, 1.286992145081361, 0.5138280962904294, 0.30843464975769164, 1.063332237303257, 0.7666434078392658, 0.6513598715620381, 0.4748123809695244, 0.3122817308952411, 1.115367442369461, 0.31110874977376723, 0.4022684155830315, 0.4533720764098689, 0.2583116006537404, 0.492944815948916, 0.5166137697044177, 0.46428388853867847, 0.5240241481612127, 0.740171805024147, 0.4628352177225881, 0.41203835188890947, 0.30497150224718184, 0.6227729577909816, 0.49307527486234903, 0.3696099817752838, 0.34173213480971754, 0.2565349314827472, 1.0684508002466626, 0.8424927790959675, 0.3582859372099241, 0.9354139417409897, 0.7268232703208923, 0.5581665957967441, 0.36175934810723576, 0.5164409339089285, 0.27412540912628175, 0.5212470533119308, 0.3421901737650236, 0.38308205355017905, 0.4686117998013894, 0.3270787540823221, 0.36574924604168957, 0.33320929399795, 0.31845237484032457, 0.5268976642853684, 0.2538326856439299, 1.3925566588838896, 0.30483088073217207, 0.370672126460557, 0.5273769448200861, 0.365232207501928, 0.39752577245235443, 0.6009245365858078, 0.3349251924230466, 0.6752795465290546, 0.30801484640687704, 0.11459596273416536, 0.5859456252720621, 0.6211827868087725, 0.8361722938716412, 0.32176347307506065, 1.45858895778656, 0.45740925148129463, 0.570217663111786, 0.5601896042120643, 0.4608163247731599, 1.4631778001785278, 0.33409418837364874, 0.47891141192028014, 0.6871562910576662, 0.4636669854323069, 0.21193118879448525, 1.0746560096740723, 0.4196598736776246, 0.427119679749012, 0.35669654389639616, 2.414735130288384, 0.30775274222962457, 0.42786279134452343, 0.76853215880692, 0.5839741006493568, 0.45406845601444895, 0.6206219502621226, 0.3349548541009426, 0.28171518226295256, 1.7964676320552826, 0.5668791515583342, 0.2544872686266899, 0.33875478325145586, 0.8721732596556345, 0.4659764803946018, 0.40144167840480804, 0.41327639834748375, 0.30711697704262203, 0.3745864639058709, 0.29826844940808683, 0.6718235593289137, 0.5727639310061932, 0.4103487432003021, 0.3669423796236515, 0.3059531423366732, 0.2738816440105438, 0.4190517583241065, 0.28053384644112417, 0.24770070080246245, 0.40793261276703563, 0.9880793074315245, 0.32344841957092285, 0.3346304429162826, 0.3421428109133484, 0.23965331353247166, 0.23167353495955467, 0.5316400062292814, 0.4295366076002647, 0.2685084901750088, 0.3001984122386646, 0.2798515271454577, 0.2070416584610939, 0.7872880958020687, 0.417238250374794, 0.3904067128896713, 0.5271937884390354, 0.3157742411236871, 0.37085200347210046, 1.802733976393938, 0.2575915564989878, 0.6205332519279586, 0.6054592405756314, 0.3094723916479519, 0.754211014136672, 0.360343299806118, 0.3461700677871704, 0.35215193778276443, 0.3112370893359184, 0.33711864257400687, 0.39195905501643813, 0.6167826019227505, 0.3022366335822476, 0.2588194300021444, 0.21633609430864453, 0.3341868514461177, 0.5435386629154285, 0.29795053104559577, 0.3342066475903833, 0.41827334889343804, 0.2567783170690139, 0.1971802622661926, 0.3426987896008151, 0.3193884789943695, 0.5771948169502947, 0.5729623660445213, 0.3924109855932849, 0.40417078976528814, 0.2517878889194911, 0.11158888560409347, 1.169196791946888, 0.2031465337960981, 1.6324772751993604, 0.4206635779277845, 0.8976569665087895, 0.4592989637619919, 0.4339405385156473, 0.4322894737124443, 0.3437786262917828, 0.4302603998221457, 0.6810123594477773, 0.46314805389071506, 1.152786253227128, 0.7683951170848948, 0.8596438699002777, 0.7033116303916489, 0.838678628206253, 0.5660681643269279, 0.61454688757658, 0.3140985415213638, 0.4508530849760229, 0.4166447921345631, 0.4670068477703766, 0.7269372493028641, 0.5055013126270338, 0.3097327547994527, 0.6115549907765605, 0.688697782655557, 0.3062835482082197, 0.492669133300131, 0.4345611015127765, 0.5186210556162728, 0.6980326262613137, 0.5434879499620625, 0.20681027003696986, 0.5371222719550133, 0.23411586641200952, 0.20298775254438323]
2025-11-13 21:44:45 - feda2 - INFO - loss data:
2025-11-13 21:44:45 - feda2 - INFO - [0.5075580911202864, 1.1367804110050201, 0.5859810552475126, 0.5738127121908797, 0.5390294103750161, 0.5723426093657811, 0.6004466590072428, 1.348599745395283, 1.2282099939054913, 0.5321522504091263, 0.3605398683226667, 0.9087103754281998, 1.3276464627547697, 0.9652970124568259, 0.563249696046114, 0.27333557500193517, 1.3301543891429901, 0.30952079459610915, 0.4012325310281345, 0.5607572145294398, 0.2980294398108857, 0.5632698161048919, 1.0122176762815798, 0.5050570360488362, 0.5648585059162643, 0.6518354192376137, 0.5028960872253384, 0.44563002041494004, 0.3123146783221852, 0.8255265124819495, 0.7334219901822507, 0.4095819815993309, 0.36275833658874035, 0.1356823043897748, 0.7140056917236911, 0.700017549097538, 0.3604704404249788, 1.056010089814663, 1.1335187666118145, 0.39222389832139015, 0.40215541568717783, 0.61038926853375, 0.2650562008221944, 0.5543836032350857, 0.41566215952237445, 0.3967756129919537, 0.4545538667589426, 0.4289161153137684, 0.3901175145237219, 0.347041924794515, 0.31586153127930383, 0.4870722745027807, 0.2842369954593273, 1.3986824959206083, 0.3572899788980269, 0.3939832499758764, 0.6053648789723713, 0.4598126752922932, 0.39738549292087555, 0.5941382497549057, 0.3480590523944961, 0.6605847664177418, 0.33121007308363914, 0.11758853881287255, 0.6788942606912719, 0.6248339868404649, 0.9351397845894098, 0.3605553877672979, 1.5712130665779114, 0.5290663087119659, 0.6521676415577531, 0.5241142158571165, 0.5065937526524067, 0.9754054993391037, 0.37323341823436995, 0.4475635908769839, 0.6370190878709157, 0.4572649449110031, 0.2260340567911044, 0.6984237134456635, 0.327965055902799, 0.4960818476974964, 0.3179418918385636, 2.0134224908595737, 0.3036925436717057, 0.7115528509020805, 0.9019196629524231, 0.43735029796759284, 0.44516818360848864, 0.7103746512697803, 0.39297857508063316, 0.27547734599899165, 1.6604912877082825, 0.6938602734695781, 0.3089690851047635, 0.42371054525886265, 0.9201418509085972, 0.582437738776207, 0.42664486169815063, 0.43289095163345337, 0.3312259672416581, 0.3624725304543972, 0.34801447857171297, 0.7913804293743202, 0.46755845844745636, 0.429325956851244, 0.4475215245038271, 0.36256009174717796, 0.3119296580553055, 0.45416371027628577, 0.29016126443942386, 0.2805963552423886, 0.37242515457328407, 0.9636277840896086, 0.3814609497785568, 0.362514393138034, 0.36583167284426066, 0.35105806216597557, 0.30150261893868446, 0.5334899201989174, 0.47736756844663775, 0.3095428477972746, 0.32815220718759863, 0.30624142537514365, 0.2291125718149401, 0.8786860257387161, 0.43082499504089355, 0.39746861159801483, 0.5791048184037209, 0.33421321713982466, 0.40534994657500645, 1.6954034244907754, 0.2711087517026398, 0.7817303708782701, 0.5256083036462466, 0.2990262082644871, 0.8859713114798069, 0.5192800462245941, 0.34762660413980484, 0.46232523231042755, 0.3535836786031723, 0.3673776733604344, 0.35017672098345226, 0.5725447963923216, 0.32686491765909725, 0.2901665233075619, 0.21468023837854466, 0.37931728469473974, 0.6351193905704551, 0.3072936526603169, 0.3761203684783601, 0.36829627544752186, 0.32442490591978035, 0.20090394211001694, 0.3535663496170725, 0.3190724402666092, 0.7488408921312334, 0.7815389947758781, 0.2637917096061366, 0.5052937067142038, 0.280203568367731, 0.13411449091508984, 1.2238944917917252, 0.5143898522132077, 1.644980544845263, 0.499534554666642, 1.2087312530387533, 0.3969758343365457, 0.4150514403978983, 0.467605913678805, 0.35140817890596854, 0.3942887160927057, 0.5836712104268372, 0.4207345725347598, 1.1677137869927618, 0.8288473151624203, 0.8963796222316367, 0.8119830419974667, 0.9533548951148987, 0.5283199582587589, 0.6573384515941143, 0.3091214204000102, 0.5065440484745936, 0.47662237038215005, 0.5378281044011766, 0.9359870702028275, 0.5598818087442354, 0.2673436106944626, 0.6369405104355379, 0.7621307919422786, 0.4127494543790817, 0.5270342545753175, 0.5539909646742873, 0.5669098272919655, 0.7462873491975996, 0.5127583305750574, 0.28851381263562614, 0.582677419890057, 0.2501319391386849, 0.2568418797726433]
2025-11-14 11:42:07 - feda2 - INFO - loss data:
2025-11-14 11:42:07 - feda2 - INFO - [0.528281907466325, 1.0637201070785522, 0.5630400033498353, 0.5721697796963983, 0.5605952611991337, 0.5582328389088314, 0.5677686594426632, 1.5022768830880522, 1.5436338293883536, 0.532074049115181, 0.3511566426168429, 0.9935936853289604, 1.2303035340525887, 0.9687737955578736, 0.46310120820999146, 0.24367306133111316, 1.1710462048649788, 0.3011221841184629, 0.37960372333015713, 0.4851410208211746, 0.2848200810988518, 0.5474214755280021, 0.8516436259698821, 0.4883252340886328, 0.5875281766057014, 0.6640626527369022, 0.47176807496057016, 0.44418423043357, 0.3423751375891946, 0.9090932556851343, 0.7191647738218307, 0.45865819603204727, 0.3219931206355492, 0.18283875084792575, 0.8504779818985198, 0.7199902658661206, 0.3827615444237987, 0.9645417034626007, 1.0390751734375954, 0.4249132629483938, 0.40357664600014687, 0.5795883661644026, 0.3558797374057273, 0.5829914344681634, 0.40596403802434605, 0.3751509825861643, 0.46588348876684904, 0.43400080874562263, 0.3638605720230511, 0.34874132772286737, 0.32522080229087313, 0.3530264933490091, 0.2800209009010966, 1.6863105814593533, 0.36367354235456634, 0.41094992339912084, 0.5467144499222437, 0.579300676782926, 0.4526468962430954, 0.6425572335720062, 0.3359885543348297, 0.8146490976214409, 0.2997171019337007, 0.10695149610068516, 0.6556509584188461, 0.713258486579765, 0.8548483913764358, 0.34648855296628817, 1.3633036613464355, 0.4937699884176254, 0.638320500186334, 0.4622968963027233, 0.491378897970373, 1.0646358579397202, 0.4254372560165145, 0.478322748941454, 0.7607182910044987, 0.4251275422672431, 0.22738009309277085, 0.8215831369161606, 0.3800816569063399, 0.5825991481542587, 0.5462818217929453, 1.9448908174579793, 0.2988554411732669, 0.578626916045323, 0.9344095252454281, 0.4409065445264181, 0.4627955525436185, 0.6139548387792375, 0.4214898869395256, 0.31879933290183543, 1.4258742034435272, 0.6554611812938343, 0.48254433646798134, 0.34261316114238327, 0.8363733800748985, 0.4203627184033394, 0.4157659250001112, 0.4027266808682018, 0.34791091746754116, 0.5193680860102177, 0.357344686138359, 0.6138364260217973, 0.601643405854702, 0.4910328648984432, 0.36747370660305023, 0.3480692957010534, 0.3453354761004448, 0.47041492288311326, 0.2933113285473415, 0.3074429431664092, 0.37030929963220843, 1.0596381344578483, 0.5189162418246269, 0.40039659078632084, 0.3738744276942629, 0.3315889649093151, 0.29189584869891405, 0.5814305022358894, 0.4652845386367339, 0.3196623232215643, 0.33704116270833073, 0.2784796544010677, 0.2497491529211402, 0.8282965943217278, 0.4318324103951454, 0.4769732803106308, 0.47207048162817955, 0.35702413758383944, 0.40513577334349976, 1.6670018258903707, 0.26504395372337763, 0.7379478500647978, 0.5708950956662495, 0.39080672711133957, 0.8774631358683109, 0.520625825971365, 0.47935329377651215, 0.46291714906692505, 0.320701876655221, 0.3625321239233017, 0.5104759658376375, 0.5709447488188744, 0.3055489088098208, 0.3218723575451544, 0.22277774242684245, 0.32754035320665154, 0.6284418499304188, 0.33326061856415534, 0.3859863318261001, 0.4175089404785207, 0.281842349593838, 0.20402350032236427, 0.34628226341945784, 0.20303980633616447, 0.9554159790277481, 0.6972201979822583, 0.23197364647473606, 0.48888469570212895, 0.29461304915270636, 0.14173367352535327, 1.1237628360589345, 0.33187465495429935, 1.556884793771638, 0.550131362608888, 0.8800488378513943, 0.3738337664140595, 0.44927403082450235, 0.3702645214895407, 0.38457289163942465, 0.4758172028698027, 0.3718994090333581, 0.4440704456840952, 0.9385421176751455, 0.9298293140849897, 0.9896822795271873, 0.750852603997503, 0.9965509176254272, 0.6094855131073431, 0.5859703421592712, 0.227911912318733, 0.5026893984865058, 0.45052535720169545, 0.5393725325438109, 0.8904161155223846, 0.5358656075867739, 0.3508615249937231, 0.47129821066151967, 0.7144619810084503, 0.6624350662210158, 0.533643708310344, 0.48156024557020927, 0.6065491785605749, 0.708404601448112, 0.5203746924442905, 0.2464728004166058, 0.5598172877322544, 0.2377507755798953, 0.27995557002723215]
2025-11-14 20:55:58 - feda2 - INFO - loss data:
2025-11-14 20:55:58 - feda2 - INFO - [0.5258469540964473, 1.0245516151189804, 0.5780360473489219, 0.5671844403776858, 0.539592697684254, 0.5740071684122086, 0.61043905839324, 1.4962370663881301, 1.5361247782905896, 0.541447249551614, 0.36180044026696123, 0.9944841414690018, 1.3009460934183814, 0.9635021361921514, 0.6613035649061203, 0.25231321311245364, 1.2301228195428848, 0.31216477654460406, 0.378207517521722, 0.5635807305690832, 0.2928933039506029, 0.5480306469880614, 0.9226239779556635, 0.45645707183414036, 0.534691920503974, 0.8001069724559784, 0.46715754996797054, 0.4489312840230537, 0.2852937098253857, 0.9514267105947841, 0.6258397754281759, 0.45394115522503853, 0.275178217018644, 0.10577509443586071, 0.5634483112953603, 0.8868840336799622, 0.3510358372392754, 0.9442751966416836, 1.0488694161176682, 0.3603317799667517, 0.3920795930815595, 0.585423873568123, 0.26580145756403606, 0.51256583755215, 0.40809350709120434, 0.40082161045736736, 0.48476402709881466, 0.44245145842432976, 0.39121263536314166, 0.33806028382645714, 0.3136660409244624, 0.47738968270520366, 0.2823130056055056, 1.592012943016986, 0.34271389324890655, 0.38730533865064076, 0.47040670861800515, 0.44549456238746643, 0.5094281807541847, 0.6077799052000046, 0.3516055231411306, 0.8740911856293678, 0.3621756519590105, 0.12291374840590705, 0.6283942353394296, 0.6130093173547224, 0.8859817236661911, 0.36389765161133947, 1.5199120044708252, 0.5851817658791939, 0.49036811633656424, 0.45502146568906027, 0.44006598402153363, 1.0089447349309921, 0.38927949298963405, 0.4725105286660519, 0.8090197201818228, 0.442511197593477, 0.21940734298153652, 0.6440991275012493, 0.35243209823966026, 0.72873155772686, 0.46829351696069355, 1.9960167804224924, 0.300031272379177, 0.5161891393363476, 0.9603051083783309, 0.5117108051975567, 0.4511407525701956, 0.7140650567081239, 0.4096473269164562, 0.30050226564829546, 1.5265648514032364, 0.7465223710645329, 0.544282253831625, 0.5374878283057895, 0.8806525009373823, 0.5286574512720108, 0.5652827955782413, 0.48796626263194615, 0.37299273825354046, 0.3541436977684498, 0.3746329120952975, 0.7758463046380452, 0.40764694660902023, 0.39612169191241264, 0.48733448423445225, 0.4425874162051413, 0.26805973052978516, 0.5796001640458902, 0.2733182708222774, 0.22852683679333755, 0.338915000212728, 1.101961225271225, 0.5276054888963699, 0.42469386703201706, 0.383643807542294, 0.38364050537347794, 0.2642176039516926, 0.643461599946022, 0.5108414686393815, 0.3246248494833708, 0.35540356187682065, 0.31698179425346473, 0.19766934411156745, 1.008624393492937, 0.5333425402641296, 0.4290797635912895, 0.6641112267971039, 0.31219342546900375, 0.46147094705083874, 1.7267716542950697, 0.27084757975406115, 0.7539482809076405, 0.5278050464888414, 0.29828240083796637, 0.9824105426669121, 0.6162891238927841, 0.34989743679761887, 0.4774464786880546, 0.3459952585399151, 0.36235056072473526, 0.3323541900349988, 0.7126872520893812, 0.3112823325726721, 0.3299069463142327, 0.2271068125963211, 0.3114182267870222, 0.6867633925543891, 0.299379108266698, 0.36470165851151015, 0.5347182266414165, 0.34817260584483545, 0.1564852779614739, 0.3253417863909687, 0.19186034984886646, 0.6581925560409825, 0.6851832502418094, 0.284412664228252, 0.5043604172615692, 0.2570472067044604, 0.10686125308275224, 1.246153250336647, 0.48446902630385014, 1.732110275162591, 0.5351893155638016, 0.9292586774311282, 0.5683571837014623, 0.42334986229737603, 0.4212617638210455, 0.32690730848192395, 0.23888796484097838, 0.5993968816784521, 0.42387223740418756, 1.018517579883337, 0.9966265149414539, 1.0756622185664517, 0.7371663863637617, 0.971529632806778, 0.5670765990560704, 0.6841786578297615, 0.2803364648587174, 0.48823040148073976, 0.5068406070272128, 0.5843588757244024, 1.0038106888532639, 0.6041227328506383, 0.2861213084648956, 0.5834476013075222, 0.768257883687814, 0.32167169724458033, 0.47673536295240576, 0.6025989204645157, 0.6899933906065093, 0.7483618309100468, 0.3003170367862497, 0.27107538229652817, 0.5926168801432306, 0.2960388703005654, 0.2471300697575013]
2025-11-22 23:55:04 - feda2 - INFO - loss data:
2025-11-22 23:55:04 - feda2 - INFO - [0.5135431693955547, 0.6688174737824334, 0.5031199604272842, 0.4529576407124599, 0.6675199414603412, 1.219643528827212, 0.39584629827489454, 0.4327993896789849, 0.44131357109262825, 0.6912357724717973, 1.4133608727017417, 0.1683214963413775, 0.20401844079606235, 0.9847510808166893, 1.7262459569783122, 0.43311094106347475, 0.4809266285970807, 0.6732750929426402, 0.5129663007333874, 0.3464882346180578, 2.1122445702552795, 0.9138870518654585, 0.46642100950703025, 0.565044904974374, 0.3527684427797794, 0.401124906421385, 0.6397301546401448, 0.2933239286455015, 0.5321208217314312, 0.4102528516272152, 0.500168705979983, 0.5651132768640915, 0.7522976481976609, 0.6896984450519085, 0.7996395614463836, 0.18262317897557903, 0.6632173772901296, 0.613073804974556, 0.35559820101427086, 0.7172977365553379, 0.259266613672177, 0.11251922467684683, 1.0498827458669742, 0.41891751522641807, 0.2980969880397121, 0.24073256518070896, 0.36712085821286394, 0.391789079986682, 0.34488312461137494, 0.24448004854964978, 0.3003934432220246, 0.4367209439160963, 0.46759040585973044, 0.45833494452138746, 0.32671755614380044, 0.46258941055134395, 0.2873048661493769, 0.2718846008442057, 0.3460933437795731, 0.24462819394345087, 0.168590843132309, 1.5107271149754524, 0.31448886853953206, 0.3135938668534869, 0.7685408571904355, 0.3821043824156125, 0.3371415411057914, 0.3699659114975172, 0.8071101729504087, 0.24902287725514421, 0.6806129258746902, 0.8348523482680321, 0.3323665966300971, 0.31462355982512236, 0.3867104396393353, 0.3900360733270645, 0.18047063874546437, 0.3878285261654211, 0.3928820077950756, 0.39681520840281215, 0.3171900658912602, 0.161031268293509, 0.3398211558815092, 0.9776646290135024, 0.938881330890581, 0.24721206110414295, 0.1924119909138729, 0.5441282974400868, 1.1477917484007776, 0.5766241991582016, 0.4639809229307705, 0.24755645709644472, 0.2508966026517252, 0.1398809879065502, 0.21048757161720302, 0.7066213757251248, 0.42098120898008345, 0.22354413572077952, 0.2788625472923741, 1.2406966969370843, 0.6078800136844318, 0.3767187586497693, 0.3391493318912884, 0.5913681164383888, 0.613147269313534, 0.484827328896658, 0.33206042686782816, 0.38408539816737175, 0.41190342313299577, 1.0717268139123917, 0.3740106538760585, 0.10430210877093486, 1.1702836216194554, 0.3692609809508378, 0.47001670201619467, 0.6312502059154212, 0.3552724802697247, 0.7395799688317559, 0.3769338165820648, 0.3899071842121581, 0.46790045890957116, 0.40970113988788354, 0.4030320763506422, 0.5217509422112595, 0.3223707008485993, 0.1398997276284111, 1.0844646394252777, 0.5913564940648419, 0.5059506976130334, 0.5807470038533211, 0.5840840513507525, 0.6781349126249552, 0.45176854640955016, 0.7773222476243973, 0.47896084624032176, 0.3503257313751297, 0.3100424503131459, 2.1119168301423388, 1.4354195932547251, 0.28161732398180495, 0.4380102129653096, 0.41322151648777505, 0.31849796750272313, 0.3560777476307488, 0.29986744482155847, 0.4017031122859205, 0.6674631301313638, 0.5260255210101604, 0.5326952163484835, 0.452152220159769, 0.19391822815606638, 0.6339671586950619, 0.26723060927664244, 0.32750243476281565, 0.4617810398340225, 0.46846005506813526, 0.6648177763616496, 0.2299989466223566, 0.6650777906179428, 0.5829961035739292, 0.4821356480771845, 0.5924838124040627, 0.5663299405326446, 0.7008280654748281, 0.20635743224993347, 1.062631973375877, 0.2616671896317885, 0.6037939448530476, 0.7609448390702407, 0.24160879387830692, 0.2537831721916085, 0.7741321089367071, 0.6462991386651993, 0.5072611132636666, 0.8238747388576015, 0.5006500356254123, 0.7792190006830626, 0.4629680544137955, 0.39915868806052, 0.6079163334021966, 0.43990856111049653, 0.3167208836724361, 0.4715318391099572, 0.19813658408820628, 0.9854144394397735, 0.6723017698025395, 0.7744155424026151, 0.6184220899551831, 0.6155991657016179, 0.38225048255514016, 1.0153991729021072, 0.5838128495961428, 0.6613650899380445, 0.6159501646955807, 0.9765119604766369, 0.654179374602708, 0.5998412324421372, 0.5036909654736519, 0.7184153108885794, 0.7997093352454681]
2025-11-23 05:21:25 - feda2 - INFO - loss data:
2025-11-23 05:21:25 - feda2 - INFO - [0.41253501265808673, 0.7240572900582964, 0.44721996554961574, 0.314303160687525, 0.33326550759222917, 0.2411858578337144, 0.31410403726040387, 0.2295459685071061, 0.5092868887996744, 0.5024164908901159, 0.5378696571447348, 0.41185303013623553, 0.4443895151265539, 0.34682554569666363, 0.34858950350741696, 0.1250317892525345, 0.5156350308342984, 0.20201202649041078, 0.5432331352716401, 0.38740663133053616, 0.28924458676398646, 0.08044668078655377, 0.5639151115589842, 0.29306126538653016, 0.49893507220050587, 0.5091200004872325, 0.3700145408511162, 0.030545710624400747, 0.4789591215180056, 0.3030548798279804, 0.2738324875244871, 0.5400133776877607, 0.30459809911094216, 0.3663891149529566, 0.48067830883276963, 0.2909928407946912, 0.7772111619512241, 0.29052107525466564, 0.3326377116430264, 0.4785056319087744, 0.3145711880739933, 0.49981102750947076, 0.2523997652964266, 0.4238750313957914, 0.20765489961818925, 0.11967328480677679, 0.595257010151583, 0.43175086640708504, 0.2414840389198313, 0.3283872065367177, 0.08369586520400064, 0.021727430144286092, 0.8106594575302941, 0.48024735767095483, 0.33202299170364113, 0.16549505832126235, 0.6121673872281472, 0.5076425727456808, 0.497709592183431, 0.43320262571796775, 0.2736760729641997, 0.3019518279745771, 0.2021148796110148, 0.8590976552077336, 0.4336521574517801, 0.1608054249236981, 0.17106646443384566, 0.16522775935053982, 0.5982799049028579, 0.45815647593034164, 0.269140238304519, 0.14091119319717918, 0.3608677387237549, 0.28166150657343675, 0.29905797949149493, 0.2105052866662542, 0.02720959503848072, 0.5478579648139809, 0.3912595912562053, 0.36512831202708185, 0.24172966562948384, 0.1274312217209843, 0.17369686994048902, 0.1970955184660852, 0.323794862953946, 0.5127660858473091, 0.23770113929640502, 0.7236721003428102, 0.3623086966884633, 0.4511098770631684, 0.26267305272261776, 0.48426939445463096, 0.4369410950351845, 0.3678878457708792, 0.22253767826880974, 0.2776780438933721, 0.2528452020259075, 0.14457066342572916, 0.2759913038584943, 0.33166222994799144, 0.1653796798704813, 0.4158899172764729, 0.17357363786625987, 0.4430972260112564, 0.35398974876616385, 0.20108067031417576, 0.40146544552534924, 0.38765565804138996, 0.12638370289156833, 0.6682584214171297, 0.25469990984226265, 0.34556921970631393, 0.10687336280770113, 0.3643212695851138, 0.2711774763884023, 0.6870455509599518, 0.3487312407898051, 0.29410801734775305, 0.3725442117346185, 0.29907701750381077, 0.25326083446852865, 0.3438437188811162, 0.41861921304925565, 0.26474968121511494, 0.29896669654714825, 0.31382984448120826, 0.39289298783497595, 0.3354372804053128, 0.4771743900227276, 0.2993044290869009, 0.425411108774289, 0.4314119782106116, 0.2732530542416498, 0.3550819455065414, 0.3737538813760406, 0.34556931378100125, 0.30805307699160445, 0.5030911612356531, 0.5259803560458952, 0.3366904064259004, 0.30586834698479776, 0.5218852572143078, 0.48395134037470117, 0.2674744809711618, 0.2531726055918806, 0.3090462777564036, 0.3013952177521438, 0.2655427618638465, 0.31302182786660554, 0.6186073332686316, 0.30562312122256985, 0.4944723171315023, 0.30209062018298677, 0.1560247286963157, 0.3168526025421103, 0.33984059286206125, 0.3098803064268496, 0.3225935553339706, 0.31308599640097884, 0.25930937820261246, 0.7815936668775976, 0.3292106078782429, 0.21189295556670165, 0.2874768120073305, 0.22376694743122372, 0.21051354733058195, 0.7708279368418612, 0.2654814209200834, 0.2610767780699664, 0.6241720178605694, 0.13793839934902885, 0.16094860221658436, 0.44540460063860965, 0.4620602810024923, 0.4338075124165591, 0.24440540586199078, 0.4034520614271363, 0.207461346913543, 0.1184926365243478, 0.7900087685427732, 0.3902462145277098, 0.6784325597186883, 0.3135779960391422, 0.10182424205399696, 0.5773727580284078, 0.17643946698970264, 0.12770597891261182, 0.638720439322162, 0.09729633324055208, 0.21028481920560202, 1.0450711386572373, 1.1196295704160417, 0.23658627111996922, 0.2515470922627181, 0.16788978843639296, 0.5975023498758674, 0.4837419306311537, 0.4910649638622999, 0.4580948001907005, 0.4676610327636202]
2025-11-23 07:49:23 - feda2 - INFO - loss data:
2025-11-23 07:49:23 - feda2 - INFO - [0.45827353186905384, 0.2852583758772887, 0.17713032593019307, 0.6358526372738803, 0.5345203132472105, 0.4565001107752323, 0.7646624367176131, 0.29052934593055396, 0.2751589035309588, 0.9945099961012602, 1.657723642885685, 0.4931717469977836, 0.5497791070491076, 0.48426998853683473, 0.600346209274398, 0.3178136564480762, 1.4965061485767364, 0.6779948845505714, 0.17686083694905833, 0.5138500794048675, 0.21869750481070668, 1.3156201532110572, 0.5694824301172048, 2.2517216516037784, 0.4619370839662022, 0.579327779263258, 0.2678293496619517, 1.543753370642662, 0.17213221153554817, 0.7683479252484782, 1.371766439328591, 0.47083532706730896, 0.3250633617539683, 0.669351847943229, 0.1276601675811407, 0.42803556931515535, 0.13052608773771984, 1.4755629186828931, 0.3260031204263214, 0.3144125812376539, 0.7215680863708258, 0.7630211859941483, 0.29731276274113116, 0.7840825242720629, 1.5445945515400834, 0.4204810857772827, 0.20430917214782146, 1.3734971198136918, 0.36246284255757927, 1.1708663893397897, 0.12621886739031074, 1.288819641486043, 1.1211910313908116, 0.1359175406435194, 0.4481867314833734, 0.3039316115900874, 0.3330951980315149, 0.5231894366443157, 0.12301666414520393, 0.6620857728024324, 0.2890079767288019, 0.6042286328816165, 1.6758847832679749, 0.6224382316900624, 0.27628998146151346, 0.38777218032628297, 0.8721126146614552, 0.32105665607377887, 0.5939086659054738, 1.892732247710228, 0.3583235699269507, 0.4293419146522259, 1.5374295292422175, 0.38249658211134374, 0.4862691385283445, 1.5827666538301854, 0.5767967084422707, 0.2073711293658966, 0.24238359759328887, 0.21917019430547952, 0.9737141611985862, 0.9030705988407135, 0.2873064989379297, 0.888915571376856, 0.9381182094143393, 1.8128842047570894, 0.37657513055536485, 0.7631868387262026, 0.32764179913016656, 1.2962536820107036, 0.280093461558378, 0.11368200754513964, 1.476112816017121, 1.1199834338492818, 0.4511000125668943, 0.18424979211042888, 1.4561282217502594, 0.7091849757125601, 0.3261240118493637, 0.41559454344937374, 0.3141749299247749, 0.9950994816091325, 0.3363479987407724, 0.22713017545174807, 0.1835210524732247, 0.08173767030530144, 1.9715192039807636, 0.24618826994361975, 1.305994425714016, 0.27355686986508465, 0.8598567865944157, 0.9660164365450328, 1.3024920816727292, 0.8605514044562976, 0.9764410661829804, 0.36882349657826125, 0.5327697921311483, 0.36992977556462087, 0.5657397536405673, 1.2192422095686197, 0.3504249048108856, 0.8501419350504875, 0.4737130333979924, 0.2887076759710908, 0.48634411646053194, 0.2992541916210397, 0.8600488826438474, 0.6793639823380444, 0.30751737247919664, 0.17562615062342957, 1.1642693420872092, 0.3536571776960045, 0.4378269938752055, 0.14314736267939832, 0.4154501742062469, 1.0158826841248407, 0.5083734864317294, 0.5485428294373883, 0.6560515597462654, 0.4601176753640175, 0.5396270009999473, 0.8559798821806908, 0.3414152901671413, 0.5558344128231207, 0.40367017976111835, 0.41799043491482735, 0.6665877203146616, 0.4359072893857956, 0.3033129367356499, 0.07553778590041806, 0.6280969073064625, 1.245722974340121, 0.295059774381419, 0.4814179312437773, 0.28946772320196035, 0.6015064387038971, 0.20834294102516854, 0.2079437686285625, 1.5694072172045708, 0.2850707494459736, 1.0327197082185497, 1.0413841633549468, 0.3919187071435671, 0.43764938610709375, 0.34315349047796595, 0.17593968741906185, 0.10223696964482466, 2.0030336479345956, 0.9509849461416404, 1.3677273839712143, 0.24499244721502894, 0.2371433172064523, 0.996669178789792, 0.7050838411889142, 2.102727398276329, 0.3341686472122092, 0.4527039181234108, 1.2015828198856777, 0.5673167462757026, 0.17983136305754835, 0.81159413959831, 0.36724610850214956, 0.17305822954513134, 0.2791802483300368, 0.2754303003788333, 0.4287929739182194, 0.13797164193044106, 0.5180178017665943, 1.603963926434517, 1.0647888161862888, 1.3246616274118423, 0.8041529456774393, 1.624155981776615, 0.6351263547937076, 1.339367562159896, 1.2197797882681092, 1.0622307292185724, 0.5465015880763531, 0.2877842946598927, 1.3395414277911186]
2025-11-26 13:58:40 - feda2 - INFO - loss data:
2025-11-26 13:58:40 - feda2 - INFO - [0.499173843257484, 0.6906862464491967, 0.4953325539827347, 0.43929165663818515, 0.6829649501790603, 1.2278124066239053, 0.41150211573888856, 0.43259053528308866, 0.44778260531879605, 0.7763447042321786, 1.6340071296319365, 0.21813179684492448, 0.2093254666154583, 1.025766740584125, 2.221349983303635, 0.4589484947975035, 0.6291052550077438, 0.5148075913855185, 0.5493841513991355, 0.3310917551939686, 1.9956645607948302, 1.0505467094480991, 0.5259063085541129, 0.5643965815560835, 0.3554753482962648, 0.41827976252375676, 0.6219702560316633, 0.3027035886111359, 0.5765407830315493, 0.42793306406173437, 0.5798855437473818, 0.7400461832682292, 0.6173619971300165, 0.8013806596398354, 0.5170734768966213, 0.18967896131410575, 0.7504380186398824, 0.6734185978770256, 0.40268353125588463, 0.7089982852339745, 0.2759904831492652, 0.10475496271974408, 1.3611699063330889, 0.4994049451003472, 0.3388560176516573, 0.24741401979699731, 0.3523681431801783, 0.38303659107874743, 0.3355556385488146, 0.2536211560208661, 0.32567711498233537, 0.45766470298693374, 0.5334199637174606, 0.5180119971434276, 0.32974245383714634, 0.48896055923718396, 0.31964585791600064, 0.2966206940658162, 0.44651230749267357, 0.27037070292447296, 0.18733380116755144, 1.6893712654709816, 0.28121101086781847, 0.3521454343572259, 0.8201733908870004, 0.41158126726125677, 0.41305430437887797, 0.39322236932665955, 0.9425192440041539, 0.24613390874971325, 0.7524315965672334, 0.9586026261250178, 0.33092694963243874, 0.3632444112251202, 0.42077622195762215, 0.4432751791551709, 0.20745125105604528, 0.4273962299445305, 0.46775084687396884, 0.4182032279414002, 0.34571237529494936, 0.18839707083721785, 0.41793559716703993, 1.209083019298148, 1.1919418699108064, 0.26696142669589745, 0.23483473351225256, 0.7175786682307566, 1.2912319939699954, 0.7316236135627454, 0.5687275459093076, 0.2940055385808505, 0.2824306426569819, 0.16298076022287894, 0.2543267582857458, 0.8046995382755995, 0.4186143413186073, 0.25947052125508585, 0.351120449276641, 1.3546882117787997, 0.9144117037455242, 0.3913501694685582, 0.4215690795953075, 0.652268897742033, 0.6767257899045944, 0.499297816475684, 0.39210489350888467, 0.4257527329027653, 0.4421622317905227, 1.0532110668718815, 0.3971328301540701, 0.1226313491895174, 1.2353296529734508, 0.4408824419659195, 0.532411596737802, 0.6209040842950344, 0.39796329220248894, 0.6632914434779774, 0.41744417994775457, 0.40869542428602773, 0.5011513420380652, 0.4171516052669003, 0.4647011741155426, 0.6067322333427992, 0.42725904347995913, 0.16143462418112905, 1.102958968281746, 0.6954577917321807, 0.5704758648167957, 0.4823490846902132, 0.5605764742940664, 0.7331886315252631, 0.5102227383426258, 0.8015221759676934, 0.501497850442926, 0.4114941820115238, 0.3432038295393189, 1.9817377626895905, 1.4218932362894217, 0.3180775773470048, 0.5245809284970164, 0.4537088423070532, 0.38020836313565576, 0.386106372738464, 0.3111573871353577, 0.4139327014033269, 0.8907271482050418, 0.7447126276791096, 0.3985703423885363, 0.4378414861857891, 0.2278485917974086, 0.6700258346274495, 0.3520390737269606, 0.3749825788492506, 0.4190580490976572, 0.5703585197528203, 0.7101917224512859, 0.24008520377435905, 0.6451625398670634, 0.620498026605859, 0.5262609650592573, 0.6871689534605001, 0.6905669417853157, 0.9121512447794279, 0.23063344129671653, 1.1029253813127675, 0.2825315882496181, 0.6419508717954159, 0.8269205078482628, 0.2593991388566792, 0.29092446173585595, 0.7507185562114631, 0.6896291089554628, 0.530707761583229, 0.9486266657935851, 0.6451263854191417, 0.9096964432685464, 0.5012348491698504, 0.47446120602937486, 0.7822893764823675, 0.4981189735233784, 0.336115814683338, 0.544861769862473, 0.251075728610158, 1.0883042514324188, 0.7058935695937996, 0.8068287829558054, 0.6569688012737229, 0.7388757814342777, 0.45447387161072006, 1.0796677412258253, 0.669914288756748, 0.8443486113101244, 0.684092159072558, 1.098725762218237, 0.7862597198197336, 0.6873662541134389, 0.5565539630750815, 0.9394947263327511, 0.9558442415738547]
2025-11-26 15:08:22 - feda2 - INFO - loss data:
2025-11-26 15:08:22 - feda2 - INFO - [0.43299643718637526, 0.7055685687332581, 0.45729934395505833, 0.31649204060599645, 0.3662497289813568, 0.24938617716032785, 0.33897251591780314, 0.23396387023274742, 0.5392990363850481, 0.5161862226753582, 0.5706682602097666, 0.45288295699505815, 0.5005101178032465, 0.3729915249347132, 0.4173690192961603, 0.15643466472004852, 0.7217142499591175, 0.31559383023219806, 0.7194754683545658, 0.45205962913618847, 0.346833158721808, 0.09821017826389936, 0.7214326913063035, 0.3470888417103284, 0.6607299987226725, 0.5116381839021936, 0.4195126335672808, 0.04161646092709686, 0.5674319163015391, 0.3693892232942999, 0.2857764930878248, 0.5832750153328692, 0.4131438685090918, 0.40788550923268, 0.5563929608712594, 0.3035968455951661, 1.1284655928611755, 0.37014790919571244, 0.3616605902281709, 0.44799118116497993, 0.3804229184364279, 0.5334507820539569, 0.3038588838917285, 0.4489842993804277, 0.2786410085502125, 0.12922952113052208, 0.8679631259782534, 0.4560999402865058, 0.2647183510578341, 0.3353204283501125, 0.09255575317758254, 0.019888479753475016, 0.7359537450330598, 0.5242151000442352, 0.39946873278770234, 0.18218037471441284, 0.7167707037896358, 0.7086077087248366, 0.5284965721269449, 0.4511956905480474, 0.3343789469708051, 0.31655323597731005, 0.23891067025916918, 0.6069504756014794, 0.3965074484724374, 0.1805794996287053, 0.17436814842291087, 0.18405681834236678, 0.6309057964998133, 0.47860838987288024, 0.30877282222112024, 0.16259175112677945, 0.3769812434911728, 0.3105546213220805, 0.3395923161435695, 0.22326305805084606, 0.029285406625352887, 0.6161640919667358, 0.4161599427741721, 0.36163356968273336, 0.2802524728966611, 0.1570248125154259, 0.2090276364459951, 0.22098915247867504, 0.37989122556665766, 0.5187408381677938, 0.28095013700011706, 0.6307429236670334, 0.3427446042187512, 0.45181414953362176, 0.3014278442687577, 0.47558164226020727, 0.3966257297857241, 0.3896076965399764, 0.2489993676949197, 0.2859117946105211, 0.2773470680029797, 0.16479442968458652, 0.30097043412813795, 0.38112542327943744, 0.21304010503614942, 0.5061871730967572, 0.2308938471910854, 0.4874767440681656, 0.39957426074188906, 0.20055233855687438, 0.45283959175843724, 0.42429143543306147, 0.10863144654366705, 0.6667255972953219, 0.29340145147095126, 0.38788304672382035, 0.13859841788875027, 0.418531721555873, 0.2434093764491586, 0.7823146566310349, 0.40442152853522984, 0.2857853755510102, 0.369423255856548, 0.3348919426036232, 0.29610567769084717, 0.352973084020264, 0.45456756678010735, 0.31440808231139233, 0.32344385847580015, 0.3433736467527019, 0.45439824319787714, 0.325354771874845, 0.5707359507284833, 0.3119720555841923, 0.5236368647745351, 0.48195201116774616, 0.3229031339108657, 0.3969013145217648, 0.38483717951825575, 0.3892111732960829, 0.3365134678574072, 0.5560983247926523, 0.5285783477334514, 0.3893581247400669, 0.3553772478184679, 0.5253680068357238, 0.498358942476996, 0.3136142888771636, 0.27795430277719313, 0.3460771479998671, 0.3614814840991215, 0.32772776711368024, 0.3565371168513942, 0.7207508957521482, 0.3299040626291008, 0.5672989290739809, 0.3251984088681638, 0.1829947850213219, 0.36253192467682877, 0.39948881414907794, 0.3478585698952278, 0.37536183109656834, 0.31121989956332574, 0.3040879891106957, 0.7585384910926223, 0.33723934423178437, 0.24968155808042453, 0.32073028553930816, 0.26217997786435454, 0.2500050801648061, 0.7960380857908412, 0.31308607207447814, 0.26875508711155915, 0.700432390268696, 0.15570614375174047, 0.1886744529807142, 0.505160294735852, 0.5171853246569049, 0.4310809385908001, 0.23150593947087014, 0.4224136614551147, 0.21937783458787535, 0.12880662817301022, 0.7423907087908851, 0.3928165842833764, 0.691720120422542, 0.3354237305931747, 0.11916085615133246, 0.6060776291415095, 0.19057178955584292, 0.14163124794140458, 0.6857982627034449, 0.10505011532869604, 0.24409886170178652, 1.1165205657874284, 1.1540656310639212, 0.25913107833115473, 0.2735900064820752, 0.1997947155069264, 0.565766300102978, 0.507662642199327, 0.5660418709740043, 0.495139020436502, 0.5293505539496739]
2025-11-26 16:49:27 - feda2 - INFO - loss data:
2025-11-26 16:49:27 - feda2 - INFO - [0.44914546329528093, 0.3059697160144534, 0.18724773347970436, 0.6616854934254661, 0.5388331492431462, 0.4573810460977256, 0.7831085589185187, 0.3101650883909315, 0.25499431966954483, 1.1250732789126536, 1.9860631376504898, 0.5125742759555578, 0.6636128194630146, 0.5659705247730017, 0.809854016949733, 0.40464533284151305, 2.0876434326171873, 1.6900413036346436, 0.13648762941275808, 0.5290789830597173, 0.27863065190284014, 1.2976232627406716, 0.86155186354352, 1.6604227721691132, 0.5522408580614461, 0.6533828705549241, 0.3495268726488575, 1.3690566221872966, 0.18642708455833296, 0.9054925212248539, 1.7584791854023933, 0.490447743381891, 0.3746226729951256, 0.6552601336346319, 0.22860166249570973, 0.40356704735507565, 0.14502679872481772, 1.6455251157283783, 0.4060153804603033, 0.35409286417480973, 0.8469198852777481, 0.9502639770507812, 0.32976075780878994, 0.8549553279828449, 1.8076756820082664, 0.4531646579504013, 0.23464331928566523, 1.3107467108406126, 0.37083677777554835, 0.9418807348934933, 0.12598622477063062, 1.1372930175063878, 1.4412202358838508, 0.14161751911742612, 0.529295667178101, 0.3497655506245792, 0.4622075733107825, 0.45821258798241615, 0.14456388360704295, 0.5074864557633797, 0.3627741526191433, 0.6743358149038007, 1.646299421787262, 0.7457844610843394, 0.30074287978450137, 0.430195233784616, 0.8469391093589366, 0.3445591536169458, 0.6681495300920991, 2.0922117829322815, 0.37334011805554235, 0.4788735485946139, 1.5557193653658032, 0.39320773134628934, 0.43607654944838337, 1.5374207230129588, 0.628415311127901, 0.20973303159181442, 0.25092912412947044, 0.22428245150173703, 1.1338173113763332, 1.0517512887716294, 0.2890173459192738, 1.0611263840262761, 1.0575298183248378, 1.5098694978514686, 0.3304833686496649, 0.8210912057095103, 0.2933722698129714, 1.4243022112382784, 0.31087381627876315, 0.13957957461631545, 1.443867801874876, 1.03546976375704, 0.47988116219639776, 0.15606383787764405, 1.710334587469697, 0.6936908073257655, 0.34814716111609917, 0.41455328309287626, 0.3943865890226637, 1.051679976284504, 0.3217012954798216, 0.21880780026549473, 0.19530935951042921, 0.09227034691050931, 2.0211303253968556, 0.31198791198742887, 1.4440328853204847, 0.31292605244865024, 0.9408330917047958, 0.9887521261019477, 1.3262454636278562, 0.9850060567259789, 0.9622959297002208, 0.3935734642876519, 0.5389320710673928, 0.3745533647791793, 0.6263410874642432, 1.0481211071213086, 0.35448991718391576, 0.9093951616436243, 0.5184813275001943, 0.3045575838186778, 0.5261407579760998, 0.3365306657664901, 0.9210663716735629, 0.682255007740524, 0.20936193739180453, 0.18949637377388878, 1.1524726546679933, 0.42670318521559236, 0.4715213238572081, 0.17221647695017356, 0.4118467866598318, 1.0286668026302423, 0.5787575834741194, 0.6179522712611489, 0.6221754938364029, 0.4855427878598372, 0.5834239746133487, 0.7914348840713501, 0.3685634717034797, 0.6221743635833263, 0.4520888237489594, 0.44927559792995453, 0.6718157968587346, 0.44857381532589596, 0.33825732885549464, 0.08889558688793896, 0.6175438259728253, 1.2708580888807774, 0.313778298565497, 0.4881271446744601, 0.26668246518820526, 0.6057321822425972, 0.25494823294381297, 0.21327706233908733, 1.4250650738055508, 0.29220407844210666, 0.9581505013319354, 1.0149882224663584, 0.4087380274095469, 0.4742082465026114, 0.37310496994501186, 0.19384470921941102, 0.11780319865016887, 1.8881106786429882, 0.9956424905297657, 1.5322082340717316, 0.22398298257030547, 0.32809150256216524, 1.052369480370544, 0.6770790778514412, 2.1596193611621857, 0.4033655045592847, 0.4698626692924235, 1.2502876327269608, 0.6439618738791482, 0.1842164604416625, 0.7964437576010823, 0.25942724708002063, 0.21543695808698735, 0.3291914748183141, 0.4387921151832085, 0.42102424809709194, 0.16136558634849885, 0.4921373038976324, 1.5042106062173843, 1.0360987756090858, 1.3368426263332367, 0.8379652367697822, 1.4900874321659405, 0.6370835630999256, 1.3369268469512463, 1.1967089707031846, 1.0419120254344307, 0.6497047369678814, 0.3064538043302794, 1.2839529365301132]
2025-12-18 09:32:47 - feda2 - INFO - loss data:
2025-12-18 09:32:47 - feda2 - INFO - [0.5229180414229632, 0.8147235304117203, 0.5181470283617576, 0.41012406038741267, 0.6315512402604023, 1.1754735015332698, 0.41846777436633903, 0.44627612084150314, 0.43966833837330344, 0.660241161643838, 1.2682367973495274, 0.19117037563895184, 0.1967126033268869, 1.1127233522827737, 2.602308551967144, 0.7229312991102537, 0.7193580631166696, 0.5245136304292828, 0.6057529743760824, 0.614402936771512, 0.7894982904195785, 0.4280941113829613, 0.7302142675034702, 0.7464873265475035, 0.4183443104227384, 0.42795797863509505, 0.7138540841639042, 0.3867486664094031, 0.5529526606202125, 0.5023356761783362, 0.6538100004196167, 0.8848863132297993, 0.6368393773833911, 0.782522227615118, 0.60789231704548, 0.19989911114098505, 1.1002660989761353, 0.7680606245994568, 0.4578360076993704, 0.7708823308348656, 0.3477078003808856, 0.12206532912096009, 1.5700491867959498, 0.6434135884046555, 0.4475780863314867, 0.29855507152775923, 0.5506525202188641, 0.44378153914585705, 0.444510031491518, 0.3211708246264607, 0.37356904201830426, 0.57038689032197, 0.5568177849054337, 0.5133938149859508, 0.4192648323563238, 0.5530182331800461, 0.38370530726388097, 0.4080317708663642, 0.43753191217159226, 0.31922203553840517, 0.21641157171688974, 1.9541841074824333, 0.3293864096514881, 0.37701628468930726, 0.7371807962656021, 0.4387011002749205, 0.3647799348458648, 0.3872548709856346, 0.5586447026580572, 0.33693424840457736, 0.4675374992191792, 0.5994607642292976, 0.4569204725325107, 0.3589709082618356, 0.3934103685120741, 0.42629704177379607, 0.19161634859628976, 0.5365487510338426, 0.4394187800741444, 0.5075644239783287, 0.31628631306812166, 0.20850423666027684, 0.4764433436406155, 0.8748636777047067, 1.208296510973014, 0.2873126636259258, 0.22750699492171406, 0.8883652576167756, 0.9506790064508095, 0.5810717476066203, 0.6067393198609352, 0.30055819721892474, 0.28792555620893834, 0.14559636400081216, 0.27222796124406157, 0.6879922360181809, 0.5010828256607056, 0.27498854883015156, 0.24978056522086262, 1.0535636380314828, 0.4615585307280222, 0.4636501260101795, 0.4338778347397844, 0.620638694614172, 0.5177504414071639, 0.6076006662100554, 0.4352175176143646, 0.4182192264124751, 0.491437716782093, 1.063801135867834, 0.4094869028776884, 0.12367618908174335, 0.9345075674820691, 0.4064017277210951, 0.46196480710059407, 0.6789645636454225, 0.38628447875380517, 0.5405263572931289, 0.44369903132319455, 0.48119436390697956, 0.391229837667197, 0.47107186280190944, 0.4900954306125641, 0.5164588194340467, 0.3630259083583951, 0.17818555510602893, 0.982606864720583, 0.5943804934620858, 0.5114043183624745, 0.5997635064646601, 0.4570145768423875, 0.7589448604267091, 0.5203401334583759, 0.9444643646478653, 0.5058884831766287, 0.40143962763249874, 0.4002658177167177, 0.9335850806285938, 0.5144250623881816, 0.5005788113921881, 0.4324616758773724, 0.5276616632938385, 0.5142911672592163, 0.37568697854876515, 0.47352736685425045, 0.40964140496216717, 0.6915439084172249, 0.482228672504425, 0.7065082877874375, 0.40494804326444866, 0.2576887465082109, 0.6630522880703211, 0.36793134808540345, 0.35638785231858494, 0.4865620359778404, 0.540435600404938, 0.6913815312087536, 0.39989858530461786, 0.47556124068796635, 0.44746405780315396, 0.38668768052011726, 0.4696730557829142, 0.4870240924259027, 0.5887555318574111, 0.32434261354307337, 0.8247450180351734, 0.3603125063702464, 0.5568207105000813, 0.7348580256104469, 0.3181477051228285, 0.31746107153594494, 0.6339367263019084, 0.6893251277506351, 0.5351361244916916, 0.7582867458462715, 0.5111725900322199, 0.8345359295606614, 0.5069897178560496, 0.4881872531026602, 0.7288056728740533, 0.4882616709917784, 0.41713557094335557, 0.5288567245006561, 0.3743435415128867, 0.6982035726308822, 0.5581905346363782, 0.5552940890192986, 0.5064711974933743, 0.5175652030855418, 0.4019005099311471, 0.7743700901667276, 0.537491665656368, 0.6183345802128315, 0.5520162418484688, 0.7164867073297501, 0.5365089749296506, 0.5331038661301136, 0.5024295501410961, 0.6079121043284734, 0.6516517579555512]
2025-12-18 10:03:19 - feda2 - INFO - loss data:
2025-12-18 10:03:19 - feda2 - INFO - [0.45142304329201577, 0.5803337402641773, 0.4599093034863472, 0.3208583402214572, 0.3657237768276698, 0.23166757706785576, 0.3512288292287849, 0.22669817309915308, 0.544942663051188, 0.5183450940996408, 0.5809132665395736, 0.49730791561305526, 0.44508882239460945, 0.41091278137173504, 0.4029695435826267, 0.14892747886478902, 0.7504876375198364, 0.2681358971633017, 0.6465039178729057, 0.4477530557662248, 0.3674223095178604, 0.10444224276321215, 0.7147333182394504, 0.3878270903602243, 0.8650984775274992, 0.5763122394680977, 0.4477672899141908, 0.0683285404345952, 0.6266623593866825, 0.3780269488692284, 0.27691883644503024, 0.6420954808592796, 0.4246384933590889, 0.4266208667928974, 0.6561760894954205, 0.3052278467997288, 1.3462750415007272, 0.38220589363740554, 0.37684586122632024, 0.5304305426776409, 0.40624320388305935, 0.6186248913407326, 0.32090471922419966, 0.4933651503175497, 0.26668424868867513, 0.13322282772278413, 1.189631149172783, 0.5104373410344124, 0.282119997114771, 0.3639561756151832, 0.08507483263189594, 0.025028768428213274, 0.7004011385142803, 0.5058215819299221, 0.3945623374411038, 0.1930018615276952, 0.846236615255475, 0.6700258292257786, 0.5779264774173498, 0.43630157923325896, 0.3807333810022101, 0.2964263534173369, 0.20641587558202446, 0.577618318842724, 0.4057659783001457, 0.17333102834721406, 0.18319798061108616, 0.1702249950845726, 0.7267879530787468, 0.5167626485228538, 0.30153866762088405, 0.16737916947652898, 0.4177365627671991, 0.3062430833932012, 0.34528745109481473, 0.2297565157408826, 0.029170494177378714, 0.6846394375243108, 0.600289111584425, 0.3157867286121473, 0.30169918922973527, 0.15425685576129972, 0.19261332840089584, 0.22144196188698212, 0.4730360244400799, 0.5666957587003708, 0.2865608325745497, 0.6857001170516014, 0.3280919374315999, 0.4733103478120433, 0.3322895375339108, 0.48575255312025545, 0.4272753745317459, 0.39576718881726264, 0.2648131682537496, 0.34728660963010044, 0.325397799233906, 0.15985186961479486, 0.35621346206818194, 0.39292458780109885, 0.2456464838857452, 0.5347477182745933, 0.20079166220966727, 0.3864091657102108, 0.38689763471484184, 0.18977032965492635, 0.5680447347462177, 0.4331232961267233, 0.13803783250558707, 0.6851474106311798, 0.3051985054742545, 0.3876087447628379, 0.15523125110194086, 0.46691652908921244, 0.2514774086471233, 0.6883105909451842, 0.3761672933718988, 0.22463034577667712, 0.2667321227490902, 0.3676113527268171, 0.3065446146763861, 0.34987445585429666, 0.44530979469418525, 0.33267349414527414, 0.33779323007911444, 0.35542840441533674, 0.5001043662428856, 0.37283028904348614, 0.46798104494810105, 0.3626295580040841, 0.4793107211589813, 0.39482446131296456, 0.37160737686790524, 0.47979360185563563, 0.39851052705198525, 0.40582072213292125, 0.23602910091479617, 0.7067814130336046, 0.3191645668198665, 0.4482198548104082, 0.3127539206917087, 0.5930037584155798, 0.414834887906909, 0.3053016009740531, 0.305033258938541, 0.39452024456113577, 0.43059012563899157, 0.22050285379269294, 0.3315643622746898, 0.7414217762649059, 0.33538902178406715, 0.4401022685425622, 0.3408104531466961, 0.24027506727725267, 0.3465173168107867, 0.4029404541477561, 0.3914063148614433, 0.4973456421867013, 0.14605537105558647, 0.36169528383761645, 0.8160879197530448, 0.3340986529365182, 0.2714790838770568, 0.3129430441185832, 0.23713387493044139, 0.26144050937145946, 0.8298252839595079, 0.3289391467347741, 0.2654572974476549, 0.6847510162740946, 0.1664854746311903, 0.18118613470523132, 0.4700400477275252, 0.5587273858487607, 0.4836216889321804, 0.24752339614289148, 0.4334474025294185, 0.18476707004010678, 0.11483547118388944, 0.7655082609918382, 0.4130178224295378, 0.6868623559363186, 0.3774738136678934, 0.12879521427676083, 0.5251660894602537, 0.17420266645531807, 0.16309637296944857, 0.664787869900465, 0.11776773154528605, 0.2399390741251409, 0.9876742530614138, 1.0619461458176374, 0.2685371609404683, 0.2598521077074111, 0.1863236240451298, 0.5290209654718637, 0.48337611854076384, 0.490795935690403, 0.45733408425003286, 0.5497485674917698]
2025-12-18 10:30:07 - feda2 - INFO - loss data:
2025-12-18 10:30:07 - feda2 - INFO - [0.46236921148374677, 0.31582917530710497, 0.18691480380948633, 0.7148814258631319, 0.5627052283845843, 0.4467643436044455, 0.7713967053219676, 0.31361002738121896, 0.29466089697347747, 0.9068212672136724, 1.5945926904678345, 0.5265913655360539, 0.6308488719165325, 0.5561317779123782, 0.6702204555273056, 0.42912582829594614, 1.422135555744171, 0.9034590497612953, 0.27361687533557416, 0.5249692028698821, 0.25795324786773155, 1.388547164388001, 0.8658085389994085, 1.8828309054176013, 0.5482916850182745, 0.7944807767868042, 0.4146629637107253, 1.509982628126939, 0.1962320374324918, 1.187106447480619, 1.74807362506787, 0.5319021875038743, 0.40327487057074907, 0.6885412286501378, 0.45452469382435084, 0.4210294605853657, 0.145630238391459, 2.220251825451851, 0.5178245238028467, 0.3513980479290088, 0.8850927293300629, 1.035339616239071, 0.39932002360001206, 0.8101411062292755, 1.840352712571621, 0.4806346997618675, 0.46629998870193956, 0.9532834614627064, 0.33400367775466294, 0.7457040946930646, 0.1727863911073655, 1.0652307043317706, 1.1327620163327083, 0.16721175080165268, 0.5065911759725875, 0.341139187105, 0.3551589981652796, 0.47615908334652585, 0.19781787995016203, 0.5104036573320627, 0.3703286460600793, 0.8172806280665099, 1.2658506333827972, 0.548562029749155, 0.34079980561509726, 0.47664044294506314, 0.7555289655923844, 0.35938102300278846, 0.7046083277557045, 1.7588199178377786, 0.4350199649731318, 0.6383699793368578, 0.7294263993389904, 0.4782442182380085, 0.6430137143121101, 2.575365625321865, 0.5284099210053682, 0.21717870664627603, 0.2524023278383538, 0.24487849380820992, 0.961199994198978, 0.8836400434374809, 0.45482884980738164, 0.8326746173125381, 1.0731923429179004, 1.7754108768887817, 0.3863227970691191, 0.8042200073599814, 0.41021590748180947, 1.089609009317226, 0.3328161045908928, 0.1278274531941861, 1.8253453588113189, 0.9765518561005593, 0.5207993946969509, 0.18953099531354384, 1.750384033843875, 0.5396497006295249, 0.3843407505424693, 0.4548336435109377, 0.3522342181143661, 0.9967507585883141, 0.3392566295340657, 0.2500065837521106, 0.20622746679000556, 0.09831476828549057, 2.25721587340037, 0.3278127434663475, 1.3616757795214653, 0.31932819999443984, 0.9739665372297168, 1.0343529877718538, 1.3430518028326333, 0.8040500978628795, 0.7992716863751411, 0.40579171325597496, 0.5702851690972845, 0.4321821453049779, 0.7318213548511266, 0.6029260202000538, 0.38898691087961196, 0.5318136177957058, 0.41437722506622476, 0.3137965105008334, 0.48623211157973856, 0.34468991607427596, 0.8387395395431667, 0.6757792105070419, 0.30384880176279694, 0.22423043827422792, 1.0687930273513, 0.5176231849007309, 0.33954392895102503, 0.19401836208999157, 0.4043144180905074, 0.9758302137255669, 0.6020568303763867, 0.6127128131687641, 0.6312389865517616, 0.4560003777345022, 0.6036564572196867, 0.9527463763952255, 0.42045089863240714, 0.6182104960083962, 0.53664595708251, 0.4239421726928817, 0.7318911202251911, 0.4390909094363451, 0.39159509018063543, 0.2010930635035038, 0.3414514373987913, 1.485042256116867, 0.5154576083645225, 0.6704478597268462, 0.2988363681361079, 0.6489562446872393, 0.21509834653180507, 0.21214515844185372, 1.334609542042017, 0.27954635405913, 1.042221988365054, 0.9359046597499401, 0.38064154289766317, 0.5146572316065431, 0.42752006753451294, 0.2438175566494465, 0.14673677878454328, 1.565460088973244, 0.9524916127324105, 1.7350665777921677, 0.2337949870982104, 0.31987194120883944, 0.9243864375166595, 0.6491656102240085, 2.0474333465099335, 0.3624314842435221, 0.44225603383448386, 1.2804549276828765, 0.8356339900754391, 0.1918182348832488, 0.8994999878108502, 0.342762672714889, 0.1625501216156408, 0.3388810846954584, 0.30615810342133043, 0.4354133599127332, 0.18625326734036207, 0.45192615007981657, 1.243274100124836, 0.8771111108362675, 1.1834382265806198, 0.7072162136435509, 1.2035294712210696, 0.6174075752496719, 1.1167390383780003, 1.0036159174516797, 0.9176720424788073, 0.5912512838840485, 0.3184858171269298, 1.1068971827626228]
2025-12-20 10:18:09 - feda2 - INFO - loss data:
2025-12-20 10:18:09 - feda2 - INFO - [0.536006411910057, 0.7840067610144615, 0.5096749141812325, 0.4057993460446596, 0.5832184599712491, 1.2458498567342757, 0.4135570951427023, 0.44037224296480415, 0.43815646283328535, 0.6949065403702358, 1.201303413324058, 0.24196851222465435, 0.23380042798817158, 1.155521932337433, 2.362665335834026, 0.6864690688749154, 0.7350035293027759, 0.5179984574904666, 0.611029553040862, 0.5958369009196758, 0.8421071082353592, 0.46081374771893024, 0.7287710153032094, 0.7461652345955372, 0.4262439618508021, 0.4337758868001401, 0.8000512942671776, 0.3946231292560697, 0.5645039729773998, 0.510574171692133, 0.6620532870292664, 0.9127207845449448, 0.6117956130454938, 0.8978650465607643, 0.561269644740969, 0.2012317132903263, 1.053044967353344, 0.7247124582529068, 0.47577445637434723, 0.7683197557926178, 0.36052926325549683, 0.1227563702268526, 1.5552514232695103, 0.6292965948581696, 0.48192312344908717, 0.2977156948298216, 0.553473956650123, 0.4663398723118007, 0.46259020504852133, 0.3541206338442862, 0.40315031800419093, 0.6068213485181331, 0.5834418714046479, 0.6478890491028626, 0.4418734274804592, 0.5547159830108286, 0.4193836187943816, 0.41107799746096135, 0.5041767824751635, 0.341255628845344, 0.2465470016701147, 2.0048830658197403, 0.3419236890971661, 0.3988473121076822, 0.8846361666917801, 0.4977627519518137, 0.47525951107963915, 0.5011492918711156, 0.6827230609953403, 0.39981125202029943, 0.5257649213075638, 0.814575086037318, 0.4342412760481238, 0.4175684221088886, 0.44463506297518807, 0.46981007903814315, 0.2288518497720361, 0.6682419093325734, 0.6682851744505266, 0.6274287387728692, 0.40139035433530806, 0.19948498041679463, 0.5206781625747681, 1.0021035252604633, 1.2798430501716211, 0.2788589667994529, 0.2554946528747678, 0.8136702463496477, 0.9774605093756691, 0.772079245839268, 0.7749225899577141, 0.36257488327100873, 0.3281791964545846, 0.17115652066034576, 0.3066598117817193, 0.8529093638062477, 0.49705241471529005, 0.3143586661666632, 0.3306675730894009, 0.9436547333995501, 0.5605673491954803, 0.5051945127546786, 0.5331403377155464, 0.7776061668992043, 0.7063350932051737, 0.5553148854523897, 0.4575291395187378, 0.48022948764264584, 0.5434773109853268, 1.040745091934999, 0.45077271163463595, 0.13760489821434022, 0.8773918683174997, 0.44572784937918186, 0.47968408428132536, 0.7740962542593479, 0.44884830974042417, 0.6091766387224198, 0.48033460676670076, 0.5423231892287732, 0.4174966849386692, 0.5025413177907467, 0.517607445269823, 0.5963231936097145, 0.45181803281108535, 0.20988530684262513, 1.0879069924354554, 0.6772231914103031, 0.5778552241623401, 0.6089664153754711, 0.4905990719174345, 0.8494595371186733, 0.6047735638916493, 1.1066608001788458, 0.4669724895308415, 0.45053795427083965, 0.4466819400588672, 1.0271792548398175, 0.6374495021998883, 0.4839623410254717, 0.5102584281315405, 0.5692895196378231, 0.5706243693828583, 0.41221741102635856, 0.4995282758027315, 0.4553016625344753, 0.7840548358857632, 0.5649543158710003, 0.6227029293775559, 0.4270164057612419, 0.30207969807088375, 0.7516248200088739, 0.4005512848496437, 0.40367760385076207, 0.6440773196518421, 0.6204057695964973, 0.8489551268517971, 0.35360079631209373, 0.49271747718254727, 0.5183338958770037, 0.4413625869899988, 0.5151661556214094, 0.5797777927170197, 0.6954750207563241, 0.32651310563087466, 0.8956837669014931, 0.38178293872624636, 0.6128118134414156, 0.8212427303195, 0.29969058074057103, 0.35303660333156583, 0.6321693032979965, 0.750270415097475, 0.5605567425489426, 0.7992127306759358, 0.5641291804611683, 0.8921751096844672, 0.5521704200655222, 0.5640516050159932, 0.8036378393570582, 0.5484531182795762, 0.46435335874557493, 0.5780601087957621, 0.3831895227233569, 0.7683544740080834, 0.5903002582490444, 0.6588936600834131, 0.5626637723296881, 0.5860209127267202, 0.44713773056864736, 0.8292003964384397, 0.6058611212919156, 0.7333810329437256, 0.6079178251326084, 0.8097194373607636, 0.6885319453974565, 0.6108222126960754, 0.5471985459327697, 0.7087614354987939, 0.7494107462465763]
2025-12-20 12:29:52 - feda2 - INFO - loss data:
2025-12-20 12:29:52 - feda2 - INFO - [0.46731052324175837, 0.606341778114438, 0.46173913925886156, 0.3290126360487193, 0.35385119805836845, 0.22804193443153054, 0.37759710774989796, 0.24827691083330483, 0.5415191249921918, 0.5234088890254498, 0.5995383612811566, 0.5163949359208345, 0.46715667806565764, 0.4174300618469715, 0.4088505290448666, 0.15201074895448982, 0.9034939795732498, 0.33058001142926513, 0.6864420533180237, 0.4809831105172634, 0.3897385593503714, 0.11292406446559147, 0.818376286327839, 0.3934967457316816, 0.9766258107498288, 0.6256107173860073, 0.4816148322075605, 0.07613620604388416, 0.6574575327336788, 0.38247350268065927, 0.30900679565966127, 0.6498931840062141, 0.5044996190816164, 0.5945144581298033, 0.6085114501416683, 0.3571287234469006, 1.2679985612630844, 0.46894977461132736, 0.3962596014142037, 0.6209633350372314, 0.45818003225140275, 0.6605342656373978, 0.3575558288954198, 0.5677017740905285, 0.3290535135283357, 0.15113666863180697, 1.447824638336897, 0.5440192312002182, 0.32453184007770486, 0.39811891877713307, 0.09363726439834055, 0.028693660239999492, 0.7808517696602004, 0.5562776029109955, 0.46255732082894874, 0.21892092127818613, 1.0354719169437887, 0.6311339072883129, 0.5607343520969152, 0.47333166818134487, 0.40222975324140864, 0.3577913946472109, 0.2834565260447562, 0.4793036139259736, 0.40668530975069317, 0.21233300536146593, 0.20277709699668256, 0.1875848130235681, 0.7577511876821518, 0.5842040561139583, 0.3572669552225206, 0.1854505022470322, 0.44646886736154556, 0.34201441530603915, 0.3768440610596112, 0.25615798304788767, 0.031122633087215947, 0.7654823140401277, 0.7928524065762759, 0.40579769629985096, 0.33406634038048133, 0.19444805958940248, 0.21507657954676285, 0.23054172415286303, 0.5058938203379512, 0.5860836640000343, 0.3250125294758214, 0.6785564690828323, 0.4072067136876285, 0.4720868750578827, 0.35274039927042194, 0.5291821800172329, 0.47525051832199094, 0.48146919459104537, 0.27523406632244585, 0.38703761047217994, 0.35342232843395327, 0.18582782621961086, 0.3728788719822963, 0.4593458689749241, 0.28988714031875135, 0.5630677118897438, 0.2760595719330013, 0.47905041128396986, 0.4244973449036479, 0.23171667670387597, 0.6361151352524758, 0.4631965778768063, 0.15188152415470946, 0.6955501306802034, 0.41240729596465825, 0.43073933646082874, 0.1678054913878441, 0.5031953081488609, 0.26337228713350164, 0.785808914154768, 0.3864832661513771, 0.2832665386609733, 0.39891660107033594, 0.3722153216600418, 0.33782205427996814, 0.3855158232152462, 0.5034275025129318, 0.3643954798579216, 0.3839933697134256, 0.38976972695026135, 0.5620608918368817, 0.41894385665655137, 0.5319661259651185, 0.3485225190718969, 0.5126770213246346, 0.4953506262972951, 0.40821691881865263, 0.5184610761702061, 0.43952191323041917, 0.4806616820394993, 0.2835238760130273, 0.7247211668640375, 0.31991744836171465, 0.4719812666731221, 0.35215092781517243, 0.6660097863525152, 0.43353164941072464, 0.3209142914041877, 0.34900111359440616, 0.441981671564281, 0.4828531107865274, 0.27721704830016414, 0.3643279951065779, 0.8125940281897783, 0.37644882313907146, 0.5146974585950375, 0.38391883186995984, 0.2774420451372862, 0.3952409435063601, 0.44417804479599, 0.42376596927642823, 0.5457197362557054, 0.1681516769652565, 0.4033521732315421, 0.9318601228296757, 0.3457367293536663, 0.2780436436645687, 0.32985822670161724, 0.27730550111404484, 0.299758092686534, 0.9662744000554084, 0.37413165532052517, 0.27784468937251305, 0.8029483392834663, 0.19184497110545634, 0.21040598137511146, 0.507300491258502, 0.5959452450275421, 0.5331277571618557, 0.33695894639406887, 0.4419689800590277, 0.19675313710338538, 0.14254056037300164, 0.7594903539866209, 0.43643153868615625, 0.7522184705361724, 0.3826362298801541, 0.14044602848589421, 0.6192504059523344, 0.2212838601794035, 0.16654241140931844, 0.7047877371311188, 0.1346697145452102, 0.2727632408961654, 1.0497049432247878, 1.1905967704951763, 0.2814699251204729, 0.2775404419749975, 0.21097507750585912, 0.5621799506247044, 0.5031960751861334, 0.5669947221875191, 0.4993299402296543, 0.5701712936162948]
2025-12-20 14:27:18 - feda2 - INFO - loss data:
2025-12-20 14:27:18 - feda2 - INFO - [0.45012153405696154, 0.3298002317444318, 0.1794159023091197, 0.7503549511544406, 0.6225442320108414, 0.44884159155189995, 0.8046184850856661, 0.3242754502687603, 0.2749004926222066, 0.9440202676691115, 1.7094378620386124, 0.5151390569905441, 0.6755647681653499, 0.5689484603703022, 0.6925917118787766, 0.5008147186599672, 1.5067938327789308, 1.0448064506053925, 0.25800266619771717, 0.5165717922771971, 0.28551306858555314, 1.2297303844243288, 0.8810217467136681, 2.4397194733222327, 0.5932061712774965, 0.7726231142878532, 0.48048876132816076, 1.4048011327783267, 0.2169317424297333, 1.2231959614902734, 1.8542375763257344, 0.5470802856609225, 0.4295149382203817, 0.6692206597421319, 0.71099040415138, 0.5436406893966098, 0.1670867503155023, 2.275615607698758, 0.609263037610799, 0.42025747899379995, 0.9277499198913575, 1.0162255242466927, 0.46586101073771713, 0.7631087203510105, 2.2268807709217073, 0.6370496496558189, 0.5616811040788889, 0.7920141717419028, 0.4155126435526957, 1.0056810169946402, 0.21269996790215373, 1.4057668840978295, 1.4321922886651008, 0.19534026402980087, 0.6503208458837536, 0.4752820206806064, 0.589609916632374, 0.6911914621790249, 0.32533565517514945, 0.6462813528875511, 0.4636292863637209, 0.7068667233921587, 1.5988726019859314, 0.8501193299889565, 0.42413058718666435, 0.5577515803277493, 0.9438007030636072, 0.4172360537108034, 0.7928393545560539, 2.3573387314875918, 0.5518895172410541, 0.8102182572086651, 0.8930285181850195, 0.48122292819122475, 0.5921877996064723, 2.2911671116948127, 0.560778933018446, 0.23300049207690687, 0.29030418244656175, 0.2816455151885748, 1.0890991077758372, 1.2953587830066682, 0.4493422655388713, 0.8044872384207944, 1.0296499673044308, 1.6942785923369228, 0.4211061825561855, 0.96784737855196, 0.4631120837604006, 1.0723612101541624, 0.37691502505913377, 0.14275800394825638, 1.8924664523452521, 1.124265296012163, 0.5957730941474437, 0.20815779082477093, 1.855948242545128, 0.6774483860936016, 0.4491103595588356, 0.5658629927784204, 0.4495576436941822, 1.0454033054411411, 0.4135664884001017, 0.29631247324869037, 0.25391131779178977, 0.11534769446589052, 2.364125782251358, 0.4644078223966062, 1.4364835873246193, 0.39440961096746224, 1.04861939586699, 1.0339604705106467, 1.4631930594798177, 1.1120543802777925, 0.9503634127788245, 0.4806330198215114, 0.6772280664493641, 0.4844395164400339, 1.0071477472782135, 0.6256408157447975, 0.49140924140810965, 0.6194566361606121, 0.46530116150776546, 0.3920372802764177, 0.6181751709897071, 0.40261694723740216, 0.8896735460497439, 0.5830159896156855, 0.25011895946227014, 0.21609700945102506, 1.235455472022295, 0.7645238207653164, 0.3632303852587938, 0.21912749959155917, 0.5097549689623218, 1.0856789633631707, 0.7033038020133973, 0.6602028489112854, 0.7489351883530617, 0.5742619720598061, 0.6165746183445056, 0.8089401051402092, 0.49056576266884805, 0.6523339882493019, 0.5928477130830287, 0.5029177119334539, 0.7832097761332989, 0.5058803750822942, 0.46007609739899635, 0.23188616335391998, 0.46304345056414603, 1.5563562244176865, 0.5939471695572138, 0.7140775894746184, 0.306414744630456, 0.6998008612543345, 0.2841321561071608, 0.24346871685702354, 1.340027491748333, 0.36739936638623477, 1.0547482211142778, 1.0532193164341153, 0.4713164585745997, 0.608037742227316, 0.4822106506261561, 0.2853958740830421, 0.1596209744922817, 1.613111153865854, 1.0649886783212423, 1.6749121099710464, 0.252766679532619, 0.40220153946429493, 0.9221180751919746, 0.7054948426783085, 2.0783812403678894, 0.42911983989179137, 0.5288902012010416, 1.37128673940897, 0.9062910307198763, 0.22274548932909966, 0.9008518030866981, 0.32130194632336495, 0.26598720233887435, 0.4105537744238973, 0.38898229096084835, 0.5058675333236654, 0.21321900207549332, 0.4878796508535743, 1.262356773018837, 0.9109453458804637, 1.3186859637498856, 0.8947695732116699, 1.2594131516913574, 0.6556539662803214, 1.1788167420774698, 1.040714312903583, 1.0294125480111689, 0.6877938061952591, 0.38316355012357234, 1.251059353351593]
2025-12-22 06:11:21 - feda2 - INFO - loss data:
2025-12-22 06:11:21 - feda2 - INFO - [0.5229180414229632, 0.8147235304117203, 0.5181470283617576, 0.41012406038741267, 0.6315512402604023, 1.1754735015332698, 0.41846777436633903, 0.44627612084150314, 0.43966833837330344, 0.660241161643838, 1.2682367973495274, 0.19117037563895184, 0.1967126033268869, 1.1127233522827737, 2.602308551967144, 0.7229312991102537, 0.7193580631166696, 0.5245136304292828, 0.6057529743760824, 0.614402936771512, 0.7894982904195785, 0.4280941113829613, 0.7302142675034702, 0.7464873265475035, 0.4183443104227384, 0.42795797863509505, 0.7138540841639042, 0.3867486664094031, 0.5529526606202125, 0.5023356761783362, 0.6538100004196167, 0.8848863132297993, 0.6368393773833911, 0.782522227615118, 0.60789231704548, 0.19989911114098505, 1.1002660989761353, 0.7680606245994568, 0.4578360076993704, 0.7708823308348656, 0.3477078003808856, 0.12206532912096009, 1.5700491867959498, 0.6434135884046555, 0.4475780863314867, 0.29855507152775923, 0.5506525202188641, 0.44378153914585705, 0.444510031491518, 0.3211708246264607, 0.37356904201830426, 0.57038689032197, 0.5568177849054337, 0.5133938149859508, 0.4192648323563238, 0.5530182331800461, 0.38370530726388097, 0.4080317708663642, 0.43753191217159226, 0.31922203553840517, 0.21641157171688974, 1.9541841074824333, 0.3293864096514881, 0.37701628468930726, 0.7371807962656021, 0.4387011002749205, 0.3647799348458648, 0.3872548709856346, 0.5586447026580572, 0.33693424840457736, 0.4675374992191792, 0.5994607642292976, 0.4569204725325107, 0.3589709082618356, 0.3934103685120741, 0.42629704177379607, 0.19161634859628976, 0.5365487510338426, 0.4394187800741444, 0.5075644239783287, 0.31628631306812166, 0.20850423666027684, 0.4764433436406155, 0.8748636777047067, 1.208296510973014, 0.2873126636259258, 0.22750699492171406, 0.8883652576167756, 0.9506790064508095, 0.5810717476066203, 0.6067393198609352, 0.30055819721892474, 0.28792555620893834, 0.14559636400081216, 0.27222796124406157, 0.6879922360181809, 0.5010828256607056, 0.27498854883015156, 0.24978056522086262, 1.0535636380314828, 0.4615585307280222, 0.4636501260101795, 0.4338778347397844, 0.620638694614172, 0.5177504414071639, 0.6076006662100554, 0.4352175176143646, 0.4182192264124751, 0.491437716782093, 1.063801135867834, 0.4094869028776884, 0.12367618908174335, 0.9345075674820691, 0.4064017277210951, 0.46196480710059407, 0.6789645636454225, 0.38628447875380517, 0.5405263572931289, 0.44369903132319455, 0.48119436390697956, 0.391229837667197, 0.47107186280190944, 0.4900954306125641, 0.5164588194340467, 0.3630259083583951, 0.17818555510602893, 0.982606864720583, 0.5943804934620858, 0.5114043183624745, 0.5997635064646601, 0.4570145768423875, 0.7589448604267091, 0.5203401334583759, 0.9444643646478653, 0.5058884831766287, 0.40143962763249874, 0.4002658177167177, 0.9335850806285938, 0.5144250623881816, 0.5005788113921881, 0.4324616758773724, 0.5276616632938385, 0.5142911672592163, 0.37568697854876515, 0.47352736685425045, 0.40964140496216717, 0.6915439084172249, 0.482228672504425, 0.7065082877874375, 0.40494804326444866, 0.2576887465082109, 0.6630522880703211, 0.36793134808540345, 0.35638785231858494, 0.4865620359778404, 0.540435600404938, 0.6913815312087536, 0.39989858530461786, 0.47556124068796635, 0.44746405780315396, 0.38668768052011726, 0.4696730557829142, 0.4870240924259027, 0.5887555318574111, 0.32434261354307337, 0.8247450180351734, 0.3603125063702464, 0.5568207105000813, 0.7348580256104469, 0.3181477051228285, 0.31746107153594494, 0.6339367263019084, 0.6893251277506351, 0.5351361244916916, 0.7582867458462715, 0.5111725900322199, 0.8345359295606614, 0.5069897178560496, 0.4881872531026602, 0.7288056728740533, 0.4882616709917784, 0.41713557094335557, 0.5288567245006561, 0.3743435415128867, 0.6982035726308822, 0.5581905346363782, 0.5552940890192986, 0.5064711974933743, 0.5175652030855418, 0.4019005099311471, 0.7743700901667276, 0.537491665656368, 0.6183345802128315, 0.5520162418484688, 0.7164867073297501, 0.5365089749296506, 0.5331038661301136, 0.5024295501410961, 0.6079121043284734, 0.6516517579555512]
2025-12-22 06:58:40 - feda2 - INFO - loss data:
2025-12-22 06:58:40 - feda2 - INFO - [0.45142304329201577, 0.5803337402641773, 0.4599093034863472, 0.3208583402214572, 0.3657237768276698, 0.23166757706785576, 0.3512288292287849, 0.22669817309915308, 0.544942663051188, 0.5183450940996408, 0.5809132665395736, 0.49730791561305526, 0.44508882239460945, 0.41091278137173504, 0.4029695435826267, 0.14892747886478902, 0.7504876375198364, 0.2681358971633017, 0.6465039178729057, 0.4477530557662248, 0.3674223095178604, 0.10444224276321215, 0.7147333182394504, 0.3878270903602243, 0.8650984775274992, 0.5763122394680977, 0.4477672899141908, 0.0683285404345952, 0.6266623593866825, 0.3780269488692284, 0.27691883644503024, 0.6420954808592796, 0.4246384933590889, 0.4266208667928974, 0.6561760894954205, 0.3052278467997288, 1.3462750415007272, 0.38220589363740554, 0.37684586122632024, 0.5304305426776409, 0.40624320388305935, 0.6186248913407326, 0.32090471922419966, 0.4933651503175497, 0.26668424868867513, 0.13322282772278413, 1.189631149172783, 0.5104373410344124, 0.282119997114771, 0.3639561756151832, 0.08507483263189594, 0.025028768428213274, 0.7004011385142803, 0.5058215819299221, 0.3945623374411038, 0.1930018615276952, 0.846236615255475, 0.6700258292257786, 0.5779264774173498, 0.43630157923325896, 0.3807333810022101, 0.2964263534173369, 0.20641587558202446, 0.577618318842724, 0.4057659783001457, 0.17333102834721406, 0.18319798061108616, 0.1702249950845726, 0.7267879530787468, 0.5167626485228538, 0.30153866762088405, 0.16737916947652898, 0.4177365627671991, 0.3062430833932012, 0.34528745109481473, 0.2297565157408826, 0.029170494177378714, 0.6846394375243108, 0.600289111584425, 0.3157867286121473, 0.30169918922973527, 0.15425685576129972, 0.19261332840089584, 0.22144196188698212, 0.4730360244400799, 0.5666957587003708, 0.2865608325745497, 0.6857001170516014, 0.3280919374315999, 0.4733103478120433, 0.3322895375339108, 0.48575255312025545, 0.4272753745317459, 0.39576718881726264, 0.2648131682537496, 0.34728660963010044, 0.325397799233906, 0.15985186961479486, 0.35621346206818194, 0.39292458780109885, 0.2456464838857452, 0.5347477182745933, 0.20079166220966727, 0.3864091657102108, 0.38689763471484184, 0.18977032965492635, 0.5680447347462177, 0.4331232961267233, 0.13803783250558707, 0.6851474106311798, 0.3051985054742545, 0.3876087447628379, 0.15523125110194086, 0.46691652908921244, 0.2514774086471233, 0.6883105909451842, 0.3761672933718988, 0.22463034577667712, 0.2667321227490902, 0.3676113527268171, 0.3065446146763861, 0.34987445585429666, 0.44530979469418525, 0.33267349414527414, 0.33779323007911444, 0.35542840441533674, 0.5001043662428856, 0.37283028904348614, 0.46798104494810105, 0.3626295580040841, 0.4793107211589813, 0.39482446131296456, 0.37160737686790524, 0.47979360185563563, 0.39851052705198525, 0.40582072213292125, 0.23602910091479617, 0.7067814130336046, 0.3191645668198665, 0.4482198548104082, 0.3127539206917087, 0.5930037584155798, 0.414834887906909, 0.3053016009740531, 0.305033258938541, 0.39452024456113577, 0.43059012563899157, 0.22050285379269294, 0.3315643622746898, 0.7414217762649059, 0.33538902178406715, 0.4401022685425622, 0.3408104531466961, 0.24027506727725267, 0.3465173168107867, 0.4029404541477561, 0.3914063148614433, 0.4973456421867013, 0.14605537105558647, 0.36169528383761645, 0.8160879197530448, 0.3340986529365182, 0.2714790838770568, 0.3129430441185832, 0.23713387493044139, 0.26144050937145946, 0.8298252839595079, 0.3289391467347741, 0.2654572974476549, 0.6847510162740946, 0.1664854746311903, 0.18118613470523132, 0.4700400477275252, 0.5587273858487607, 0.4836216889321804, 0.24752339614289148, 0.4334474025294185, 0.18476707004010678, 0.11483547118388944, 0.7655082609918382, 0.4130178224295378, 0.6868623559363186, 0.3774738136678934, 0.12879521427676083, 0.5251660894602537, 0.17420266645531807, 0.16309637296944857, 0.664787869900465, 0.11776773154528605, 0.2399390741251409, 0.9876742530614138, 1.0619461458176374, 0.2685371609404683, 0.2598521077074111, 0.1863236240451298, 0.5290209654718637, 0.48337611854076384, 0.490795935690403, 0.45733408425003286, 0.5497485674917698]
2025-12-22 07:38:11 - feda2 - INFO - loss data:
2025-12-22 07:38:11 - feda2 - INFO - [0.46236921148374677, 0.31582917530710497, 0.18691480380948633, 0.7148814258631319, 0.5627052283845843, 0.4467643436044455, 0.7713967053219676, 0.31361002738121896, 0.29466089697347747, 0.9068212672136724, 1.5945926904678345, 0.5265913655360539, 0.6308488719165325, 0.5561317779123782, 0.6702204555273056, 0.42912582829594614, 1.422135555744171, 0.9034590497612953, 0.27361687533557416, 0.5249692028698821, 0.25795324786773155, 1.388547164388001, 0.8658085389994085, 1.8828309054176013, 0.5482916850182745, 0.7944807767868042, 0.4146629637107253, 1.509982628126939, 0.1962320374324918, 1.187106447480619, 1.74807362506787, 0.5319021875038743, 0.40327487057074907, 0.6885412286501378, 0.45452469382435084, 0.4210294605853657, 0.145630238391459, 2.220251825451851, 0.5178245238028467, 0.3513980479290088, 0.8850927293300629, 1.035339616239071, 0.39932002360001206, 0.8101411062292755, 1.840352712571621, 0.4806346997618675, 0.46629998870193956, 0.9532834614627064, 0.33400367775466294, 0.7457040946930646, 0.1727863911073655, 1.0652307043317706, 1.1327620163327083, 0.16721175080165268, 0.5065911759725875, 0.341139187105, 0.3551589981652796, 0.47615908334652585, 0.19781787995016203, 0.5104036573320627, 0.3703286460600793, 0.8172806280665099, 1.2658506333827972, 0.548562029749155, 0.34079980561509726, 0.47664044294506314, 0.7555289655923844, 0.35938102300278846, 0.7046083277557045, 1.7588199178377786, 0.4350199649731318, 0.6383699793368578, 0.7294263993389904, 0.4782442182380085, 0.6430137143121101, 2.575365625321865, 0.5284099210053682, 0.21717870664627603, 0.2524023278383538, 0.24487849380820992, 0.961199994198978, 0.8836400434374809, 0.45482884980738164, 0.8326746173125381, 1.0731923429179004, 1.7754108768887817, 0.3863227970691191, 0.8042200073599814, 0.41021590748180947, 1.089609009317226, 0.3328161045908928, 0.1278274531941861, 1.8253453588113189, 0.9765518561005593, 0.5207993946969509, 0.18953099531354384, 1.750384033843875, 0.5396497006295249, 0.3843407505424693, 0.4548336435109377, 0.3522342181143661, 0.9967507585883141, 0.3392566295340657, 0.2500065837521106, 0.20622746679000556, 0.09831476828549057, 2.25721587340037, 0.3278127434663475, 1.3616757795214653, 0.31932819999443984, 0.9739665372297168, 1.0343529877718538, 1.3430518028326333, 0.8040500978628795, 0.7992716863751411, 0.40579171325597496, 0.5702851690972845, 0.4321821453049779, 0.7318213548511266, 0.6029260202000538, 0.38898691087961196, 0.5318136177957058, 0.41437722506622476, 0.3137965105008334, 0.48623211157973856, 0.34468991607427596, 0.8387395395431667, 0.6757792105070419, 0.30384880176279694, 0.22423043827422792, 1.0687930273513, 0.5176231849007309, 0.33954392895102503, 0.19401836208999157, 0.4043144180905074, 0.9758302137255669, 0.6020568303763867, 0.6127128131687641, 0.6312389865517616, 0.4560003777345022, 0.6036564572196867, 0.9527463763952255, 0.42045089863240714, 0.6182104960083962, 0.53664595708251, 0.4239421726928817, 0.7318911202251911, 0.4390909094363451, 0.39159509018063543, 0.2010930635035038, 0.3414514373987913, 1.485042256116867, 0.5154576083645225, 0.6704478597268462, 0.2988363681361079, 0.6489562446872393, 0.21509834653180507, 0.21214515844185372, 1.334609542042017, 0.27954635405913, 1.042221988365054, 0.9359046597499401, 0.38064154289766317, 0.5146572316065431, 0.42752006753451294, 0.2438175566494465, 0.14673677878454328, 1.565460088973244, 0.9524916127324105, 1.7350665777921677, 0.2337949870982104, 0.31987194120883944, 0.9243864375166595, 0.6491656102240085, 2.0474333465099335, 0.3624314842435221, 0.44225603383448386, 1.2804549276828765, 0.8356339900754391, 0.1918182348832488, 0.8994999878108502, 0.342762672714889, 0.1625501216156408, 0.3388810846954584, 0.30615810342133043, 0.4354133599127332, 0.18625326734036207, 0.45192615007981657, 1.243274100124836, 0.8771111108362675, 1.1834382265806198, 0.7072162136435509, 1.2035294712210696, 0.6174075752496719, 1.1167390383780003, 1.0036159174516797, 0.9176720424788073, 0.5912512838840485, 0.3184858171269298, 1.1068971827626228]
