2025-11-05 14:12:36 - feda2 - INFO - loss data:
2025-11-05 14:12:36 - feda2 - INFO - [10.808131712675095, 1.0481057226657868, 0.2757704984396696, 0.2220055773854256, 0.20073319561779498, 0.1749582936987281, 0.177795765735209, 0.17398178726434707, 0.17133830226957797, 0.16439151000231506, 0.16242612041532994, 0.17431596126407384, 0.1613301845267415, 0.16197993401438, 0.16225956119596957, 0.1484821492806077, 0.14888347648084166, 0.15007358696311712, 0.14828308224678038, 0.1448149448260665, 0.14332649391144514, 0.13312259111553432, 0.1526592642068863, 0.1472553262487054, 0.15129630006849765, 0.15070629119873047, 0.14239744171500207, 0.14072653483599423, 0.14128797724843023, 0.13255904540419577, 0.14262367067858578, 0.1342921381816268, 0.1410726483911276, 0.13044762909412383, 0.13535134233534335, 0.13447947651147843, 0.15070178247988225, 0.13576324321329591, 0.1327731875702739, 0.13489013742655515, 0.1507868120446801, 0.13137376764789221, 0.1415419591590762, 0.12906794752925635, 0.13925895774737002, 0.13791619297116994, 0.12529074177145957, 0.1352837761864066, 0.13664757665246724, 0.12973489649593828, 0.1296528769657016, 0.13263448160141705, 0.13069208785891534, 0.11706646997481585, 0.12487316057085991, 0.1190467095002532, 0.13480366077274086, 0.11799814067780973, 0.1284751519560814, 0.12834271993488072, 0.13277580104768277, 0.13585334047675132, 0.12490513511002063, 0.12418598886579275, 0.1375492887571454, 0.12021238543093204, 0.12760564805939795, 0.12167510651051999, 0.13121460955590009, 0.12282274551689625, 0.1266499270685017, 0.1281556924805045, 0.12384143639355898, 0.13170134853571652, 0.12289185784757137, 0.118508542701602, 0.11589749353006482, 0.12356557734310626, 0.12990615153685212, 0.11865648906677961, 0.12388264248147607, 0.11945647215470673, 0.12027099533006548, 0.11432005474343895, 0.12495277039706706, 0.11744853015989065, 0.13384882286190986, 0.12656823694705963, 0.12061029635369777, 0.12352356109768152, 0.1259225983172655, 0.11751393852755426, 0.12467737775295973, 0.10135569423437119, 0.12436206806451082, 0.11775884469971061, 0.11270501008257269, 0.10953208701685072, 0.11730226892977953, 0.10824277028441429, 0.12009257618337871, 0.11479238532483578, 0.11073819966986775, 0.11318855630233884, 0.12316850572824478, 0.10878756893798708, 0.1042897503823042, 0.11324215335771441, 0.11391200758516788, 0.11664668349549173, 0.1208283005282283, 0.12025320418179036, 0.11342967469245196, 0.11499006943777204, 0.11546105146408081, 0.11783617371693253, 0.11509372368454933, 0.1175926654599607, 0.1181008318439126, 0.10939545333385467, 0.11493669785559177, 0.11747818179428578, 0.12326556043699384, 0.10507873836904763, 0.1138419907540083, 0.10745081910863519, 0.10610690293833613, 0.10560455685481429, 0.10869340263307095, 0.1062964430078864, 0.1046098990365863, 0.11386311640962958, 0.10552370753139256, 0.11072559114545584, 0.11081016771495342, 0.11471488205716013, 0.11042631268501282, 0.11192774325609206, 0.11001853849738835, 0.10240066675469278, 0.10231722351163626, 0.11148962229490281, 0.10642730891704559, 0.1243444189429283, 0.1055753270164132, 0.11994995009154082, 0.11480290414765477, 0.10458637839183212, 0.12120265290141105, 0.10106693925336004, 0.11138508934527636, 0.1001832414418459, 0.10476846452802419, 0.10749553358182311, 0.09820453673601151, 0.10644968980923294, 0.1117627122439444, 0.1050274720415473, 0.10792780965566634, 0.10570662841200829, 0.09723917702212931, 0.1105956939049065, 0.11194433532655239, 0.10722050415351986, 0.11183713609352708, 0.11136321378871798, 0.10994145590811968, 0.09548530150204898, 0.11124658286571502, 0.11587771223857998, 0.12161763710901141, 0.1015715223737061, 0.1082923972979188, 0.09845952745527028, 0.10344571257010102, 0.10284910937771202, 0.10831914115697144, 0.11615370586514473, 0.1024017095565796, 0.10792303830385208, 0.11073892554268241, 0.11141482247039676, 0.10385106448084117, 0.09669231614097953, 0.10912240510806442, 0.11212387401610613, 0.10506462007761001, 0.10895143738016486, 0.11322388267144562, 0.10671468609943986, 0.10441430574283003, 0.1169260175898671, 0.11071558836847543, 0.11418803213164211, 0.1100793863646686, 0.11218712115660309, 0.10685197152197361, 0.11245763031765818, 0.11783397439867258, 0.11707572415471076]
2025-11-07 19:42:21 - feda2 - INFO - loss data:
2025-11-07 19:42:21 - feda2 - INFO - [10.808131712675095, 1.0480815909802912, 0.2757860742509365, 0.22198579777032137, 0.2007779363542795, 0.17491486966609954, 0.17786131259053944, 0.17395599130541084, 0.1713552871719003, 0.164429241232574, 0.16244106609374284, 0.17422878462821245, 0.16140727512538433, 0.16202518995851278, 0.16233535818755626, 0.14851537961512803, 0.14889861587435005, 0.15004425663501025, 0.14829180361703037, 0.14482797980308532, 0.14341564401984214, 0.13315288964658975, 0.15265652853995562, 0.14727283120155335, 0.15137084294110537, 0.15067756306380034, 0.1424265908077359, 0.1407035021111369, 0.14138459432870149, 0.13255610764026643, 0.142659901548177, 0.13423802573233842, 0.14111741371452807, 0.13036225680261848, 0.135439476929605, 0.13459083233028651, 0.15084336493164302, 0.13562125712633133, 0.13292326759546996, 0.1349810054525733, 0.1508964993059635, 0.13141192784532904, 0.14185173902660608, 0.1289905548095703, 0.1393323501572013, 0.13784150034189224, 0.12533525126054884, 0.13536573182791473, 0.13692177310585976, 0.1296885458752513, 0.12988212816417216, 0.13255498129874468, 0.13095791451632977, 0.1170230709016323, 0.1251564469188452, 0.11898069009184836, 0.13512975573539732, 0.1180772409774363, 0.12879625130444766, 0.12808758970350026, 0.1330113047733903, 0.13578513469547032, 0.12520130202174187, 0.12407527770847082, 0.13790430556982758, 0.12024817513301969, 0.1280544765293598, 0.12168006151914595, 0.13145898692309854, 0.12277294285595418, 0.12706365250051022, 0.12793416939675809, 0.12423360738903284, 0.13175868336111307, 0.12345755957067013, 0.11807170417159796, 0.11635911585763097, 0.12347089555114507, 0.13050350230187177, 0.11789215756580233, 0.12421891670674086, 0.119512555655092, 0.12089739721268417, 0.11402982054278255, 0.1256905235350132, 0.11668370366096496, 0.13435582760721446, 0.12656814083456994, 0.12066916245967149, 0.12362961247563362, 0.12611785307526588, 0.11765474546700716, 0.12552990643307566, 0.10024349987506867, 0.12443322818726302, 0.11757616922259331, 0.11279912674799561, 0.1092683563940227, 0.11720286374911666, 0.10798272741958499, 0.12069180365651846, 0.11464668912813067, 0.11106118159368635, 0.11314560184255243, 0.1236971036531031, 0.10826847376301885, 0.105124472361058, 0.11314636860042811, 0.11497382819652557, 0.11608594488352536, 0.12121059689670802, 0.11972264712676406, 0.11350544933229684, 0.11463889479637146, 0.1162977677769959, 0.11715872054919602, 0.11574354246258736, 0.11686077723279595, 0.11929099410772323, 0.1091904344037175, 0.11618380136787892, 0.1167024739086628, 0.12349133454263211, 0.10459029711782933, 0.11406645150855182, 0.10647773994132875, 0.10616810619831085, 0.10510997539386153, 0.10819197613745929, 0.10579907922074198, 0.10427989028394222, 0.11305082654580473, 0.1059123244136572, 0.11003599995747208, 0.11112485956400633, 0.11398753020912408, 0.10991463884711265, 0.11010808870196342, 0.11026551369577647, 0.1004007862880826, 0.10226484471932054, 0.11069955490529537, 0.10521381786093116, 0.12207163907587529, 0.10601850217208267, 0.11901894882321357, 0.11470888778567315, 0.1033602248877287, 0.12067481596022844, 0.09874327164143323, 0.11136089097708463, 0.09856348652392627, 0.1028227360919118, 0.10472047831863165, 0.09511667853221298, 0.10555375032126904, 0.10953180948272347, 0.10326912347227335, 0.10671917274594307, 0.10301174763590099, 0.09321985058486462, 0.10675723096355796, 0.11086127497255802, 0.10525706252083183, 0.11048199022188783, 0.1093157715164125, 0.1078369801864028, 0.09052835088223218, 0.10877348510548474, 0.1121045533567667, 0.11901060752570629, 0.09734912384301424, 0.10684942724183202, 0.09379141479730606, 0.10106751527637244, 0.09979124618694185, 0.10446712048724294, 0.11428576400503515, 0.09876814018934965, 0.10440216744318605, 0.1068437627516687, 0.1060332809574902, 0.09941197531297803, 0.09400310786440969, 0.10547590758651496, 0.1077548642642796, 0.10050872806459665, 0.10400928547605873, 0.10911097042262555, 0.10058889966458082, 0.09954789439216256, 0.11215275470167399, 0.10479967780411244, 0.10831529516726732, 0.10236204536631703, 0.10376809583976865, 0.10002794172614812, 0.1070796150714159, 0.11241447739303112, 0.10980660626664757, 0.1063586689531803, 0.10772580653429031, 0.10213102102279663, 0.09146534483879805, 0.10309852352365852, 0.09212978044524789, 0.09457726841792465, 0.10439415154978633, 0.09980209721252323, 0.09953961158171296, 0.10531798237934709, 0.09876238014549016, 0.11301979348063469, 0.10034883236512541, 0.10055636558681727, 0.09892942663282156, 0.09657081067562104, 0.10622441796585919, 0.09213315760716795, 0.10084651298820972, 0.10608555553480983, 0.1062145738862455, 0.10321277836337686, 0.10144889038056135, 0.10860697422176599, 0.09515088265761734, 0.0899031875655055, 0.09178839866071939, 0.1085987656377256, 0.09531845431774855, 0.09174169832840562, 0.10206094505265356, 0.1049084708094597, 0.09312630761414767, 0.09180769128724933, 0.09553949944674969, 0.09290786515921354, 0.09479870311915875, 0.09816238461062313, 0.09215871887281538, 0.10184443518519401, 0.09610211327672005, 0.09934686319902539, 0.09844597559422255, 0.09388130931183696, 0.0926340727135539, 0.10556655898690223, 0.09829738913103939, 0.1029733031988144, 0.10480971075594425, 0.09399999948218465, 0.0919248660095036, 0.10084976935759188, 0.08706151936203241, 0.08965143458917738, 0.10245017651468516, 0.09407961694523692, 0.09024855075404048, 0.09517609542235732, 0.09462137352675198, 0.10286465268582107, 0.0875681466422975, 0.10542806359007954, 0.09927838249132037, 0.09686946775764227, 0.10932669043540955, 0.09322738442569971, 0.09825886571779847, 0.10223835352808237, 0.09869856499135495, 0.1023285599425435, 0.0973045950755477, 0.0987678631208837, 0.09684513295069336, 0.08942636707797647, 0.09120348831638694, 0.0949333325959742, 0.08573889723047615, 0.09087471282109619, 0.09586824914440513, 0.09502874566242099, 0.09630507649853826, 0.1000658193603158, 0.09256238015368581, 0.1032918943092227, 0.10040006451308728, 0.09359520487487316, 0.09212465807795525, 0.10329451877623796, 0.1036241004243493, 0.10021629109978675, 0.09866768037900328, 0.09266175189986825, 0.09249196639284492, 0.09359198566526175, 0.09023625394329429, 0.0900346647016704, 0.09249629257246852, 0.10087908515706659, 0.09715980794280768]
2025-11-08 08:06:47 - feda2 - INFO - loss data:
2025-11-08 08:06:47 - feda2 - INFO - [10.808131712675095, 1.0481057226657868, 0.2757704984396696, 0.2220055773854256, 0.20073319561779498, 0.1749582936987281, 0.177795765735209, 0.17398178726434707, 0.17133830226957797, 0.16439151000231506, 0.16242612041532994, 0.17431596126407384, 0.1613301845267415, 0.16197993401438, 0.16225956119596957, 0.1484821492806077, 0.14888347648084166, 0.15007358696311712, 0.14828308224678038, 0.1448149448260665, 0.14332649391144514, 0.13312259111553432, 0.1526592642068863, 0.1472553262487054, 0.15129630006849765, 0.15070629119873047, 0.14239744171500207, 0.14072653483599423, 0.14128797724843023, 0.13255904540419577, 0.14262367067858578, 0.1342921381816268, 0.1410726483911276, 0.13044762909412383, 0.13535134233534335, 0.13447947651147843, 0.15070178247988225, 0.13576324321329591, 0.1327731875702739, 0.13489013742655515, 0.1507868120446801, 0.13137376764789221, 0.1415419591590762, 0.12906794752925635, 0.13925895774737002, 0.13791619297116994, 0.12529074177145957, 0.1352837761864066, 0.13664757665246724, 0.12973489649593828, 0.1296528769657016, 0.13263448160141705, 0.13069208785891534, 0.11706646997481585, 0.12487316057085991, 0.1190467095002532, 0.13480366077274086, 0.11799814067780973, 0.1284751519560814, 0.12834271993488072, 0.13277580104768277, 0.13585334047675132, 0.12490513511002063, 0.12418598886579275, 0.1375492887571454, 0.12021238543093204, 0.12760564805939795, 0.12167510651051999, 0.13121460955590009, 0.12282274551689625, 0.1266499270685017, 0.1281556924805045, 0.12384143639355898, 0.13170134853571652, 0.12289185784757137, 0.118508542701602, 0.11589749353006482, 0.12356557734310626, 0.12990615153685212, 0.11865648906677961, 0.12388264248147607, 0.11945647215470673, 0.12027099533006548, 0.11432005474343895, 0.12495277039706706, 0.11744853015989065, 0.13384882286190986, 0.12656823694705963, 0.12061029635369777, 0.12352356109768152, 0.1259225983172655, 0.11751393852755426, 0.12467737775295973, 0.10135569423437119, 0.12436206806451082, 0.11775884469971061, 0.11270501008257269, 0.10953208701685072, 0.11730226892977953, 0.10824277028441429, 0.12009257618337871, 0.11479238532483578, 0.11073819966986775, 0.11318855630233884, 0.12316850572824478, 0.10878756893798708, 0.1042897503823042, 0.11324215335771441, 0.11391200758516788, 0.11664668349549173, 0.1208283005282283, 0.12025320418179036, 0.11342967469245196, 0.11499006943777204, 0.11546105146408081, 0.11783617371693253, 0.11509372368454933, 0.1175926654599607, 0.1181008318439126, 0.10939545333385467, 0.11493669785559177, 0.11747818179428578, 0.12326556043699384, 0.10507873836904763, 0.1138419907540083, 0.10745081910863519, 0.10610690293833613, 0.10560455685481429, 0.10869340263307095, 0.1062964430078864, 0.1046098990365863, 0.11386311640962958, 0.10552370753139256, 0.11072559114545584, 0.11081016771495342, 0.11471488205716013, 0.11042631268501282, 0.11192774325609206, 0.11001853849738835, 0.10240066675469278, 0.10231722351163626, 0.11148962229490281, 0.10642730891704559, 0.1243444189429283, 0.1055753270164132, 0.11994995009154082, 0.11480290414765477, 0.10458637839183212, 0.12120265290141105, 0.10106693925336004, 0.11138508934527636, 0.1001832414418459, 0.10476846452802419, 0.10749553358182311, 0.09820453673601151, 0.10644968980923294, 0.1117627122439444, 0.1050274720415473, 0.10792780965566634, 0.10570662841200829, 0.09723917702212931, 0.1105956939049065, 0.11194433532655239, 0.10722050415351986, 0.11183713609352708, 0.11136321378871798, 0.10994145590811968, 0.09548530150204898, 0.11124658286571502, 0.11587771223857998, 0.12161763710901141, 0.1015715223737061, 0.1082923972979188, 0.09845952745527028, 0.10344571257010102, 0.10284910937771202, 0.10831914115697144, 0.11615370586514473, 0.1024017095565796, 0.10792303830385208, 0.11073892554268241, 0.11141482247039676, 0.10385106448084117, 0.09669231614097953, 0.10912240510806442, 0.11212387401610613, 0.10506462007761001, 0.10895143738016486, 0.11322388267144562, 0.10671468609943986, 0.10441430574283003, 0.1169260175898671, 0.11071558836847543, 0.11418803213164211, 0.1100793863646686, 0.11218712115660309, 0.10685197152197361, 0.11245763031765818, 0.11783397439867258, 0.11707572415471076]
2025-11-11 12:09:19 - feda2 - INFO - loss data:
2025-11-11 12:09:19 - feda2 - INFO - [10.560765516757964, 1.008835957199335, 0.33150157555937765, 0.2323985494673252, 0.21045068688690663, 0.18254755474627016, 0.18152298424392938, 0.17438245099037886, 0.1829492872580886, 0.16796092689037323, 0.16158564500510691, 0.14497534409165383, 0.1722209446132183, 0.15465576220303773, 0.1551017452031374, 0.14194778446108103, 0.14749061297625304, 0.15241031870245933, 0.15103517584502696, 0.1453272147104144, 0.13984222207218408, 0.1440307205542922, 0.14241749756038188, 0.14011663496494292, 0.14392453618347645, 0.14501755069941283, 0.13965672943741084, 0.15271238349378108, 0.14168291091918944, 0.1405276471748948, 0.13759888559579847, 0.13440071530640124, 0.14171526320278643, 0.1423495303839445, 0.1350256010890007, 0.12826347704976798, 0.14249603375792502, 0.12647788990288972, 0.13859022697433832, 0.1316867389716208, 0.13425896540284157, 0.12804953027516602, 0.1441373273730278, 0.13317780941724777, 0.12972094863653183, 0.12905273120850325, 0.12952430117875335, 0.13383562285453082, 0.12367053162306547, 0.12617261037230493, 0.1281785860657692, 0.1199323101900518, 0.13324557431042194, 0.12837715744972228, 0.1312658352777362, 0.1253056057728827, 0.12425790596753358, 0.11864434015005827, 0.12021276950836182, 0.11741814315319062, 0.1203218623995781, 0.1212264748290181, 0.11790372962132095, 0.12562700323760512, 0.13359049502760173, 0.12298470307141543, 0.13391198255121706, 0.11294363867491483, 0.11726125944405794, 0.12700600661337375, 0.1200401397421956, 0.11578956516459585, 0.11548968702554702, 0.12107878355309368, 0.12234890693798661, 0.11666735569015145, 0.12060834765434265, 0.11044169794768094, 0.11949312966316938, 0.1121039280667901, 0.11745553221553565, 0.10828105174005032, 0.11194002730771899, 0.11775382552295924, 0.11911313896998763, 0.11005688179284334, 0.11559347715228796, 0.11087604276835919, 0.11574937272816896, 0.11033016070723534, 0.11202597636729479, 0.10691942963749171, 0.11263787578791379, 0.10749268932268023, 0.11204421548172831, 0.11049338802695274, 0.10835833987221122, 0.1108324402011931, 0.10725493505597114, 0.10277707846835256, 0.11157919745892286, 0.1077407656237483, 0.10950377192348242, 0.10192663175985217, 0.11418394129723311, 0.11772778779268264, 0.1033408629707992, 0.09584296168759465, 0.10773971797898413, 0.09898113133385777, 0.10371236708015204, 0.11062412047758699, 0.10134955449029803, 0.10149734728038311, 0.10666900221258402, 0.11394304223358631, 0.12206362355500461, 0.10399801889434457, 0.10043126987293363, 0.10571340387687087, 0.10558819603174924, 0.09919786183163523, 0.10056017953902482, 0.10707050180062652, 0.0996995904482901, 0.10420760102570056, 0.10748804248869419, 0.09874403867870568, 0.10324888471513986, 0.10788003010675312, 0.10199617892503739, 0.1032530514523387, 0.1025720545090735, 0.09336688918992878, 0.0943618762306869, 0.1051220496185124, 0.10591614451259375, 0.09036752078682184, 0.09413949046283959, 0.10044871680438519, 0.0966933097690344, 0.09638497540727259, 0.09700451726093888, 0.10135509092360734, 0.10755163608118892, 0.0929232556372881, 0.10254229865968227, 0.09376728888601066, 0.09108214462175965, 0.09686839645728469, 0.08883724631741644, 0.107183276116848, 0.09847805202007294, 0.09780151266604661, 0.08894712161272764, 0.08361110156401992, 0.09482149733230472, 0.10107340924441816, 0.08960359133780002, 0.10057257348671556, 0.09867270877584815, 0.09285785397514701, 0.09397191628813743, 0.0961472642607987, 0.09962943028658627, 0.09856579145416616, 0.09403595328330994, 0.09122956898063422, 0.0939358964562416, 0.09271468538790942, 0.09518941948190332, 0.09065232994034886, 0.09477401170879603, 0.08792174682021141, 0.09268568325787782, 0.09829789269715547, 0.09017078736796974, 0.09244167385622859, 0.09781626174226403, 0.0839234276674688, 0.10317942630499602, 0.10329426871612668, 0.08495670119300484, 0.09583909455686807, 0.09648940656334162, 0.10097658587619662, 0.09267227235250175, 0.09653870817273855, 0.09517814638093114, 0.08536768890917301, 0.09482379173859953, 0.09308948498219252, 0.09042826732620597, 0.0913777269423008, 0.0905365095473826, 0.08896691203117371, 0.09144579581916332, 0.08884532433003187, 0.09607849512249231, 0.09185071447864175]
2025-11-11 19:30:58 - feda2 - INFO - loss data:
2025-11-11 19:30:58 - feda2 - INFO - [9.831594663858414, 1.166832485795021, 0.28960888385772704, 0.20545667447149754, 0.20383787527680397, 0.1811578193679452, 0.184534864872694, 0.172593211568892, 0.16873924080282449, 0.17491583339869976, 0.1688270140439272, 0.15922994893044234, 0.1644959155470133, 0.16414759326726197, 0.15978664215654134, 0.15912375357002018, 0.1506856270134449, 0.14412865694612265, 0.15032077524811027, 0.15143172666430474, 0.139556629024446, 0.1404438778758049, 0.13969581220299004, 0.14845143519341947, 0.14778867177665234, 0.14046898055821658, 0.14503562599420547, 0.13239641357213258, 0.1416998437605798, 0.1419056670740247, 0.13588296566158534, 0.13781962050125002, 0.1462686402723193, 0.13729161601513623, 0.1247335223481059, 0.1370301011018455, 0.14848416727036237, 0.13785540387034417, 0.12790239714086055, 0.12799607925117015, 0.12842283118516207, 0.1360225511714816, 0.13174508400261403, 0.12518704999238253, 0.13724343236535788, 0.12138123940676451, 0.12557345107197762, 0.13382932990789415, 0.12826754339039326, 0.12195197260007262, 0.11990550747141242, 0.12698068879544736, 0.13552636858075856, 0.13476764727383853, 0.13562279101461172, 0.11741657871752978, 0.12738498710095883, 0.12252387842163444, 0.12173402039334179, 0.12611825708299873, 0.12834292687475682, 0.12607273934409022, 0.12250795504078268, 0.12437033606693149, 0.12591907726600765, 0.12001267122104764, 0.11800670279189944, 0.11625312706455589, 0.11045086374506355, 0.1168245581910014, 0.12380000893026591, 0.11905515398830174, 0.11843056241050362, 0.12525461483746766, 0.1123165562748909, 0.11255593253299594, 0.11936077168211341, 0.11110980687662958, 0.12546500843018293, 0.11433252356946469, 0.10855466602370142, 0.12275007404386998, 0.10205713026225567, 0.1004177935421467, 0.12276855688542126, 0.12412104886025191, 0.11440553320571781, 0.11128792650997638, 0.11308573177084327, 0.11500015808269382, 0.11658341279253365, 0.1001913727261126, 0.11651832470670342, 0.10328615810722112, 0.1086835647933185, 0.11727220211178065, 0.11075382605195044, 0.10687857801094651, 0.11297118859365582, 0.10135358236730099, 0.10196887934580445, 0.10337825063616038, 0.10059796832501888, 0.10974460570141673, 0.10021964134648442, 0.10380225889384748, 0.11075135385617614, 0.09418005403131247, 0.10213545402511955, 0.09499874683097005, 0.0979323947802186, 0.10988716613501309, 0.10445896703749895, 0.10307730725035072, 0.11832156162708998, 0.10257218545302749, 0.09337462736293674, 0.11360920332372187, 0.10322636468335986, 0.10123948855325579, 0.1022871920838952, 0.1072574165649712, 0.09910381091758608, 0.10980468131601812, 0.10827919021248816, 0.09046816853806376, 0.10275994725525378, 0.10436593890190124, 0.10831174617633224, 0.10671227294951677, 0.11500086672604085, 0.1012387651950121, 0.09642744101583958, 0.10529987281188369, 0.1058677464723587, 0.09801816688850523, 0.10172984916716814, 0.09416758716106415, 0.09514213185757399, 0.09560348792001605, 0.1005365357734263, 0.10569285592064262, 0.10065873079001904, 0.10372216943651438, 0.10350404139608145, 0.10095138046890498, 0.10271595492959024, 0.10766445165500045, 0.09894193084910512, 0.10487018302083015, 0.10537369027733803, 0.09089990919455886, 0.08814838891848922, 0.0952741869725287, 0.10536043597385288, 0.09028678778558968, 0.09137153290212155, 0.10065613994374871, 0.10171489045023918, 0.09156611366197467, 0.08949572080746293, 0.09487314727157353, 0.1008654048666358, 0.09093841919675469, 0.09733611913397908, 0.09706031614914537, 0.10203871885314583, 0.10141832949593663, 0.10476757185533643, 0.09285587780177593, 0.10210231197997927, 0.10085175493732096, 0.09781058328226208, 0.0926963054575026, 0.08704186072573067, 0.09895054996013641, 0.08910552384331823, 0.09858344700187445, 0.0798782531172037, 0.09073989065364002, 0.09063873561099171, 0.09106559148058296, 0.0979022522456944, 0.09905678294599057, 0.10483378637582064, 0.08733834959566593, 0.09979771431535484, 0.09921812005341052, 0.09246863303706049, 0.09463442200794817, 0.09611421627923847, 0.09239398278295993, 0.10003517223522067, 0.09201956065371633, 0.09040382355451584, 0.10291414605453611, 0.09319908153265714, 0.09697477985173464, 0.09185737892985343, 0.09482182962819934]
2025-11-12 07:47:20 - feda2 - INFO - loss data:
2025-11-12 07:47:20 - feda2 - INFO - [10.883569985628128, 0.982860817015171, 0.2844880476593971, 0.2183593174442649, 0.19751447327435018, 0.18092098757624625, 0.18895436823368073, 0.16996551435440777, 0.16618000529706478, 0.1624280706048012, 0.1605632809922099, 0.14499919405207037, 0.16166463643312454, 0.15026675667613745, 0.1650956893339753, 0.14775962755084038, 0.15353849306702613, 0.16344764363020658, 0.15298389233648776, 0.16218707952648403, 0.14443234689533713, 0.14296115152537825, 0.1447438018396497, 0.14641567151993512, 0.1463921034708619, 0.14749023858457805, 0.1443446501158178, 0.14619702817872166, 0.14104193802922965, 0.13144044112414122, 0.14487544596195223, 0.14211796652525666, 0.14156926162540912, 0.14210596941411496, 0.13178052101284266, 0.1340754680335522, 0.13928328044712546, 0.12987306537106633, 0.13256718423217534, 0.1451160838827491, 0.13161089587956668, 0.12937937621027232, 0.13726610783487558, 0.1337427658960223, 0.1311637073755264, 0.1303692076355219, 0.13232833240181208, 0.12507582902908326, 0.13243001755326986, 0.1345193510875106, 0.13476835377514362, 0.1331931034103036, 0.13682619445025923, 0.11940226852893829, 0.1271647283807397, 0.12406488973647356, 0.12846217975020408, 0.12896919324994088, 0.12873384971171617, 0.11712009375914931, 0.11893325690180064, 0.13078394643962382, 0.11855062218382954, 0.11864227699115873, 0.11474199630320073, 0.1176388431340456, 0.13159964978694916, 0.13147134222090245, 0.11136651663109659, 0.11989297401160001, 0.12186352591961622, 0.10946847107261419, 0.11488345321267843, 0.12855904195457696, 0.10946663953363896, 0.11530857142060996, 0.1012411467730999, 0.11338532362133263, 0.12271207477897406, 0.11398179233074188, 0.10854627070948482, 0.1178886355832219, 0.12157233208417892, 0.10372929275035858, 0.11629754630848765, 0.11533732609823347, 0.11557690296322107, 0.1142525658942759, 0.109725671261549, 0.11439213566482068, 0.11823356812819838, 0.1048817046917975, 0.11237025763839484, 0.09659415772184729, 0.10954312914982438, 0.1090114239603281, 0.11773493848741054, 0.10400619311258197, 0.11981905978173019, 0.11129109039902688, 0.10645709540694952, 0.10945584159344435, 0.09660555580630897, 0.1081581950187683, 0.11170430881902575, 0.09486123872920871, 0.11111278999596835, 0.1082552868872881, 0.1112893396988511, 0.11730418782681226, 0.1099970044568181, 0.10622948603704571, 0.1013133072294295, 0.10523743703961372, 0.1107369733043015, 0.11761566074565052, 0.09982572766020895, 0.09810190200805664, 0.10270649176090955, 0.11162024717777967, 0.10803321273997427, 0.09813844431191683, 0.10351617569103837, 0.10118824625387787, 0.11029148725792766, 0.11168589564040304, 0.09784074090421199, 0.1106500167399645, 0.0908736371435225, 0.11007489170879126, 0.0986471300944686, 0.09262946704402567, 0.11008685221895576, 0.09793878868222236, 0.11004234766587614, 0.10179538791999221, 0.10920471539720893, 0.10418136091902852, 0.10468405056744814, 0.1029878320172429, 0.10996244251728057, 0.10641606585122645, 0.10695171533152462, 0.10371879981830716, 0.1016371781937778, 0.0962833097204566, 0.09365738797932863, 0.10180619871243834, 0.0999045729637146, 0.10434769112616776, 0.1024784759618342, 0.09821821590885521, 0.10453370809555054, 0.10114411171525717, 0.09257305841892957, 0.10964662134647368, 0.10440696449950337, 0.10941313030198216, 0.09659598944708706, 0.0979714029468596, 0.09868836691603064, 0.10073107657954097, 0.0936799306422472, 0.09949487699195741, 0.09400951396673918, 0.08854929357767105, 0.10146942250430584, 0.10603364361450077, 0.09998134318739176, 0.09363373527303337, 0.0929917760193348, 0.09834108268842101, 0.09460493503138423, 0.1001216910779476, 0.0852731354534626, 0.09609765633940698, 0.09451010804623367, 0.09752002954483033, 0.09138330519199372, 0.08591101504862309, 0.09375576162710786, 0.08904407816007734, 0.09859731057658791, 0.09199564885348083, 0.09391868961974978, 0.10013715019449591, 0.09476288631558419, 0.09620541455224157, 0.09758700793609024, 0.08648655703291297, 0.08286838447675109, 0.10425137067213655, 0.09304514043033123, 0.10383374700322748, 0.10434709070250392, 0.09861064003780484, 0.0873450388200581, 0.10201961901038885, 0.09328345879912375, 0.09904931113123894]
2025-11-25 14:23:28 - feda2 - INFO - loss data:
2025-11-25 14:23:28 - feda2 - INFO - [10.572606533765793, 1.0068867653608322, 0.2895416148006916, 0.21575970202684402, 0.19738327860832217, 0.17457637917250396, 0.18786647729575634, 0.17395299728959798, 0.17443262077867983, 0.17106225322932006, 0.16886936891824006, 0.14652199726551773, 0.16564480904489756, 0.15339604970067738, 0.14619601499289275, 0.15242054369300603, 0.1593419646844268, 0.15196219440549613, 0.15731772650033235, 0.15263810232281685, 0.15639837551862001, 0.14372096955776215, 0.15197506546974182, 0.1507898585870862, 0.1603963727131486, 0.13990202955901623, 0.14874178562313317, 0.14098077472299336, 0.13873239904642104, 0.13474559616297482, 0.14759396426379678, 0.14896468129009008, 0.1480354504659772, 0.1386060869321227, 0.14522338304668664, 0.1335520066320896, 0.1375255547463894, 0.14910084959119557, 0.13653520550578832, 0.13217075262218714, 0.14148924723267556, 0.15336125064641237, 0.13956303782761098, 0.13884644843637944, 0.14093502461910246, 0.12416770663112402, 0.13750580307096244, 0.12850309442728758, 0.1428114917129278, 0.1344224475324154, 0.12935864198952912, 0.1269016105681658, 0.13073372785001994, 0.12109356187283993, 0.1267207320779562, 0.13730675224214794, 0.12088294131681324, 0.1260237343609333, 0.13286441061645748, 0.12766195703297853, 0.12857273751869797, 0.12217815425246954, 0.12087796833366155, 0.11906989412382245, 0.13137882463634015, 0.12445567753165959, 0.12485282616689802, 0.12379008810967207, 0.11691406518220901, 0.1268683910369873, 0.1261975023895502, 0.1116614794358611, 0.12361540403217078, 0.12602738607674838, 0.1213453695178032, 0.1224930815398693, 0.1288746202364564, 0.12491602255031467, 0.12494424786418677, 0.1246894869953394, 0.12722960682585835, 0.12086313497275114, 0.12818770688027142, 0.11031242646276951, 0.125707439891994, 0.12054438591003419, 0.12468800507485867, 0.12876869989559053, 0.11462309993803502, 0.11413667034357786, 0.12848585695028306, 0.12551879025995732, 0.12072194227948785, 0.10851911082863808, 0.12002160605043173, 0.12533635897561907, 0.1279554545879364, 0.11492388779297472, 0.11362797990441323, 0.10875018863007427, 0.12075391001999378, 0.11889424240216613, 0.11139209484681487, 0.11882655415683985, 0.11705682594329118, 0.11785515565425157, 0.1091420978307724, 0.10520281931385397, 0.11866986798122525, 0.1043361384421587, 0.11184270512312651, 0.1143044508062303, 0.10325559275224805, 0.12058221865445376, 0.11456483826041222, 0.12255020719021559, 0.11724616661667824, 0.12042987700551748, 0.11452077664434909, 0.12163417804986239, 0.11131590474396943, 0.11231302432715892, 0.11549151223152876, 0.1084334772080183, 0.11089166477322579, 0.1067409785464406, 0.11141095515340567, 0.11447106003761293, 0.10456231674179435, 0.10929807722568512, 0.11478746775537729, 0.11050995206460357, 0.11428730767220258, 0.11029641786590219, 0.10342744709923864, 0.10983271151781082, 0.1166941755451262, 0.10749410511925817, 0.10240256143733859, 0.10787270739674568, 0.10568090183660389, 0.10971064167097211, 0.11326368022710084, 0.10642027575522661, 0.11954538393765687, 0.1059628556482494, 0.12354852613061666, 0.10312488097697498, 0.11664000581949949, 0.11132771512493492, 0.11431304700672627, 0.10675866659730673, 0.11173456935212017, 0.10721186436712742, 0.11013215603306889, 0.11054835822433234, 0.10673180557787418, 0.10553002627566457, 0.10594446398317814, 0.11085791699588299, 0.1076227997429669, 0.09896335210651158, 0.10647747917100787, 0.10857683196663856, 0.10480364775285125, 0.11772819031029941, 0.10545346327126026, 0.10035680579021572, 0.10693396646529436, 0.10934010008350015, 0.10555688077583908, 0.11343909623101353, 0.1018416963517666, 0.1093384929932654, 0.10550116235390306, 0.10446434961631894, 0.10731458961963652, 0.12040677666664124, 0.1052862481214106, 0.10248603401705622, 0.09740012222900987, 0.10669660484418272, 0.11592400968074798, 0.09681144440546632, 0.0969393470324576, 0.11563882250338793, 0.09816295485943555, 0.10474551795050502, 0.11038795914500951, 0.11733291577547789, 0.10932782320305706, 0.10994669841602445, 0.10355918500572443, 0.11362156840041279, 0.10510070137679578, 0.11338724205270409, 0.10326140932738781, 0.10807974981144071, 0.10327546419575812, 0.10302318492904305]
2025-11-25 17:17:48 - feda2 - INFO - loss data:
2025-11-25 17:17:48 - feda2 - INFO - [10.652423799037933, 1.0621815510094166, 0.26908499710261824, 0.21217893455177544, 0.19311985243111848, 0.17566834315657615, 0.18094259183853867, 0.16075706351548433, 0.16254066694527863, 0.16328910645097494, 0.16097846776247024, 0.16103436667472124, 0.1567301545292139, 0.14532908648252488, 0.16160090416669848, 0.1470026556402445, 0.15743700210005046, 0.1412862803786993, 0.14669812489300965, 0.15180164389312267, 0.1482888525351882, 0.13647844567894934, 0.1422357426956296, 0.15151772201061248, 0.14216622821986674, 0.14084048978984354, 0.15184159260243177, 0.13491118289530277, 0.1469070514664054, 0.13865555375814437, 0.14169653002172708, 0.14092731717973947, 0.1429413927718997, 0.1356983818113804, 0.12996358834207059, 0.13723292108625174, 0.13809043187648057, 0.1438664563000202, 0.1449818342924118, 0.1431393064558506, 0.13861654363572595, 0.13168602008372546, 0.13891047276556492, 0.13994937781244515, 0.1375764014199376, 0.12665383350104092, 0.12952803634107113, 0.13543263860046864, 0.13347946796566246, 0.12765431636944413, 0.11876468136906623, 0.12690509390085936, 0.12688429821282626, 0.130944749712944, 0.132629747223109, 0.1342264836654067, 0.1287094594910741, 0.1353182762861252, 0.12093755528330803, 0.12346815615892409, 0.1498764691874385, 0.12052983092144132, 0.11744912210851907, 0.1313816277310252, 0.13606750220060349, 0.1304533200338483, 0.1339491752907634, 0.12474063653498887, 0.13273039599880576, 0.12913736887276173, 0.13324113776907326, 0.12067704871296883, 0.12003424353897571, 0.11483629615977407, 0.11840408910065889, 0.1299100684002042, 0.1238403007388115, 0.1321541339159012, 0.12053628433495761, 0.12695672856643797, 0.11778057627379894, 0.117848383449018, 0.11084929630160331, 0.11053355541080237, 0.11577227180823685, 0.11455148570239544, 0.12427171692252159, 0.11212961487472056, 0.11560602048411965, 0.12266335915774107, 0.11315136635676026, 0.1188851200044155, 0.11932471971958876, 0.13264095261693, 0.12464320128783583, 0.11689390670508146, 0.12530657686293123, 0.11623632339760662, 0.12962261512875556, 0.11749141346663236, 0.12045068759471178, 0.1163721738383174, 0.1351415554061532, 0.11164840050041676, 0.11940616369247437, 0.11501013021916151, 0.10453194212168455, 0.10854495288804174, 0.11707830540835858, 0.11169467680156231, 0.11036084294319154, 0.11383855752646924, 0.1141963278874755, 0.11358130015432835, 0.1131127007305622, 0.11297363415360451, 0.11458097575232387, 0.1199745973572135, 0.11169824711978435, 0.11572827640920877, 0.11625464437529445, 0.11377231068909167, 0.12944732969626785, 0.11097030295059085, 0.11005813237279655, 0.11755891386419534, 0.1128057986497879, 0.10493786670267582, 0.11047842670232058, 0.11633516140282155, 0.10787959070876241, 0.11143519729375839, 0.10535125862807035, 0.11395068932324648, 0.11194474035874008, 0.11785358609631658, 0.1030834407545626, 0.10918878549709915, 0.11407935926690699, 0.10809612069278955, 0.1152383042499423, 0.10386710418388248, 0.11058707926422356, 0.11204145271331073, 0.10407598186284303, 0.12281066905707122, 0.10567196430638433, 0.12542457869276405, 0.11508678700774908, 0.11079932898283004, 0.11308515975251794, 0.10771071249619127, 0.11446294765919447, 0.11643210016191005, 0.11411391813308, 0.12072566719725727, 0.10352154523134233, 0.1010382474400103, 0.11359240906313062, 0.11083930982276798, 0.0967533616349101, 0.1054707383736968, 0.10466076135635377, 0.11144669512286781, 0.10112819941714407, 0.10011834679171443, 0.11507601328194142, 0.10513916313648224, 0.10472943866625428, 0.11400617435574531, 0.11182705573737622, 0.10669448208063842, 0.1074034832417965, 0.10471086911857128, 0.10540190171450377, 0.11812138464301825, 0.11257489817216992, 0.09508554302155972, 0.11597393760457635, 0.09502847241237761, 0.10355380345135928, 0.11136581171303987, 0.10456527145579457, 0.11591092366725206, 0.11235200734809042, 0.10709227696061134, 0.11691263327375055, 0.10852754386141897, 0.09714594557881356, 0.10981539078056812, 0.1000203114002943, 0.1119882171973586, 0.11235593184828757, 0.09991872664541006, 0.11037697633728386, 0.10740211019292473, 0.10435509020462633, 0.10636262036859989, 0.10900587197393179, 0.10678390208631755]
2025-11-25 19:54:08 - feda2 - INFO - loss data:
2025-11-25 19:54:08 - feda2 - INFO - [10.798131334781647, 0.9224181048572063, 0.2814597193151712, 0.22643392495810985, 0.1910526376217604, 0.16733710765838622, 0.1834099402651191, 0.1600202511996031, 0.1668284585699439, 0.163595050573349, 0.17535113543272018, 0.16486137323081493, 0.1476316161453724, 0.1703322811052203, 0.14792785346508025, 0.1602224612608552, 0.14584660213440656, 0.16629636641591788, 0.15485213845968246, 0.1622042516246438, 0.16335172224789857, 0.1462310517206788, 0.1654262924566865, 0.14579514991492032, 0.13451925497502087, 0.1422477776184678, 0.13490133546292782, 0.14141835682094098, 0.14389913883060218, 0.13520779255777599, 0.14408974014222622, 0.1422782842069864, 0.13458101581782103, 0.14454528149217366, 0.1361569292843342, 0.13095919359475375, 0.14357632957398891, 0.1321758970618248, 0.1404459025710821, 0.13430304490029812, 0.1302435915917158, 0.12676142156124115, 0.12765484135597943, 0.13691050689667464, 0.13310564309358597, 0.13785980958491564, 0.1397220719605684, 0.13683348204940557, 0.12524739280343056, 0.12056407146155834, 0.12896858360618352, 0.14636392276734114, 0.11925725303590297, 0.12975724786520004, 0.12126617766916752, 0.12981886193156242, 0.1257264357060194, 0.1137366896495223, 0.12665647100657224, 0.13527128677815198, 0.13446676060557367, 0.13317788261920216, 0.13607285898178817, 0.13655940666794775, 0.132408111076802, 0.1265670221298933, 0.11809409204870462, 0.12187532726675271, 0.12529492434114217, 0.13333043567836284, 0.11741122342646122, 0.13698113951832055, 0.13132610581815243, 0.12226583976298572, 0.11982840970158576, 0.12779570892453193, 0.12479013837873935, 0.12645105868577958, 0.12816834524273873, 0.12928906474262475, 0.12327263662591575, 0.12635870687663556, 0.12801513643935322, 0.11131114391610027, 0.12271054722368718, 0.12438992876559496, 0.12080670082941652, 0.11732900999486447, 0.11329454556107521, 0.12630251049995422, 0.11570553136989474, 0.10493702683597803, 0.11559721874073148, 0.12454129494726657, 0.12202013544738294, 0.11823653839528561, 0.11977038942277432, 0.11280603893101215, 0.12283902959898113, 0.1208064580336213, 0.11920693097636104, 0.11265055947005749, 0.11785084195435047, 0.11536223068833351, 0.11793032586574553, 0.12283682748675345, 0.12370651308447123, 0.11892700511962176, 0.11482409443706273, 0.10872923247516156, 0.12411130219697952, 0.10629160907119513, 0.1206754244863987, 0.11193999126553536, 0.12290295884013175, 0.12034625438973306, 0.12065818998962641, 0.10474264509975911, 0.10470040300861, 0.11098789945244789, 0.1091405026614666, 0.10347690647467972, 0.11551774106919765, 0.1174858758226037, 0.12616910366341472, 0.1012664468958974, 0.1139092205092311, 0.11899598520249129, 0.11374476216733456, 0.11322026960551738, 0.11664002006873489, 0.11124933529645205, 0.09879856510087848, 0.11460258141160011, 0.11089730290696026, 0.10772637706249952, 0.11175757190212607, 0.11739109409973025, 0.11249140566214919, 0.09999042563140392, 0.11503161191940309, 0.10917321862652898, 0.10980684598907828, 0.10210888218134642, 0.11340841855853796, 0.10515651814639568, 0.11076005026698113, 0.10548616377636791, 0.1081166067160666, 0.12257812898606062, 0.11492373216897249, 0.09818344684317709, 0.11143699185922742, 0.1067931417375803, 0.10856359200552106, 0.10524658504873513, 0.11493065161630511, 0.11119801606982946, 0.11840322278439998, 0.09665309628471733, 0.11643666736781597, 0.10858057904988527, 0.10525326197966933, 0.10000458331778644, 0.10417616833001375, 0.10770336855202914, 0.10821790108457208, 0.10036982344463467, 0.11142615741118789, 0.09669191259890794, 0.10687763271853329, 0.10300720296800137, 0.10728203281760215, 0.1193149815313518, 0.11908690053969623, 0.1055936448276043, 0.10743146315217017, 0.10795957362279296, 0.11001571984961628, 0.11500112609937788, 0.10266831927001477, 0.11100200731307269, 0.11791814863681793, 0.110274738073349, 0.10327177140861749, 0.10405156314373017, 0.10995374675840139, 0.11198328109458089, 0.10531809255480767, 0.09804116142913699, 0.10298657706007361, 0.10133893927559257, 0.10782846296206117, 0.10930544082075358, 0.1100869232788682, 0.11324506970122457, 0.11193531146273017, 0.11411349344998598, 0.11454390101134777, 0.12148917140439153]
