2025-11-06 15:28:09 - feda2 - INFO - loss data:
2025-11-06 15:28:09 - feda2 - INFO - [0.6905579866694385, 0.5958360884493837, 0.8420639830200296, 1.3921432985978968, 0.49152583833048613, 1.420959752984345, 0.822671643213222, 0.6629871363292678, 0.6706977624627244, 1.088349344975808, 0.7059631456931432, 1.0822664544814162, 0.6665414744367202, 0.581396670815976, 0.9557062635198236, 0.4809914304279826, 0.6085304622538388, 0.5585850518078123, 0.4064995212894347, 0.5857436619699001, 0.8646449185907841, 0.44389161930963905, 0.7448939438909292, 0.5975624797244867, 0.644199216957478, 0.5867155976593494, 0.5158373030523459, 0.6130053748687108, 0.5357510801404715, 0.3223205361980945, 0.2694012828598109, 1.3036543427345655, 0.4216894068216023, 0.4543194310968382, 0.3091519307135968, 0.6656617107801139, 0.7069468184839934, 1.4399263795465231, 0.6141607215007147, 0.5768411474923293, 0.46720744690133464, 0.9098188757014118, 0.46118226168932874, 0.5628149880651842, 0.402272475180788, 0.5681961729153759, 0.6074296268634498, 0.3678707507746355, 0.5648354487493634, 0.2784430605566336, 0.6723561748862267, 0.3894069891836908, 0.36106605157012645, 0.44007819328506137, 0.6834735425287172, 0.7355930730700493, 0.5233757073680559, 0.45325958774443353, 0.4300565905869007, 0.40877467580139637, 0.34316314964591726, 0.6035554168952836, 0.5625418176984086, 0.5560082821175456, 0.3789475669409653, 0.40082595233495033, 0.3242721328046173, 0.8991061221342533, 0.7873646655740838, 0.6543129325351295, 0.32553904077136203, 0.5867412451297137, 0.3162549193000846, 0.22987277101136797, 0.5572651551208563, 0.30432782392017543, 0.3142021968715677, 0.32925834113848396, 0.24664139616975767, 1.4767009927891195, 1.0344549421878422, 0.24227318748469567, 0.6837521467176784, 0.3359231183505713, 0.7042234657626403, 0.8356820558508238, 0.21003367017126745, 0.5574060492217541, 0.4346151890854041, 0.3485574120484096, 0.6221575339269989, 0.5181914620204933, 0.39371903788517504, 0.2816319168594323, 0.19388074015457984, 0.48616289063111734, 0.18708594830079367, 0.45400694995704627, 0.4845794439315796, 0.3792376309633255, 0.6622987877577543, 0.5462963979484307, 0.5590904899306932, 0.2554964177859643, 0.2991168539350232, 0.4144539386034012, 0.4550790001491183, 0.505290424823761, 0.3922061016990079, 0.2015078070312085, 0.25585817094332824, 0.43653623666614294, 0.4471230278358511, 0.41664328367138903, 0.26636126513282454, 0.34588676987998723, 0.912193771606932, 0.46173260929245574, 0.2224326271874209, 0.5120295400493869, 0.4515351547366556, 0.35976254753768444, 0.37655288009377924, 0.1828573234896693, 1.40343776345253, 0.19157326198795713, 0.8781323387999744, 0.31160775890938286, 0.37440187085885557, 0.4565099948706726, 0.32551956224358747, 0.761964549869299, 0.5531261992805144, 0.5349513970693385, 0.28022986805687344, 0.9489197880029678, 0.2355671776458621, 0.39164701986895956, 0.38405607483240173, 0.5130814113654196, 0.44147108122706413, 0.41238268138840795, 0.4833194609731436, 0.5668162796646357, 0.43487281911075115, 0.5497923929082311, 0.5804623798467219, 0.35584664673854904, 0.5101196044946418, 0.4782630309462547, 0.39019312484500307, 0.5552494163241457, 0.4852639069164676, 0.6674798569745488, 0.27600328500072163, 0.3861139902686761, 0.41965692189211645, 0.4655639173462987, 0.4462802970781923, 0.48075043848231946, 0.5446574916131794, 0.8429867252707481, 0.4242039980603261, 0.36020996420921986, 0.27375898053610903, 0.5949926364578699, 0.38598721371381545, 0.5323764369987389, 0.4801598647609353, 0.5718276321365122, 0.4276745852536375, 0.47431169264018536, 0.5245517517860029, 0.5031564366072416, 0.4830919211730361, 0.6533494542042415, 0.4769601609338732, 0.593300995943339, 0.5125367268919945, 0.48355482531090577, 0.4756214052870653, 0.44490541062315403, 0.37656860829641425, 0.42886117535174045, 0.4859027299372589, 0.44984792380510097, 0.39443185028686134, 0.5923826787620783, 0.601856142282486, 0.4795121201559117, 0.39680451046054566, 0.3847076508805948, 0.5108663637191058, 0.5825033803634784, 0.4520566276157908, 0.5600456525297726, 0.5806659581760565, 0.5367616700629393, 0.4532394690196151, 0.6306410698841016]
2025-11-10 06:40:47 - feda2 - INFO - loss data:
2025-11-10 06:40:47 - feda2 - INFO - [0.7088117919690711, 0.5865988873828124, 0.8041262065893726, 1.5753458747092415, 0.48416093295897566, 1.5273808632045984, 0.8445388153195381, 0.6906637283770934, 0.6892801922642522, 1.1124752544990892, 0.7434591765205065, 1.1153629778159988, 0.7197254297633966, 0.5856969804061871, 1.071155920624733, 0.5313459694385528, 0.6579500727045039, 0.4970929943454251, 0.3982646550155348, 0.4930620718902598, 0.7901678644120693, 0.45196634086505805, 0.653181592002511, 0.5948685805934171, 0.6655148364987005, 0.5801710578448632, 0.5467963585374402, 0.6571019738912582, 0.4365667663514614, 0.3743525951806652, 0.29832355881872996, 1.2172005670145154, 0.402269020333494, 0.46938202432111686, 0.26294007117070983, 0.8477658447809517, 0.5326513536274433, 1.2679626626272997, 0.5679386201004187, 0.44597496365507444, 0.43121039536264205, 0.8573034606677921, 0.4909421403715813, 0.5527705792010876, 0.40848084484847885, 0.5798949979868466, 0.5917586744762957, 0.3747229229189376, 0.5864323267402749, 0.2670820124395606, 0.7169149904201428, 0.4015163210324115, 0.398881565329004, 0.3777115657423182, 0.6901063435433203, 0.5468798466026783, 0.3501970218106483, 0.46665440043251893, 0.4274121318012476, 0.4120282499010072, 0.34967776507084425, 0.5092317981438504, 0.5271903806749512, 0.58551052523156, 0.4091984830542984, 0.36024393824239576, 0.3772128804586828, 0.7922751596197486, 0.7431633512023836, 0.6723468945745159, 0.4537913956803989, 0.6341086422949568, 0.33294278502856434, 0.2500699725852529, 0.5721628548473947, 0.28251306621047356, 0.39408566166744813, 0.34032546695380006, 0.27404178578096133, 1.399319711374119, 0.8873973357326844, 0.2366074442397803, 0.6139339972028716, 0.35127749077515413, 0.615666299666229, 0.5603983767330647, 0.22194350285119274, 0.42848134646192193, 0.46043525978046307, 0.3544697645365408, 0.7044821223791908, 0.5507764450222667, 0.4010954307501807, 0.2999098961682696, 0.18855841704296633, 0.4355266032446372, 0.19358185023328486, 0.2660875754146319, 0.5239108800888062, 0.3218844578290979, 0.5936479702591896, 0.6247557941565497, 0.37703074238379486, 0.24834612151621932, 0.29103671935283476, 0.38820187995831174, 0.41474164283850734, 0.5055985408524672, 0.4723198058652795, 0.21397374804834263, 0.26015689296796657, 0.39617974031716585, 0.47194949647654655, 0.4094752764639755, 0.20909828289101523, 0.3987592582901319, 0.844324252102524, 0.4372744596764153, 0.21770119325568277, 0.505356363864506, 0.4580600290723583, 0.3881177844014019, 0.3614774719285576, 0.2002582014279647, 1.2887984365224838, 0.23618280048188017, 0.9092854090254097, 0.2787728784909553, 0.38576554115861655, 0.44922172759349144, 0.3264433342963457, 0.6912296429276467, 0.5319742398226962, 0.5373423856993516, 0.22091706935316324, 0.7032470107078552, 0.21299069923245245, 0.3362058856646004, 0.4092778482556562, 0.45754430815577507, 0.4053772867967685, 0.42095133226959863, 0.4291496805846691, 0.45065290307005246, 0.480944037809968, 0.5361672068703109, 0.5870255138725042, 0.36670529916882516, 0.5451925090861087, 0.3980967041105032, 0.30150251820062596, 0.5463841173359576, 0.5462972221689092, 0.62506495995654, 0.2971195240957085, 0.4540470934479065, 0.4196375856331239, 0.4779016436388095, 0.46214542137458925, 0.4716748988140775, 0.5001268854830414, 0.7773080733087327, 0.4607939987498171, 0.36974809269110365, 0.3010320406821039, 0.5296274178514355, 0.42771596943493934, 0.5628338957753252, 0.3972948485364517, 0.5788367653559697, 0.4734452282447723, 0.5047400332987309, 0.42409805201140105, 0.5354333111395438, 0.5115870531648398, 0.5295705031603575, 0.5096439670990496, 0.4962509504478911, 0.49150693251027, 0.43681775766114395, 0.44359456237567507, 0.44341808727101595, 0.5206703284444909, 0.4318269360286501, 0.5750923529267311, 0.4821925297517895, 0.38747867236864375, 0.5679780807346105, 0.5157333890597026, 0.4657187812569502, 0.4332059230655432, 0.38434427479003075, 0.476476938277483, 0.5561086603385561, 0.447205403824444, 0.48533928679192767, 0.5745742318530878, 0.5204280483225981, 0.4625765878221263, 0.505235508705179]
2025-11-10 07:34:01 - feda2 - INFO - loss data:
2025-11-10 07:34:01 - feda2 - INFO - [0.7088117919690711, 0.5865988873828124, 0.8041262065893726, 1.5753458747092415, 0.48416093295897566, 1.5273808632045984, 0.8445388153195381, 0.6906637283770934, 0.6892801922642522, 1.1124752544990892, 0.7434591765205065, 1.1153629778159988, 0.7197254297633966, 0.5856969804061871, 1.071155920624733, 0.5313459694385528, 0.6579500727045039, 0.4970929943454251, 0.3982646550155348, 0.4930620718902598, 0.7901678644120693, 0.45196634086505805, 0.653181592002511, 0.5948685805934171, 0.6655148364987005, 0.5801710578448632, 0.5467963585374402, 0.6571019738912582, 0.4365667663514614, 0.3743525951806652, 0.29832355881872996, 1.2172005670145154, 0.402269020333494, 0.46938202432111686, 0.26294007117070983, 0.8477658447809517, 0.5326513536274433, 1.2679626626272997, 0.5679386201004187, 0.44597496365507444, 0.43121039536264205, 0.8573034606677921, 0.4909421403715813, 0.5527705792010876, 0.4084808432309186, 0.5798950237063432, 0.5917585147544742, 0.3747239086786102, 0.5864357839648922, 0.26712632527212715, 0.7160622483740251, 0.4012388745943705, 0.40035220722552217, 0.37882539037443497, 0.6909690662042091, 0.5519720365603765, 0.3506514358256633, 0.46638874255510326, 0.42613253090530634, 0.4119558563346372, 0.34961011276269954, 0.5122158527374268, 0.5262808414066539, 0.5829978858431181, 0.4094517261551076, 0.3624599462685486, 0.3762548582162708, 0.7870630061719567, 0.730610977858305, 0.6707983617396915, 0.45134951028535797, 0.6362153029893943, 0.33184683149713173, 0.24318629013626683, 0.5732374459298121, 0.2817162368601809, 0.3972965406842138, 0.33853844365350794, 0.27187253188134897, 1.4011054715762536, 0.8917808485600878, 0.2375075973234036, 0.6098865107891874, 0.35053888964946267, 0.6087852408619303, 0.5579467646777629, 0.22045478401964325, 0.4326958432793617, 0.4600150615853422, 0.3554841528499597, 0.6944219747777371, 0.5538710206488354, 0.3962350232417092, 0.2953944714543851, 0.18485382297917063, 0.4317316264894448, 0.19155884716605617, 0.2695106736694773, 0.5176856592297554, 0.3206322878599167, 0.591419143602252, 0.6167657055322908, 0.37835486243420746, 0.2469867732362363, 0.28703194711771274, 0.38691655546426773, 0.40585945379969324, 0.5059182328482469, 0.4544121233099658, 0.21252428167581297, 0.25975923369632153, 0.39568719593808055, 0.471348529940714, 0.40816653026267885, 0.2090270728804171, 0.39686358163970104, 0.8471323493868113, 0.43820397831207397, 0.21925531669209403, 0.5044426763174581, 0.4591121862313765, 0.385577849438414, 0.35705114403010707, 0.19983145871406627, 1.2975261062383652, 0.2305531580564811, 0.9160139939364265, 0.27805295626909565, 0.3844773259013891, 0.4485008519763748, 0.3247017733338806, 0.6975842006504536, 0.5356626473367214, 0.5331663903982743, 0.21182247313360375, 0.7053395360708237, 0.2128370740554399, 0.33088863527645235, 0.4092446545495049, 0.45034577418118715, 0.4005833591024081, 0.4208379330359296, 0.4341333607211709, 0.4527357067912817, 0.4917039267718792, 0.5362084024261845, 0.5906668864190578, 0.36693126447498803, 0.5383364753980262, 0.4021795640389124, 0.3013898495895167, 0.5449376598219662, 0.541766392894917, 0.6164281765619914, 0.29760482942151745, 0.4527670912980254, 0.42081370089824, 0.47675992362201214, 0.4628484665416181, 0.4717638348431691, 0.4999581193551421, 0.7762618516054418, 0.46026043345915274, 0.3691793091660529, 0.2990547502930794, 0.5315891681729179, 0.42796308535616845, 0.5619300306062488, 0.4018296689415971, 0.579446053583371, 0.4710143216219302, 0.5041143093258142, 0.4240334109567544, 0.5360440151145061, 0.5098804203793407, 0.5303076629837354, 0.5015202567857855, 0.49917277029674983, 0.4925758038233552, 0.43890122349063554, 0.4440469900874988, 0.44324930644858523, 0.5175524304310481, 0.43273956465827845, 0.5722545522685144, 0.4821055113300451, 0.38624284577553825, 0.5649660424639782, 0.5174354241540035, 0.4653487089090049, 0.4361516760351757, 0.3837508682863436, 0.47623361386358737, 0.5558426890741377, 0.4472168209531423, 0.4852313844158369, 0.575760792195797, 0.5213302481919527, 0.46172540910218074, 0.5057399735475581]
2025-11-10 21:48:40 - feda2 - INFO - loss data:
2025-11-10 21:48:40 - feda2 - INFO - [0.6944490774706202, 0.6055541380256828, 0.7950275320755809, 1.3822229636066101, 0.4861334605648983, 1.4226801125332713, 0.8000628846256357, 0.5922211762720152, 0.567539493359315, 1.059786824352296, 0.6671529161433378, 1.1735867907603583, 0.6450923940787713, 0.5087875945395545, 0.9881631616503, 0.49806351392633386, 0.47222553923105204, 0.5638178845310547, 0.3778827855260008, 0.4909900926674406, 0.754923322238028, 0.44037622442819935, 0.6727112596854568, 0.5975793582076827, 0.6258536517236601, 0.5755476885858704, 0.5159222266691572, 0.5036927138765652, 0.43942263163626194, 0.3221511144656688, 0.27267739758762116, 1.1586136769813797, 0.3715186129373155, 0.44973684748013815, 0.28821458595565574, 0.6562501625157893, 0.5678734220564365, 1.2740659214556218, 0.47125596379240353, 0.46769894411166507, 0.37948969648116165, 0.8291039552147451, 0.48367078870145325, 0.5272378965950849, 0.3625053415614131, 0.5975071950339865, 0.587029421236366, 0.3304004613020012, 0.5262107779271901, 0.26660578327977824, 0.571457127481699, 0.3530222307683693, 0.356423110159394, 0.3737872570483504, 0.5955948788476617, 0.5371237471699715, 0.3847224404259274, 0.43684186116226165, 0.3812357736751437, 0.42152057555230227, 0.3367613479175477, 0.5828432863992121, 0.5574818253517151, 0.5289170769974589, 0.3889034425222745, 0.3006192698764304, 0.33743075348902496, 0.6098587539047002, 0.6411891892009104, 0.5496292366262745, 0.458039091616101, 0.6141630460280383, 0.32772251204832603, 0.22892168440674948, 0.5462563950568438, 0.28826609095558525, 0.2506671866071165, 0.2978512981288885, 0.23170730515590143, 1.2015085248276591, 1.0207975035642876, 0.23005774231731063, 0.5470602672171986, 0.3288073292517826, 0.6355314096926075, 0.5447806825240453, 0.19400942112163952, 0.4885552069172263, 0.46503778478386354, 0.3074369585680726, 0.6599659994244576, 0.4427011067810882, 0.42929405253380537, 0.2681581108022089, 0.2169862850904691, 0.4630650483856076, 0.1799538457691799, 0.2674455437809229, 0.44421353315313655, 0.33852836924294627, 0.6377429913729429, 0.5482057088779079, 0.3138334807396556, 0.2327605622066528, 0.34882853821747833, 0.34202070596317447, 0.3518821111504446, 0.5327147327363491, 0.37314143809360556, 0.1900910960138661, 0.25299899613471805, 0.29039925313554704, 0.44911787670267667, 0.42860452899088464, 0.2618916593492031, 0.26031244096710626, 0.8974657530585924, 0.44532870021009563, 0.372160194752117, 0.5314812234511562, 0.4675631733775577, 0.4335274829529226, 0.4293792800896842, 0.1482096083038616, 1.2251896858215332, 0.2624671580882645, 0.9558703891932965, 0.29705402856368734, 0.3587230958044529, 0.446457022583733, 0.31917181083311635, 0.7420186117567937, 0.4842765940462842, 0.5491316663776187, 0.25241272260124487, 0.7705177813768387, 0.22995569774260124, 0.346945119049886, 0.38367487361435504, 0.4679632466286421, 0.4154695179313421, 0.4063450976391323, 0.4897511040791869, 0.5357694792250792, 0.38836366944015027, 0.5785004605903574, 0.5218130089342594, 0.3738968313361208, 0.4432117521908938, 0.4492602760593096, 0.2838734742254019, 0.557281474659548, 0.33828505552244476, 0.5722337644547224, 0.24919435475566235, 0.37630521231848335, 0.4230337720364332, 0.48511732891201975, 0.5004881732165813, 0.4711718669745142, 0.4307584854153296, 0.8756502984712522, 0.4224537281844269, 0.33889290853158427, 0.3245862109793557, 0.5187248887592241, 0.3961032465100288, 0.5805882667355677, 0.34762577448661125, 0.5580355064453263, 0.5129834052616437, 0.47712658252567053, 0.424895264062227, 0.4746720353141427, 0.45547278337180613, 0.47722307965159416, 0.41205739208004055, 0.6077125914718794, 0.46095060341758654, 0.4375968306014935, 0.4797279053516146, 0.4465549820486237, 0.3687303652986884, 0.46292790123606886, 0.46134010863070396, 0.4233424067035917, 0.38987111863712154, 0.5246579846988122, 0.48161305797596776, 0.44448351213022286, 0.3953175459367534, 0.3974519017183982, 0.448087203130126, 0.5406873289714842, 0.45897581216776767, 0.5154289725948782, 0.5569374601046244, 0.4946781692405542, 0.471166061124076, 0.5474944409603875]
2025-11-11 16:08:24 - feda2 - INFO - loss data:
2025-11-11 16:08:24 - feda2 - INFO - [0.6845029003084883, 0.5907405841319511, 0.8196227785788084, 1.4619191394132727, 0.4673468984671656, 1.5360985528677702, 0.7977629554899115, 0.6287198557815366, 0.7553533467774589, 0.9468257575083876, 0.6796788680056731, 1.212258580658171, 0.6505147643387317, 0.5701719856771984, 0.9215799283236266, 0.47318134289234876, 0.5168962942746779, 0.5892051171109665, 0.41115074296895826, 0.5592917245036612, 0.8471465772017837, 0.4389390665947815, 0.7979095848277211, 0.5698225345773001, 0.6166674656081288, 0.6483868846998495, 0.5748109541395131, 0.42561783641576767, 0.5008258679881692, 0.3475032018227993, 0.29983958462388627, 1.0427391895403466, 0.41455397147097084, 0.4331243665137312, 0.2867603991601047, 0.8997605536133051, 0.5318470418453216, 1.1974553306897482, 0.4403570592403412, 0.3958832919597626, 0.44554867078032756, 0.9131247159583789, 0.4663371021670648, 0.4648290389593233, 0.35724513679987896, 0.5639080576621711, 0.6399642582982779, 0.3746021548133903, 0.5018064885710676, 0.26458880463097656, 0.6616806528220573, 0.3725058478510214, 0.34856858916483285, 0.4665737199523535, 0.5588151658313316, 0.7812881559754412, 0.41335196917255723, 0.42613004188181136, 0.3636881420388818, 0.4429498240351677, 0.36237976416333706, 0.5520660491246316, 0.5047879729639082, 0.5545216295868158, 0.40455549640506044, 0.4410425782358895, 0.372245343727991, 0.7248027639463543, 0.5422216581646353, 0.5904859655043658, 0.5406606397152421, 0.6220618160470351, 0.3136085094393868, 0.2629875457464045, 0.4923785804874367, 0.29562261595080297, 0.28617414327240304, 0.30717237024509814, 0.19433749001473188, 1.535577821622913, 0.934675203745856, 0.23551237989320523, 0.5505849648680952, 0.3416746154222936, 0.7505420087591598, 0.5547113786141078, 0.20905921791887117, 0.4283339846879244, 0.4566025643445113, 0.3565317165615086, 0.606625269221909, 0.42639560010906685, 0.40950642049531727, 0.24244591289837109, 0.21297807865388071, 0.4525363849181878, 0.17416912500852452, 0.336018537171185, 0.37838566675782204, 0.3847306492427985, 0.6559040188789368, 0.5266913384613063, 0.34331142889560495, 0.22917040414739276, 0.31480054903982413, 0.4354592002928257, 0.33389505688427834, 0.5137456546227137, 0.4045288853968183, 0.21354031730075612, 0.2566345365839273, 0.3030689521692693, 0.4439510921502243, 0.39572945224742095, 0.3061184993324181, 0.29102454242714937, 1.0134065200885136, 0.44856275534074685, 0.3113355217501521, 0.5069300648336317, 0.4471604923498543, 0.38767472766339783, 0.3946498933288714, 0.14389505305896616, 1.2625184655189514, 0.19031439411551937, 0.9038522082874003, 0.30183069488249614, 0.35811830814927814, 0.4337200228280077, 0.3123077296134499, 0.7317637111002113, 0.6156915656345732, 0.5506332074494465, 0.2743323469379296, 0.8005342930555344, 0.2285101077415877, 0.37918802261676476, 0.34914881516220597, 0.42840391816571355, 0.38064083829522133, 0.4017847759856118, 0.502310043759644, 0.5483507826924324, 0.41344066672027113, 0.561505969532806, 0.523200680501759, 0.36484003892789285, 0.43785783626577435, 0.5165902736286322, 0.3529056770882259, 0.5690423420137343, 0.44289860377709067, 0.4659391606433524, 0.23800447866407753, 0.3603011204229951, 0.4301478907155494, 0.47371289643148584, 0.47235886876781785, 0.47652837060374853, 0.4099572170525789, 0.8219398707151413, 0.4157686288650191, 0.3646503527174916, 0.25049549661990667, 0.5181616927055936, 0.3595799847971648, 0.5810345505090321, 0.4127322675970694, 0.5580190839540017, 0.4561584189044018, 0.43988485680893064, 0.6334738798585593, 0.5998340830206871, 0.4333071229979396, 0.7311770816644032, 0.4679289118332022, 0.6122692501091439, 0.5813220873686886, 0.44633674869934714, 0.4693218233576719, 0.4374736696672257, 0.41988846814880765, 0.44179897017948466, 0.42341720999455923, 0.4485954825677001, 0.38734803060645095, 0.4451130449771881, 0.4877964802086353, 0.4597500483750513, 0.5000035197784503, 0.3611586601945801, 0.45034738071262836, 0.5566404242725933, 0.4417678188256291, 0.6023889280417386, 0.6424241359035174, 0.41999847466746965, 0.454861836588901, 0.615345307936271]
2025-11-13 22:21:41 - feda2 - INFO - loss data:
2025-11-13 22:21:41 - feda2 - INFO - [0.6959050112207861, 0.6209462493140664, 0.8404802276115668, 1.3870453475152744, 0.5010946646430775, 1.5484273815527558, 0.8525654740239444, 0.7583457802597812, 0.7591653398962485, 1.1098743182466464, 0.8223950773477554, 1.4544100686907768, 0.7306277334690094, 0.64612030532015, 1.0922067945823073, 0.6000569750037458, 0.5952819924180707, 0.6893912164275261, 0.5350031212696599, 0.6942841118822495, 1.0223501278087497, 0.557649216124257, 0.9105921555310488, 0.6955842917785049, 0.7715496334302074, 0.7120836780351751, 0.6804332705397231, 0.5635671416918437, 0.5839423555880785, 0.3868720375405821, 0.2997117759569341, 1.481340479416152, 0.4554217937157342, 0.49985377277460014, 0.33962295752846533, 0.8393776477314532, 0.568125382065773, 1.1766220284005007, 0.5605906357367834, 0.45852238560716313, 0.482051076574458, 1.1390637725983797, 0.5118592462678946, 0.60745808710916, 0.4246521160627405, 0.6628806690797902, 0.7359429737553, 0.4305287320532051, 0.6054051659690838, 0.3101146560058825, 0.8290426301459471, 0.4500636194538351, 0.43465148809737236, 0.539044260439512, 0.6517954798774761, 0.8228539923826853, 0.37227269502667093, 0.5187127482194721, 0.36019028536975384, 0.4780320157570874, 0.39209191794005016, 0.7468199785798788, 0.5772234146647593, 0.7695309408009052, 0.4519062579116401, 0.4915971355512738, 0.41610644683241843, 0.7951265357434749, 0.6852556676603854, 0.6766899247818133, 0.47965796973981095, 0.7536053268394604, 0.36081014578802545, 0.31717207656410107, 0.5584274519545337, 0.3442941864486784, 0.3280345296217619, 0.40471329352628044, 0.18771407290154862, 1.7885702868613105, 1.198141208904631, 0.301054268118201, 0.6257315890656577, 0.3631044614812875, 0.8388192573268163, 0.4665680752446254, 0.25935175719011266, 0.48796769976615906, 0.5327817107094269, 0.39519933909545407, 0.6693396360120353, 0.5458549922461517, 0.4576376241577022, 0.31152175879105926, 0.3243771344423294, 0.534859757184198, 0.23808029155811206, 0.37497610971331596, 0.3886387211581071, 0.41436367196341356, 0.7967472858726978, 0.673158189902703, 0.2864022261678151, 0.25858811054234354, 0.3843335645894209, 0.5269482110937436, 0.4605975418367929, 0.6375540424138308, 0.4342610941320244, 0.26734172317951005, 0.3027485195754303, 0.29476758232340217, 0.5079969635800174, 0.4643576867878437, 0.37474066143234575, 0.34833499017185054, 0.9385009387818476, 0.5374843779074795, 0.327372468697528, 0.6295069881367917, 0.5369757213355864, 0.4562326911545824, 0.4549861542232658, 0.25737632241927916, 1.261183813214302, 0.24494108052213528, 1.0910531299955704, 0.37023240708800004, 0.43296428946778176, 0.5130389227531851, 0.3903820706945327, 0.9106132130138576, 0.5701477091540308, 0.813480126199083, 0.33111395562688506, 0.8458772525191307, 0.3076098930711547, 0.48083807860055694, 0.4192221389179501, 0.4820153941400349, 0.42467938984433806, 0.500452097505331, 0.5808713734149933, 0.5989206550021966, 0.514932855218649, 0.6943737719936863, 0.5714690736494958, 0.45427294820547104, 0.5248687567518038, 0.5857746442159018, 0.36619540591103333, 0.7027835052241298, 0.5246703603511883, 0.6094549298286438, 0.29565153525848137, 0.424618567586983, 0.4888776928807298, 0.5809445096800725, 0.5778155501000584, 0.6149677931068964, 0.42970707795272267, 1.0525947304235563, 0.5291183617415812, 0.4634613098151851, 0.3643382635588447, 0.5895677144198042, 0.43593698274344206, 0.6629970410729156, 0.4024672689847648, 0.6145625058365496, 0.6106676689104029, 0.5548983383923769, 0.6492492439700108, 0.6687163800001145, 0.543404963426292, 0.6291096278776724, 0.4843512510552126, 0.6487285566070806, 0.5631432089851134, 0.5090256715814272, 0.5409063912280228, 0.5302777992718666, 0.5750602120533586, 0.5281695675895647, 0.5178913948144398, 0.5430853708009971, 0.49511442425526525, 0.5294870773951212, 0.5688758765657742, 0.5357842116714701, 0.543264496140182, 0.45399244602967576, 0.47592078149318695, 0.6281519992386593, 0.5287249115155176, 0.6845574155449867, 0.6512309436996777, 0.4744884376724561, 0.5417692674242932, 0.6692157130067546]
2025-11-14 12:17:56 - feda2 - INFO - loss data:
2025-11-14 12:17:56 - feda2 - INFO - [0.7039499222546032, 0.6146861802786588, 0.8190785207246479, 1.4178563295041813, 0.5067391661142833, 1.54435751773417, 0.8508760631084442, 0.762331502876528, 0.7596947556982439, 1.0792002151994144, 0.8418230151136716, 1.3868161017696061, 0.7910810187458992, 0.6528591908955652, 1.1818737026304007, 0.6624542314973142, 0.7082271549540261, 0.7037475754178184, 0.5881208593750166, 0.7789705626976987, 1.0924964342266321, 0.6059764801088162, 1.0275081172585487, 0.7693430374686916, 0.7840509330305983, 0.7221248802893302, 0.6976447946885053, 0.6986178010702133, 0.6829882320016623, 0.3389634571356797, 0.29008512739868214, 1.6171844865505893, 0.5203771659810292, 0.5318361651087016, 0.36661818083969894, 0.9452855996787548, 0.6851109793409705, 1.4748977350691956, 0.7006316237151623, 0.5482183786729972, 0.5389662956198057, 1.0415860771838772, 0.5431639477854071, 0.6677392215320939, 0.49165217295746527, 0.6625058228847781, 0.6873570568859577, 0.4091631296411114, 0.6874951054342091, 0.31827273460415506, 0.718897779037555, 0.390927531521043, 0.41398220837992783, 0.5054021153206888, 0.7290461690148763, 0.7782898930211861, 0.5601463870455822, 0.5102305718959352, 0.5146635128185153, 0.5052729000282639, 0.3988700921683773, 0.6511593357556396, 0.7505156489856103, 0.7316003690163295, 0.4661949318905733, 0.39319374008725083, 0.41245248783379795, 0.9334376525133848, 0.9032863365331044, 0.9136124691542458, 0.44703946383098103, 0.6992718213044637, 0.3652254389174152, 0.2992874804806585, 0.6059165706651078, 0.3515107285231352, 0.34819956475525704, 0.4159479874522529, 0.23984393121726397, 1.6012143449236949, 1.2111385249916244, 0.2957708347174856, 0.7252283065269391, 0.3686641142522443, 0.7710375828962577, 0.7540640865763029, 0.37060805773944594, 0.6686287317425013, 0.5032865735683956, 0.4188396474469061, 0.679148093523348, 0.6686965355830681, 0.48506352694376426, 0.3432477910659815, 0.23998507970746788, 0.5549667586425417, 0.22790635544677368, 0.44781215323342216, 0.5292432755231857, 0.4201532910267512, 0.7217369325459003, 0.6855991496187117, 0.46913568111550474, 0.26319354092389835, 0.39596116956737304, 0.5716663934290409, 0.4811166019031876, 0.5947303190827369, 0.435859031851093, 0.26978144314744623, 0.30717734644616335, 0.5231356071308255, 0.4739148251226415, 0.49632256931314866, 0.3298787369082371, 0.36050136806443334, 1.104855611609916, 0.5478419009961334, 0.30362471720824635, 0.6050643319008397, 0.5586821971570745, 0.4042690192814916, 0.4709688769248517, 0.2129039300295214, 1.5178435444831848, 0.2573394149566363, 1.0585034879253192, 0.35490042624144774, 0.42924138018861413, 0.5311798181074361, 0.3894948416699966, 0.8581275954842568, 0.6485617095056702, 0.7184949843347936, 0.2605791857155661, 0.9934949278831482, 0.3073446264283525, 0.4663671660034553, 0.42938559472916976, 0.5952574578113854, 0.5173170554141204, 0.517358080471038, 0.5150588322430849, 0.5989428179959456, 0.47721599638462064, 0.6987620484812752, 0.671042965259403, 0.4274021483957767, 0.6271051672451636, 0.49938172263403735, 0.4160697558739533, 0.6851918566095478, 0.6452260859724548, 0.7551429267558787, 0.31520307468174147, 0.48918091117714846, 0.505926055368036, 0.5821446073551972, 0.5025546081985037, 0.610760372822563, 0.5150289338392516, 1.0737841141720612, 0.528657143860594, 0.46215549831589064, 0.4055094472650025, 0.7202961260550901, 0.3768006291349593, 0.6630471626187072, 0.5147114077893397, 0.6163216458078016, 0.5495284182264617, 0.581163601949811, 0.45136240267140026, 0.6718875865141551, 0.5428471851162613, 0.7138021215796471, 0.6038164290435174, 0.6457148808176103, 0.5786331940131884, 0.5423164521654447, 0.5293754710883334, 0.5158696866896757, 0.5558339115232229, 0.515551943093767, 0.5597862862780982, 0.5513813771053733, 0.508942323619632, 0.6003797742227713, 0.6347234286367893, 0.5646131656769859, 0.5217133830301464, 0.46920865367432146, 0.5668582882732153, 0.6741570563000792, 0.5237463775574399, 0.612305050387102, 0.6473003846903642, 0.5897471780578296, 0.5233791930843954, 0.657491372898221]
2025-11-14 21:52:07 - feda2 - INFO - loss data:
2025-11-14 21:52:07 - feda2 - INFO - [0.7010745153713384, 0.6162349829864171, 0.8210900814125413, 1.4249645059599596, 0.5041817640983745, 1.5054963156580925, 0.8374474997583188, 0.7399790992123494, 0.7396561538593637, 1.123674638474079, 0.8472530777255693, 1.3515059782399073, 0.7359418268005053, 0.6667574660019263, 1.1089430570602417, 0.585267250570986, 0.6296073314733803, 0.6901909465554591, 0.5620215816371557, 0.7397305863754203, 0.9966639503836632, 0.5570020951546621, 0.8651575744152069, 0.7198118349537254, 0.7539022001711762, 0.6699991046505815, 0.6545247494005689, 0.5743216027816136, 0.5498060341924429, 0.36957917317968647, 0.3106348084492816, 1.5062356035535533, 0.4436579094709534, 0.5226993058203605, 0.34801933401548824, 0.8843589383177459, 0.6597143732011318, 1.3113382011651993, 0.5691501480837663, 0.5365339383482933, 0.4640865539097124, 1.0002186191023181, 0.5268853381641355, 0.5455513275636915, 0.4006346360077722, 0.6530993623837782, 0.683111434802413, 0.4181737607699557, 0.6265809371446569, 0.3124206006371727, 0.9293926211694876, 0.4474874661174706, 0.42428725950565993, 0.5206630639241714, 0.6744998739868925, 0.7652030810713768, 0.4304582166175047, 0.48490719052847303, 0.3837649002671242, 0.4650874658323386, 0.3821796747244091, 0.6257308762934473, 0.7071075632291681, 0.7118234460552534, 0.44806834821223107, 0.3995646655869981, 0.4029417360201478, 0.6535230881068855, 0.7169009627153476, 0.7076939440825406, 0.452110808783848, 0.7522947089890762, 0.37834373398831017, 0.29825132170485125, 0.606001894817584, 0.3393299055751413, 0.29234543831185683, 0.39588978776681766, 0.24706803432976204, 1.3389446477716167, 1.242602542919271, 0.2919019095392691, 0.685885575056697, 0.3599050659046975, 0.7646988685193815, 0.5928128792593876, 0.24962417508100365, 0.4891957538202405, 0.5296366886619259, 0.4040638814606753, 0.7917201481759548, 0.5161489131084334, 0.464483873151681, 0.3605671857581719, 0.2926069956683932, 0.6001623325834149, 0.23205545606955033, 0.30878269750004017, 0.41595738629500073, 0.3796635001897812, 0.7130796141922474, 0.6427279071261485, 0.36807664287173086, 0.24509112638348807, 0.41789295379486346, 0.37652243239184224, 0.48799233929368485, 0.6257809107502301, 0.4511264692875152, 0.26955321113775044, 0.31478739196560734, 0.3610220146365464, 0.4930733838159105, 0.48009461614613735, 0.2622142215259373, 0.501974801654401, 1.0030810255557299, 0.5467459805967176, 0.32750612016146385, 0.6114452365566703, 0.5394079591805006, 0.44593110512942075, 0.47012597824568336, 0.2043454172865798, 1.277232587337494, 0.31052584353356477, 1.136433938868782, 0.34652360135594895, 0.44594030883163216, 0.5232583665909867, 0.3993339793549644, 0.8630818732082843, 0.6192690550404436, 0.6977684289972851, 0.3724216939881444, 0.7868487536907196, 0.30173080042004585, 0.4229441066475018, 0.4495016888523584, 0.4935162072069943, 0.4437160318096479, 0.5306516017557846, 0.5118485290557147, 0.5504878922055165, 0.4835786961019039, 0.7108658366310208, 0.6125196195207536, 0.45717660499115786, 0.5180974263770908, 0.5409294250110785, 0.28514349018223584, 0.6589167098788654, 0.48971268886493313, 0.7415834661159251, 0.32750324517139917, 0.43768828345182675, 0.5149910409624378, 0.5894453449795644, 0.5493314010750813, 0.6306121823307578, 0.44461953981469077, 1.0425823455055554, 0.5485157491091419, 0.46480576376381677, 0.3689472650488218, 0.6370181825600172, 0.45635036919265987, 0.6790668633492554, 0.46100439643487334, 0.5959616098487587, 0.6191443587996457, 0.5813287300989032, 0.6306829620517936, 0.6798968909929196, 0.5567760290578008, 0.6261843219399452, 0.47695791239247604, 0.6254203876723414, 0.5727316448982391, 0.4929345334569613, 0.558956806987956, 0.5576251669955985, 0.4821076042329272, 0.5461735699106665, 0.5288149686712844, 0.5313502640085693, 0.5073566053838424, 0.5520596152792374, 0.504383190224568, 0.534824399179534, 0.519673323413978, 0.4774931693710567, 0.5042659774422645, 0.5662764670217739, 0.5634703705149233, 0.5731507605489563, 0.5999804566303889, 0.5084234471122424, 0.5631199835597174, 0.5751100300500791]
