2025-11-06 15:25:10 - feda2 - INFO - loss data:
2025-11-06 15:25:10 - feda2 - INFO - [0.6905579866694385, 0.5958360884493837, 0.8420639830200296, 1.3921432985978968, 0.49152583833048613, 1.420959752984345, 0.822671643213222, 0.6629871363292678, 0.6706977624627244, 1.088349344975808, 0.7059631456931432, 1.0822664544814162, 0.6665414744367202, 0.581396670815976, 0.9557062635198236, 0.4809914304279826, 0.6085304622538388, 0.5585850518078123, 0.4064995212894347, 0.5857436619699001, 0.8646449185907841, 0.44389161930963905, 0.7448939438909292, 0.5975624797244867, 0.644199216957478, 0.5867155976593494, 0.5158373030523459, 0.6130053748687108, 0.5357510801404715, 0.3223205361980945, 0.2694012828598109, 1.3036543427345655, 0.4216894068216023, 0.4543194310968382, 0.3091519307135968, 0.6656617107801139, 0.7069468184839934, 1.4399263795465231, 0.6141607215007147, 0.5768411474923293, 0.46720744690133464, 0.9098188757014118, 0.46118226168932874, 0.5628149880651842, 0.402272475180788, 0.5681961729153759, 0.6074296268634498, 0.3678707507746355, 0.5648354487493634, 0.2784430605566336, 0.6723561748862267, 0.3894069891836908, 0.36106605157012645, 0.44007819328506137, 0.6834735425287172, 0.7355930730700493, 0.5233757073680559, 0.45325958774443353, 0.4300565905869007, 0.40877467580139637, 0.34316314964591726, 0.6035554168952836, 0.5625418176984086, 0.5560082821175456, 0.3789475669409653, 0.40082595233495033, 0.3242721328046173, 0.8991061221342533, 0.7873646655740838, 0.6543129325351295, 0.32553904077136203, 0.5867412451297137, 0.3162549193000846, 0.22987277101136797, 0.5572651551208563, 0.30432782392017543, 0.3142021968715677, 0.32925834113848396, 0.24664139616975767, 1.4767009927891195, 1.0344549421878422, 0.24227318748469567, 0.6837521467176784, 0.3359231183505713, 0.7042234657626403, 0.8356820558508238, 0.21003367017126745, 0.5574060492217541, 0.4346151890854041, 0.3485574120484096, 0.6221575339269989, 0.5181914620204933, 0.39371903788517504, 0.2816319168594323, 0.19388074015457984, 0.48616289063111734, 0.18708594830079367, 0.45400694995704627, 0.4845794439315796, 0.3792376309633255, 0.6622987877577543, 0.5462963979484307, 0.5590904899306932, 0.2554964177859643, 0.2991168539350232, 0.4144539386034012, 0.4550790001491183, 0.505290424823761, 0.3922061016990079, 0.2015078070312085, 0.25585817094332824, 0.43653623666614294, 0.4471230278358511, 0.41664328367138903, 0.26636126513282454, 0.34588676987998723, 0.912193771606932, 0.46173260929245574, 0.2224326271874209, 0.5120295400493869, 0.4515351547366556, 0.35976254753768444, 0.37655288009377924, 0.1828573234896693, 1.40343776345253, 0.19157326198795713, 0.8781323387999744, 0.31160775890938286, 0.37440187085885557, 0.4565099948706726, 0.32551956224358747, 0.761964549869299, 0.5531261992805144, 0.5349513970693385, 0.28022986805687344, 0.9489197880029678, 0.2355671776458621, 0.39164701986895956, 0.38405607483240173, 0.5130814113654196, 0.44147108122706413, 0.41238268138840795, 0.4833194609731436, 0.5668162796646357, 0.43487281911075115, 0.5497923929082311, 0.5804623798467219, 0.35584664673854904, 0.5101196044946418, 0.4782630309462547, 0.39019312484500307, 0.5552494163241457, 0.4852639069164676, 0.6674798569745488, 0.27600328500072163, 0.3861139902686761, 0.41965692189211645, 0.4655639173462987, 0.4462802970781923, 0.48075043848231946, 0.5446574916131794, 0.8429867252707481, 0.4242039980603261, 0.36020996420921986, 0.27375898053610903, 0.5949926364578699, 0.38598721371381545, 0.5323764369987389, 0.4801598647609353, 0.5718276321365122, 0.4276745852536375, 0.47431169264018536, 0.5245517517860029, 0.5031564366072416, 0.4830919211730361, 0.6533494542042415, 0.4769601609338732, 0.593300995943339, 0.5125367268919945, 0.48355482531090577, 0.4756214052870653, 0.44490541062315403, 0.37656860829641425, 0.42886117535174045, 0.4859027299372589, 0.44984792380510097, 0.39443185028686134, 0.5923826787620783, 0.601856142282486, 0.4795121201559117, 0.39680451046054566, 0.3847076508805948, 0.5108663637191058, 0.5825033803634784, 0.4520566276157908, 0.5600456525297726, 0.5806659581760565, 0.5367616700629393, 0.4532394690196151, 0.6306410698841016]
2025-11-10 06:44:35 - feda2 - INFO - loss data:
2025-11-10 06:44:35 - feda2 - INFO - [0.7088117919690711, 0.5865988873828124, 0.8041262065893726, 1.5753458747092415, 0.48416093295897566, 1.5273808632045984, 0.8445388153195381, 0.6906637283770934, 0.6892801922642522, 1.1124752544990892, 0.7434591765205065, 1.1153629778159988, 0.7197254297633966, 0.5856969804061871, 1.071155920624733, 0.5313459694385528, 0.6579500727045039, 0.4970929943454251, 0.3982646550155348, 0.4930620718902598, 0.7901678644120693, 0.45196634086505805, 0.653181592002511, 0.5948685805934171, 0.6655148364987005, 0.5801710578448632, 0.5467963585374402, 0.6571019738912582, 0.4365667663514614, 0.3743525951806652, 0.29832355881872996, 1.2172005670145154, 0.402269020333494, 0.46938202432111686, 0.26294007117070983, 0.8477658447809517, 0.5326513536274433, 1.2679626626272997, 0.5679386201004187, 0.44597496365507444, 0.43121039536264205, 0.8573034606677921, 0.4909421403715813, 0.5527705792010876, 0.40848084484847885, 0.5798949979868466, 0.5917586744762957, 0.3747229229189376, 0.5864323267402749, 0.2670820124395606, 0.7169149904201428, 0.4015163210324115, 0.398881565329004, 0.3777115657423182, 0.6901063435433203, 0.5468798466026783, 0.3501970218106483, 0.46665440043251893, 0.4274121318012476, 0.4120282499010072, 0.34967776507084425, 0.5092317981438504, 0.5271903806749512, 0.58551052523156, 0.4091984830542984, 0.36024393824239576, 0.3772128804586828, 0.7922751596197486, 0.7431633512023836, 0.6723468945745159, 0.4537913956803989, 0.6341086422949568, 0.33294278502856434, 0.2500699725852529, 0.5721628548473947, 0.28251306621047356, 0.39408566166744813, 0.34032546695380006, 0.27404178578096133, 1.399319711374119, 0.8873973357326844, 0.2366074442397803, 0.6139339972028716, 0.35127749077515413, 0.615666299666229, 0.5603983767330647, 0.22194350285119274, 0.42848134646192193, 0.46043525978046307, 0.3544697645365408, 0.7044821223791908, 0.5507764450222667, 0.4010954307501807, 0.2999098961682696, 0.18855841704296633, 0.4355266032446372, 0.19358185023328486, 0.2660875754146319, 0.5239108800888062, 0.3218844578290979, 0.5936479702591896, 0.6247557941565497, 0.37703074238379486, 0.24834612151621932, 0.29103671935283476, 0.38820187995831174, 0.41474164283850734, 0.5055985408524672, 0.4723198058652795, 0.21397374804834263, 0.26015689296796657, 0.39617974031716585, 0.47194949647654655, 0.4094752764639755, 0.20909828289101523, 0.3987592582901319, 0.844324252102524, 0.4372744596764153, 0.21770119325568277, 0.505356363864506, 0.4580600290723583, 0.3881177844014019, 0.3614774719285576, 0.2002582014279647, 1.2887984365224838, 0.23618280048188017, 0.9092854090254097, 0.2787728784909553, 0.38576554115861655, 0.44922172759349144, 0.3264433342963457, 0.6912296429276467, 0.5319742398226962, 0.5373423856993516, 0.22091706935316324, 0.7032470107078552, 0.21299069923245245, 0.3362058856646004, 0.4092778482556562, 0.45754430815577507, 0.4053772867967685, 0.42095133226959863, 0.4291496805846691, 0.45065290307005246, 0.480944037809968, 0.5361672068703109, 0.5870255138725042, 0.36670529916882516, 0.5451925090861087, 0.3980967041105032, 0.30150251820062596, 0.5463841158020146, 0.5462969847851329, 0.6250649249802033, 0.2971195925397483, 0.45404748625907243, 0.41966184685006735, 0.4778869519631068, 0.4621814362394313, 0.47169320184728925, 0.5003703502006829, 0.7764321172402965, 0.4606965987282825, 0.36996457410747546, 0.3012126838374469, 0.5295720720957768, 0.4279136036988348, 0.5626344699850854, 0.3973995038152983, 0.5787777150539976, 0.4733256484291479, 0.5044560502283275, 0.42456132706766037, 0.5341992275168499, 0.5117021776735783, 0.5296597046156725, 0.5088538948227377, 0.4964269328376521, 0.491608296883189, 0.436672044172883, 0.44369031194111574, 0.4432404508333072, 0.5198101902691026, 0.4320897638245159, 0.5754696253468008, 0.4821273416003945, 0.3867986360799257, 0.5682356063276529, 0.5157719196130832, 0.46581567034713534, 0.4331396805743376, 0.38385230258719066, 0.4765674497932196, 0.5553970483734327, 0.4471566346771729, 0.48596975952386856, 0.574664827187856, 0.5203413262963295, 0.46248009217822034, 0.5051654434452455]
2025-11-10 07:36:31 - feda2 - INFO - loss data:
2025-11-10 07:36:31 - feda2 - INFO - [0.7088117919690711, 0.5865988873828124, 0.8041262065893726, 1.5753458747092415, 0.48416093295897566, 1.5273808632045984, 0.8445388153195381, 0.6906637283770934, 0.6892801922642522, 1.1124752536225502, 0.7434034905085961, 1.1135202331675425, 0.7205278255045413, 0.5795043630427436, 1.0660112561658024, 0.5318565605208277, 0.6491441872591773, 0.4904502545912549, 0.39059565123170614, 0.47372338369799155, 0.7843610774725676, 0.4473348489652077, 0.6292287241667509, 0.5895092166339357, 0.6607730350840617, 0.5775169568026768, 0.5441611147503935, 0.6628187944491704, 0.4265882056206465, 0.3719674612848872, 0.29105840884828166, 1.2156131993979216, 0.4002900378974645, 0.4674676971608087, 0.2617167653192559, 0.8553592534735799, 0.5458142131567001, 1.2842448766032855, 0.5646978619198004, 0.4498781720797221, 0.4249424207955599, 0.8868345243268108, 0.4867669926846729, 0.5519291278170912, 0.41286527354008795, 0.5779372046560326, 0.5854350901208818, 0.3744348315544901, 0.5891192201524973, 0.2688619024378972, 0.7301469222952923, 0.39858545987970295, 0.39957180514542107, 0.3733615332074758, 0.6829904044667879, 0.5625173846880595, 0.3620647344117363, 0.46532393952989887, 0.4325143117457628, 0.4148064945988795, 0.34710614745249496, 0.5102698357982768, 0.5383590586921748, 0.5831083531181018, 0.4086938977080048, 0.3647817632493874, 0.3696425706613809, 0.7921882998198271, 0.7055621123096595, 0.6703551363419085, 0.44291994484394726, 0.6337451788455525, 0.3313472848843064, 0.24912211261819014, 0.5701984630173279, 0.28129434008151294, 0.4002462137907155, 0.3364740727152417, 0.2779916658764705, 1.4034818808237712, 0.8876198200399386, 0.2366258112532604, 0.60879738707768, 0.3523104306335989, 0.6143218353390694, 0.5627109299103419, 0.21892767411191016, 0.4321382427588105, 0.4587505136780879, 0.35668492576989685, 0.6853135929935995, 0.5446901177056134, 0.3951268637662425, 0.2925040486856903, 0.18320794741581872, 0.41942565123501574, 0.19257721826943452, 0.2657468593291318, 0.5248706564307213, 0.31679731849581005, 0.5988983415067196, 0.6260297791644309, 0.39564763390323304, 0.24821854191096915, 0.2851862684927053, 0.3905651817719142, 0.40346322653063554, 0.49945687589546045, 0.47115782136356255, 0.20945599051437486, 0.2606552273649464, 0.3973610191605985, 0.4664474513867627, 0.4112832410881917, 0.20532295495892566, 0.3971871444280597, 0.8491298005295297, 0.4386768766624086, 0.2145420080050826, 0.5076234187857778, 0.46285788780626125, 0.38929276708513494, 0.3524608750544165, 0.19990836665965617, 1.32730533182621, 0.2370543672678698, 0.932372719246675, 0.2735895626179442, 0.3809467161539942, 0.4513519351370633, 0.32441700792147055, 0.7079309955239296, 0.54074188190348, 0.5320536110388197, 0.2087861377124985, 0.7018087059259415, 0.2127139020400743, 0.33264352326564817, 0.4053918373332742, 0.459813499590382, 0.3991475918640693, 0.4267639458800355, 0.42634013630449774, 0.4517783023416996, 0.4943134071305394, 0.5403732862121061, 0.6012151422910392, 0.3664573146651189, 0.5283762159592965, 0.4004805828134219, 0.31253197653374326, 0.5417046824360595, 0.5516717162811093, 0.6299126535240147, 0.29209094805566715, 0.44722768109218747, 0.42013108075285954, 0.4743856359273195, 0.4574822744354605, 0.46216863232666894, 0.5007205177874614, 0.777434488137563, 0.45438581770833797, 0.36785052425897957, 0.2994076899356312, 0.5300561460225206, 0.42435130185913295, 0.5604710485128795, 0.4123208766492704, 0.5791170124552751, 0.4683176678946965, 0.5070345927961171, 0.4237173333691031, 0.5606560070067644, 0.5103835625573993, 0.5470679091910521, 0.5125465774360825, 0.4917762002543263, 0.4953601908766561, 0.4390035015841325, 0.4437642951698407, 0.4419331332225629, 0.5120461764745414, 0.4303367881156752, 0.5700689843472313, 0.47739404527580037, 0.3820998836266094, 0.5588342460493247, 0.5356325196723143, 0.4666674410630214, 0.42428434221073985, 0.3851625693485069, 0.4844875350594521, 0.5559960989391102, 0.44301471185615604, 0.47836729993715005, 0.5721476092934609, 0.5160447622338931, 0.4593186996229317, 0.4968646777172883]
2025-11-10 21:52:30 - feda2 - INFO - loss data:
2025-11-10 21:52:30 - feda2 - INFO - [0.6944490774706202, 0.6055541380256828, 0.7950275320755809, 1.3822229636066101, 0.4861334605648983, 1.4226801125332713, 0.8000628846256357, 0.5922211762720152, 0.567539493359315, 1.059786824352296, 0.6671529161433378, 1.1735867907603583, 0.6450923940787713, 0.5087875945395545, 0.9881631616503, 0.49806351392633386, 0.47222553923105204, 0.5638178845310547, 0.3778827855260008, 0.4909900926674406, 0.754923322238028, 0.44037622442819935, 0.6727112596854568, 0.5975793582076827, 0.6258536517236601, 0.5755476885858704, 0.5159222266691572, 0.5036927138765652, 0.43942263163626194, 0.3221511144656688, 0.27267739758762116, 1.1586136769813797, 0.3715186129373155, 0.44973684748013815, 0.28821458595565574, 0.6562501625157893, 0.5678734220564365, 1.2740659214556218, 0.47125596379240353, 0.46769894411166507, 0.37948969648116165, 0.8291039552147451, 0.48367078870145325, 0.5272378965950849, 0.3625053415614131, 0.5975071950339865, 0.587029421236366, 0.3304004613020012, 0.5262107779271901, 0.26660578327977824, 0.571457127481699, 0.3530222307683693, 0.356423110159394, 0.3737872570483504, 0.5955948788476617, 0.5371237471699715, 0.3847224404259274, 0.43684186116226165, 0.3812357736751437, 0.42152057555230227, 0.3367613479175477, 0.5828432863992121, 0.5574818253517151, 0.5289170769974589, 0.3889034425222745, 0.3006192698764304, 0.33743075348902496, 0.6098587539047002, 0.6411891892009104, 0.5496292366262745, 0.458039091616101, 0.6141630460280383, 0.32772251204832603, 0.22892168440674948, 0.5462563950568438, 0.28826609095558525, 0.2506671866071165, 0.2978512981288885, 0.23170730515590143, 1.2015085248276591, 1.0207975035642876, 0.23005774231731063, 0.5470602672171986, 0.3288073292517826, 0.6355314096926075, 0.5447806825240453, 0.19400942112163952, 0.4885552069172263, 0.46503778478386354, 0.3074369585680726, 0.6599659994244576, 0.4427011067810882, 0.42929405253380537, 0.2681581108022089, 0.2169862850904691, 0.4630650483856076, 0.1799538457691799, 0.2674455437809229, 0.44421353315313655, 0.33852836924294627, 0.6377429913729429, 0.5482057088779079, 0.3138334807396556, 0.2327605622066528, 0.34882853821747833, 0.34202070596317447, 0.3518821111504446, 0.5327147327363491, 0.37314143809360556, 0.1900910960138661, 0.25299899613471805, 0.29039925313554704, 0.44911787670267667, 0.42860452899088464, 0.2618916593492031, 0.26031244096710626, 0.8974657530585924, 0.44532870021009563, 0.372160194752117, 0.5314812234511562, 0.4675631733775577, 0.4335274829529226, 0.4293792800896842, 0.1482096083038616, 1.2251896858215332, 0.2624671580882645, 0.9558703891932965, 0.29705402856368734, 0.3587230958044529, 0.446457022583733, 0.31917181083311635, 0.7420186117567937, 0.4842765940462842, 0.5491316663776187, 0.25241272260124487, 0.7705177813768387, 0.22995569774260124, 0.346945119049886, 0.38367487361435504, 0.4679632466286421, 0.4154695179313421, 0.4063450976391323, 0.4897511040791869, 0.5357694792250792, 0.38836366944015027, 0.5785004605903574, 0.5218130089342594, 0.3738968313361208, 0.4432117521908938, 0.4492602760593096, 0.2838734742254019, 0.557281474659548, 0.33828505552244476, 0.5722337644547224, 0.24919435475566235, 0.37630521231848335, 0.4230337720364332, 0.48511732891201975, 0.5004881732165813, 0.4711718669745142, 0.4307584854153296, 0.8756502984712522, 0.4224537281844269, 0.33889290853158427, 0.3245862109793557, 0.5187248887592241, 0.3961032465100288, 0.5805882667355677, 0.34762577448661125, 0.5580355064453263, 0.5129834052616437, 0.47712658252567053, 0.424895264062227, 0.4746720353141427, 0.45547278337180613, 0.47722307965159416, 0.41205739208004055, 0.6077125914718794, 0.46095060341758654, 0.4375968306014935, 0.4797279053516146, 0.4465549820486237, 0.3687303652986884, 0.46292790123606886, 0.46134010863070396, 0.4233424067035917, 0.38987111863712154, 0.5246579052259525, 0.48161293640732766, 0.44448353830528886, 0.39531786274164915, 0.3974514079644628, 0.44808762073516845, 0.5406880551839577, 0.45897577719196025, 0.5154290709863691, 0.5569382610420386, 0.4946778898437818, 0.471165836116542, 0.5474956134955089]
2025-11-11 15:44:07 - feda2 - INFO - loss data:
2025-11-11 15:44:07 - feda2 - INFO - [0.6845029003084883, 0.5907405841319511, 0.8196227785788084, 1.4619191394132727, 0.4673468984671656, 1.5360985528677702, 0.7977629554899115, 0.6287198557815366, 0.7553533467774589, 0.9468257575083876, 0.6796788680056731, 1.212258580658171, 0.6505147643387317, 0.5701719856771984, 0.9215799283236266, 0.47318134289234876, 0.5168962942746779, 0.5892051171109665, 0.41115074296895826, 0.5592917245036612, 0.8471465772017837, 0.4389390665947815, 0.7979095848277211, 0.5698225345773001, 0.6166674656081288, 0.6483868846998495, 0.5748109541395131, 0.42561783641576767, 0.5008258679881692, 0.3475032018227993, 0.29983958462388627, 1.0427391895403466, 0.41455397147097084, 0.4331243665137312, 0.2867603991601047, 0.8997605536133051, 0.5318472057580947, 1.197452761605382, 0.44045987700422606, 0.39554844722151755, 0.4484409381532007, 0.8961924040493996, 0.46403385510095974, 0.4589344366339215, 0.35503765108603, 0.565034539995271, 0.6447263592854142, 0.37527414821423105, 0.5056613362394273, 0.266082523468261, 0.6591285524268945, 0.3735213609515793, 0.34853754966866735, 0.46323751612860514, 0.5694645251098432, 0.7659922245269021, 0.40178467705845833, 0.42639799591372995, 0.3583107916638255, 0.43881897557088556, 0.36197733633247586, 0.5559979488866197, 0.495393549256465, 0.53601008746773, 0.4010359077503899, 0.4338624447894593, 0.3711943141184747, 0.7190772583708167, 0.5316606572984407, 0.5818813305129023, 0.543154068246255, 0.62210821361503, 0.31354203273199105, 0.26050807759230443, 0.4924250022611684, 0.2951856792438775, 0.2893806745874156, 0.3073080475037892, 0.19500999767721322, 1.5494193333821993, 0.9288123995065689, 0.23497952727807891, 0.5542203829520278, 0.34505204956987084, 0.7418065880376258, 0.557456390808026, 0.20716103538870811, 0.42843459360301495, 0.45592776134464086, 0.3557340508651626, 0.6142728665624471, 0.42796752024353024, 0.4036877731628278, 0.24246689108641523, 0.21252891836856078, 0.45580283473981054, 0.1744357103782224, 0.3299052231013775, 0.38203296313683194, 0.3820368668064475, 0.6574487227946519, 0.5238192481920123, 0.34842589402776664, 0.23079323678914063, 0.31431897807245457, 0.4454656106730302, 0.33598692594259455, 0.5128276538103819, 0.40461286121151513, 0.21308488989036467, 0.2567530053423575, 0.2976144696585834, 0.444730893522501, 0.3939072950122257, 0.30300361942499876, 0.29403008885033755, 1.0217708100875218, 0.44873183652320325, 0.31787964732696616, 0.5073303291464553, 0.4484773562015856, 0.3855709291994572, 0.3942467294957327, 0.14558390247273362, 1.2615738362073898, 0.18999596750118622, 0.9008509389179595, 0.3024707728443478, 0.3562689474783838, 0.4345770396757871, 0.31119777928623893, 0.7244288568617776, 0.6206153808709454, 0.5543832797827064, 0.27497480739839375, 0.7971994429826736, 0.2274088596718179, 0.38223725711197953, 0.3466241340741844, 0.4281704758759588, 0.3826814629137516, 0.4028629027824435, 0.5052269920706749, 0.5508901284386715, 0.40443455148488283, 0.5626703984023113, 0.5235662390477955, 0.3657253375276923, 0.4366171192012581, 0.5216530530403057, 0.35736476148789126, 0.5724201802712152, 0.43281294198499787, 0.4745456721219752, 0.23495705270518857, 0.3590113568450499, 0.42961053565765417, 0.4737263394519686, 0.4704626802820713, 0.4767389163391951, 0.4148368938670804, 0.8335363161232736, 0.41646609863629647, 0.36563307861225647, 0.24971633554539746, 0.5195916089180269, 0.3573718029423617, 0.578216317011153, 0.4122608794520298, 0.5587295714635074, 0.4550594720548313, 0.44066171487793326, 0.6255588744785272, 0.5950054572274288, 0.43285616701468826, 0.7244556968410809, 0.47437627810765715, 0.6103704626793447, 0.5803946973440663, 0.4429954236994187, 0.4700409863198149, 0.437999185212814, 0.425611208503445, 0.44298208823136964, 0.42057993036567, 0.4492101743932664, 0.39075150559880095, 0.4419659121582905, 0.4875685306886832, 0.4583167447953632, 0.5015808455646038, 0.3623655609750517, 0.4498876977711916, 0.5585667990586337, 0.4433847846048872, 0.6005158319192774, 0.6429657950997353, 0.42278180743257204, 0.4554294579864844, 0.6116582940643032]
2025-11-13 22:23:30 - feda2 - INFO - loss data:
2025-11-13 22:23:30 - feda2 - INFO - [0.6959050112207861, 0.6209462493140664, 0.8404802276115668, 1.3870453475152744, 0.5010946646430775, 1.5484273815527558, 0.8525654740239444, 0.7583457802597812, 0.7591653398962485, 1.1098743182466464, 0.8223950773477554, 1.4544100686907768, 0.7306277334690094, 0.64612030532015, 1.0922067945823073, 0.6000569750037458, 0.5952819924180707, 0.6893912164275261, 0.5350031212696599, 0.6942841118822495, 1.0223501278087497, 0.557649216124257, 0.9105921555310488, 0.6955842917785049, 0.7715496334302074, 0.7120836780351751, 0.6804332705397231, 0.5635671416918437, 0.5839423555880785, 0.3868720375405821, 0.2997117759569341, 1.481340479416152, 0.4554217937157342, 0.49985377277460014, 0.33962295752846533, 0.8393776477314532, 0.568125382065773, 1.1766220284005007, 0.5605906357367834, 0.45852238560716313, 0.482051076574458, 1.1390637725983797, 0.5118592462678946, 0.60745808710916, 0.4246521160627405, 0.6628806690797902, 0.7359429737553, 0.43052874125686347, 0.6054051380294065, 0.3101140075466699, 0.8291709189613661, 0.4504480621408826, 0.4349710421600178, 0.539375060581063, 0.6499463995559174, 0.8288456313312054, 0.37108617438934743, 0.5192059679017738, 0.35975589603185654, 0.4798329931081218, 0.39283196936251924, 0.7497480691721041, 0.5759378511677771, 0.7747073496381442, 0.45310764441456963, 0.49282515654340386, 0.4140250965952873, 0.7885647494345903, 0.6856470847657571, 0.6741585163947414, 0.4812605393266207, 0.7539124644877557, 0.3610480958824618, 0.31625220221079264, 0.5584090938274231, 0.3445878810714931, 0.326389163548715, 0.40576012516602433, 0.18839314398873183, 1.7833087807521224, 1.1945249026312548, 0.30172023888573873, 0.6344241379863687, 0.36287869168637277, 0.8407889045774937, 0.4699863281100988, 0.2598087904779176, 0.48833846766501665, 0.5330462802420644, 0.3949228557758033, 0.6729189939796925, 0.5462825317711879, 0.4577360679121578, 0.3130510225646982, 0.3215193998443687, 0.5369073858386592, 0.2376759374771306, 0.37523194837073487, 0.3871232469876607, 0.41302301759521165, 0.7954757682979107, 0.6751642767339945, 0.2827552588257984, 0.25853830953754997, 0.38207050009320176, 0.5250325345744689, 0.45884311741642786, 0.6375037683794895, 0.43447169310335687, 0.26681949441288516, 0.30250351863344094, 0.2952501750551164, 0.5074348452298538, 0.4638512715076407, 0.3776546216880282, 0.3464288225100524, 0.9396605764826139, 0.5378841389554974, 0.3282098388299346, 0.6290957145831164, 0.5358645741773003, 0.45571381761110386, 0.4534401759991179, 0.25789571517250603, 1.2605399638414383, 0.24428795757213312, 1.0906475883415516, 0.37169744017317996, 0.4329367086291313, 0.5116925048952301, 0.39028935562819245, 0.9124174172990024, 0.5682320211301832, 0.8157731842087663, 0.33084597842146957, 0.846269816160202, 0.30807641997105545, 0.4799917326511248, 0.4198224613552584, 0.48313122941181064, 0.42463215378423536, 0.499467883621239, 0.5772236097604037, 0.5992224390308062, 0.5175352077931166, 0.6914283571278919, 0.5690162749961019, 0.45362116768956184, 0.5236846115074906, 0.583318596581618, 0.3654443568860491, 0.7023097063031267, 0.521643317796083, 0.6106007926993899, 0.2952829889234221, 0.42426398939459153, 0.48903652690351007, 0.5789246035118898, 0.5801059067249298, 0.6156878267804873, 0.42831159569323063, 1.0513937949306436, 0.5285225388573789, 0.463120377521243, 0.3612144673243165, 0.5879304961938607, 0.43518637008965017, 0.6617739556905101, 0.4008887208377322, 0.6135742063846504, 0.614670811750387, 0.5546477120369673, 0.6493024947304352, 0.6713237003733714, 0.5438130669295788, 0.6277153144280117, 0.48618534820921283, 0.647441155884577, 0.5618819900426186, 0.5105229223767916, 0.5400586824162282, 0.5289052590689696, 0.5697508811329801, 0.5273716055295047, 0.519787767135045, 0.5428784852703289, 0.49338429896864244, 0.5295265906800827, 0.568263852596283, 0.534805882648614, 0.5440490888431668, 0.4527475588869502, 0.47460812143981457, 0.6294828780433711, 0.5278323999679913, 0.6824076210751253, 0.6510896727442741, 0.4732496179640293, 0.5408820962776308, 0.6684692228833835]
2025-11-14 12:18:55 - feda2 - INFO - loss data:
2025-11-14 12:18:55 - feda2 - INFO - [0.7039499222546032, 0.6146861802786588, 0.8190785207246479, 1.4178563295041813, 0.5067391661142833, 1.54435751773417, 0.8508760631084442, 0.762331502876528, 0.7596947556982439, 1.0792002151994144, 0.8418230151136716, 1.3868161017696061, 0.7910810187458992, 0.6528591908955652, 1.1818737026304007, 0.6624542314973142, 0.7082271549540261, 0.7037475754178184, 0.5881208593750166, 0.7789705626976987, 1.0924964342266321, 0.6059764801088162, 1.0275081172585487, 0.7693430374686916, 0.7840509330305983, 0.7221248802893302, 0.6976447946885053, 0.6986178010702133, 0.6829882320016623, 0.3389634571356797, 0.29008512739868214, 1.6171844865505893, 0.5203771659810292, 0.5318361651087016, 0.36661818083969894, 0.9452855996787548, 0.6851109793409705, 1.4748977350691956, 0.7006316237151623, 0.5482183786729972, 0.5389662956198057, 1.0415860771838772, 0.5431639477854071, 0.6677392215320939, 0.49165217295746527, 0.6625058228847781, 0.6873570568859577, 0.4091631296411114, 0.6874951054342091, 0.31827273460415506, 0.718897779037555, 0.390927531521043, 0.41398220837992783, 0.5054021153206888, 0.7290461690148763, 0.7782898930211861, 0.5601463870455822, 0.5102305718959352, 0.5146635128185153, 0.5052729000282639, 0.3988700921683773, 0.6511593357556396, 0.7505156489856103, 0.7316003690163295, 0.4661949318905733, 0.39319374008725083, 0.41245248783379795, 0.9334376525133848, 0.9032863365331044, 0.9136124691542458, 0.44703946383098103, 0.6992718213044637, 0.3652254389174152, 0.2992874804806585, 0.6059165706651078, 0.3515107285231352, 0.34819956475525704, 0.4159479874522529, 0.23984393121726397, 1.6012143449236949, 1.2111385249916244, 0.2957708347174856, 0.7252283065269391, 0.3686641142522443, 0.7710375828962577, 0.7540640865763029, 0.37060805773944594, 0.6686287317425013, 0.5032865735683956, 0.4188396474469061, 0.679148093523348, 0.6686965355830681, 0.48506352694376426, 0.3432477910659815, 0.23998507970746788, 0.5549667586425417, 0.22790635544677368, 0.44781215323342216, 0.5292432755231857, 0.4201532910267512, 0.7217369325459003, 0.6855991496187117, 0.46913568111550474, 0.26319354092389835, 0.39596116956737304, 0.5716663934290409, 0.4811166019031876, 0.5947303190827369, 0.435859031851093, 0.26978144314744623, 0.30717734644616335, 0.5231356071308255, 0.4739148251226415, 0.49632256931314866, 0.3298787369082371, 0.36050136806443334, 1.104855611609916, 0.5478419009961334, 0.30362471720824635, 0.6050643319008397, 0.5586821971570745, 0.4042690192814916, 0.4709688769248517, 0.2129039300295214, 1.5178435444831848, 0.2573394149566363, 1.0585034879253192, 0.35490042624144774, 0.42924138018861413, 0.5311798181074361, 0.3894948416699966, 0.8581275954842568, 0.6485617095056702, 0.7184949843347936, 0.2605791857155661, 0.9934949278831482, 0.3073446264283525, 0.4663671660034553, 0.42938559472916976, 0.5952574578113854, 0.5173170554141204, 0.517358080471038, 0.5150588322430849, 0.5989428179959456, 0.47721599638462064, 0.6987620484812752, 0.671042965259403, 0.4274021483957767, 0.6271051672451636, 0.49938172263403735, 0.4160697558739533, 0.6851918566095478, 0.6452260859724548, 0.7551429267558787, 0.31520307468174147, 0.48918091117714846, 0.505926055368036, 0.5821446073551972, 0.5025546081985037, 0.610760372822563, 0.5150289338392516, 1.0737841141720612, 0.528657143860594, 0.46215549831589064, 0.4055094472650025, 0.7202961260550901, 0.3768006291349593, 0.6630471626187072, 0.5147114077893397, 0.6163216458078016, 0.5495284182264617, 0.581163601949811, 0.45136240267140026, 0.6718875865141551, 0.5428471851162613, 0.7138021215796471, 0.6038164290435174, 0.6457148808176103, 0.5786331940131884, 0.5423164521654447, 0.5293754710883334, 0.5158696866896757, 0.5558339115232229, 0.515551943093767, 0.5597862862780982, 0.5513813771053733, 0.508942323619632, 0.6003797742227713, 0.6347234286367893, 0.5646131656769859, 0.5217133830301464, 0.46920865367432146, 0.5668582882732153, 0.6741570563000792, 0.5237463775574399, 0.612305050387102, 0.6473003846903642, 0.5897471780578296, 0.5233791930843954, 0.657491372898221]
2025-11-14 21:53:57 - feda2 - INFO - loss data:
2025-11-14 21:53:57 - feda2 - INFO - [0.7010745153713384, 0.6162349829864171, 0.8210900814125413, 1.4249645059599596, 0.5041817640983745, 1.5054963156580925, 0.8374474997583188, 0.7399790992123494, 0.7396561538593637, 1.123674638474079, 0.8472530777255693, 1.3515059782399073, 0.7359418268005053, 0.6667574660019263, 1.1089430570602417, 0.585267250570986, 0.6296073314733803, 0.6901909465554591, 0.5620215816371557, 0.7397305863754203, 0.9966639503836632, 0.5570020951546621, 0.8651575744152069, 0.7198118349537254, 0.7539022001711762, 0.6699991046505815, 0.6545247494005689, 0.5743216027816136, 0.5498060341924429, 0.36957917317968647, 0.3106348084492816, 1.5062356035535533, 0.4436579094709534, 0.5226993058203605, 0.34801933401548824, 0.8843589383177459, 0.6597143732011318, 1.3113382011651993, 0.5691501480837663, 0.5365339383482933, 0.4640865539097124, 1.0002186191023181, 0.5268853381641355, 0.5455513275636915, 0.4006346360077722, 0.6530993623837782, 0.683111434802413, 0.4181737607699557, 0.6265809371446569, 0.3124206006371727, 0.9293926211694876, 0.4474874661174706, 0.42428725950565993, 0.5206630639241714, 0.6744998739868925, 0.7652030810713768, 0.4304582166175047, 0.48490719052847303, 0.3837649002671242, 0.4650874658323386, 0.3821796747244091, 0.6257308762934473, 0.7071075632291681, 0.7118234460552534, 0.44806834821223107, 0.3995646655869981, 0.4029417360201478, 0.6535230881068855, 0.7169009627153476, 0.7076939440825406, 0.452110808783848, 0.7522947089890762, 0.37834373398831017, 0.29825132170485125, 0.606001894817584, 0.3393299055751413, 0.29234543831185683, 0.39588978776681766, 0.24706803432976204, 1.3389446477716167, 1.242602542919271, 0.2919019095392691, 0.685885575056697, 0.3599050659046975, 0.7646988685193815, 0.5928128792593876, 0.24962417508100365, 0.4891957538202405, 0.5296366886619259, 0.4040638814606753, 0.7917201481759548, 0.5161489131084334, 0.464483873151681, 0.3605671857581719, 0.2926069956683932, 0.6001623325834149, 0.23205545606955033, 0.30878269750004017, 0.41595738629500073, 0.3796635001897812, 0.7130796141922474, 0.6427279071261485, 0.36807664287173086, 0.24509112638348807, 0.41789295379486346, 0.37652243239184224, 0.48799233929368485, 0.6257809107502301, 0.4511264692875152, 0.26955321113775044, 0.31478739196560734, 0.3610220146365464, 0.4930733838159105, 0.48009461614613735, 0.2622142215259373, 0.501974801654401, 1.0030810255557299, 0.5467459805967176, 0.32750612016146385, 0.6114452365566703, 0.5394079591805006, 0.44593110512942075, 0.47012597824568336, 0.2043454172865798, 1.277232587337494, 0.31052584353356477, 1.136433938868782, 0.34652360135594895, 0.44594030883163216, 0.5232583665909867, 0.3993339793549644, 0.8630818732082843, 0.6192690550404436, 0.6977684289972851, 0.3724216939881444, 0.7868487536907196, 0.30173080042004585, 0.4229441066475018, 0.4495016888523584, 0.4935162072069943, 0.4437160318096479, 0.5306516017557846, 0.5118485290557147, 0.5504878922055165, 0.4835786961019039, 0.7108658366310208, 0.6125196195207536, 0.45717660499115786, 0.5180974263770908, 0.5409294250110785, 0.28514349018223584, 0.6589167098788654, 0.48971268886493313, 0.7415834661159251, 0.32750324517139917, 0.43768828345182675, 0.5149910409624378, 0.5894453449795644, 0.5493314010750813, 0.6306121823307578, 0.44461953981469077, 1.0425823455055554, 0.5485157491091419, 0.46480576376381677, 0.3689472650488218, 0.6370181825600172, 0.45635036919265987, 0.6790668633492554, 0.46100439643487334, 0.5959616098487587, 0.6191443587996457, 0.5813287300989032, 0.6306829620517936, 0.6798968909929196, 0.5567760290578008, 0.6261843219399452, 0.47695791239247604, 0.6254203876723414, 0.5727316448982391, 0.4929345334569613, 0.558956806987956, 0.5576251669955985, 0.4821076042329272, 0.5461735699106665, 0.5288149686712844, 0.5313502640085693, 0.5073566053838424, 0.5520596152792374, 0.504383190224568, 0.534824399179534, 0.519673323413978, 0.4774931693710567, 0.5042659774422645, 0.5662764670217739, 0.5634703705149233, 0.5731507605489563, 0.5999804566303889, 0.5084234471122424, 0.5631199835597174, 0.5751100300500791]
2025-11-23 01:16:20 - feda2 - INFO - loss data:
2025-11-23 01:16:20 - feda2 - INFO - [1.0495814772943657, 1.096622347831726, 0.5355967652339202, 1.6384897866639596, 1.2054549348023202, 1.0670911287268003, 0.7609539524252926, 1.719612190292941, 0.7915969791511694, 0.8059360049664974, 1.0383844806679656, 2.525588309764862, 0.7723349471886953, 0.8126926182044877, 0.8004472288602624, 0.6881294142311583, 0.8252610635189783, 2.177493726213773, 0.6759240362664749, 1.2411176853909573, 1.1788837953617697, 0.694489020605882, 0.581637001120382, 0.874357028802236, 0.5099747799294091, 0.6852488654832809, 0.5787281773984432, 0.42906475726228493, 0.6591116767376661, 0.9971534733015757, 0.5413621622655127, 0.7732878790961372, 0.4850184422075039, 0.6743355772343644, 0.47718670091126114, 0.47630950200379407, 0.6734967082738876, 0.523853095062077, 0.4263048616637077, 1.2217756641407806, 0.5685207306881224, 0.581180746604999, 0.489671536659201, 0.4860310410459836, 0.45576545517477723, 0.44343465169270835, 0.5012590982285994, 0.5464187084386747, 0.5368582037587961, 0.38778383392566, 0.4036467069139083, 0.5715984733154377, 0.5921450672050317, 0.3487786058543457, 0.3382287898721794, 0.3459960551311573, 0.4591407272964716, 0.4038492553823051, 0.5017945461681691, 1.1267215557396413, 0.5410170609752337, 0.546535138040781, 0.41907870924721163, 0.4021100173704326, 0.35991690736161647, 0.597043239795848, 0.3806030102760384, 0.6837981964151065, 0.43391358363442123, 0.5395725332200527, 0.3751051597983429, 0.4513018523653348, 0.439585892111063, 0.45808143897189035, 0.4425676410110333, 0.3361958474691572, 0.5409354400510589, 0.38873732770825253, 0.8209636538392968, 0.6856489619240165, 0.7579746674746275, 0.6815893399561274, 0.5239567896351218, 0.513056127478679, 0.37460525098833297, 1.0492941894465022, 0.44848794463956565, 0.4688616914985081, 0.3703781222903181, 0.6706422987083593, 0.32199576973087257, 0.3811180609692302, 0.3965671099571564, 0.41430924770732724, 0.28641616191583663, 0.35977137595829034, 0.5089704686154921, 0.4145442616815368, 0.5283553458129366, 0.404794325803717, 0.4877796322107315, 0.2810171784554747, 0.860086852312088, 0.4534991694614291, 0.4951883152127266, 0.39576914208952474, 0.8330683813740809, 0.5588306920602918, 0.33118630607893307, 0.9723031209129044, 0.5482300708691279, 0.49303892689446605, 0.32549978797805723, 0.8901052241524061, 0.5572648279368877, 0.3615558049331109, 0.42399431668842835, 0.3864171559134355, 0.41426637178907794, 0.40606408119201665, 0.523788435012102, 0.6429237195601065, 0.38109383832752, 0.9804976756374041, 0.46587005082779287, 0.35653173235746527, 0.5641466884149445, 0.5619495774929723, 0.2661645183147028, 0.8174826481069128, 0.3419865248724818, 0.5150769520550966, 0.4157636094933901, 0.3721005763148978, 0.840622606376807, 0.38171571047471364, 0.40785231685472856, 0.4152084644883871, 0.46178420272966225, 0.5483984586383615, 0.3874575791673528, 0.4016413600701425, 0.3327273943017991, 0.5456597065696349, 0.2224582964554429, 0.9906124378864964, 0.4290525561017502, 0.43265440045959425, 0.5157961226617679, 0.4854039354249835, 0.5090266514569521, 0.5803287662565708, 0.4596036984274785, 0.3372975029841816, 0.6807206813246012, 0.6812349855899811, 0.49697317321522116, 0.5474895320832729, 0.46986517073252265, 0.4878945890814066, 0.46645938605070114, 0.46756408996880056, 0.5230726059526205, 0.5596647414689262, 0.4455773883809646, 0.44183692932455687, 0.5420761826403794, 0.46994044786940015, 0.5619072824095687, 0.4916042971114317, 0.4881843348344167, 0.6415557810350468, 0.5040550925768912, 0.5253401069400403, 0.40483558617341214, 0.48735435634182817, 0.4188909012366805, 0.42237560562471044, 0.5832735792334591, 0.49428885769014963, 0.45769017897546294, 0.8720480220822188, 0.4417758995517232, 0.4248924889526833, 0.4941091276705265, 0.43046945333480835, 0.5013196989893913, 0.4614595548560222, 0.5786239577359275, 0.45359085731465243, 0.4815951040700862, 0.3755419002883589, 0.4222227529933056, 0.4384910234560569, 0.5051729979614417, 0.376724118175797, 0.39972953433277963, 0.4823498232911031, 0.6146274382402575, 0.5150301128625869]
2025-11-23 06:58:12 - feda2 - INFO - loss data:
2025-11-23 06:58:12 - feda2 - INFO - [0.8042914072672527, 0.7813949723465321, 0.8297682791948318, 0.9761819678048292, 0.8143187627817193, 0.8092142605576023, 0.8454173863370777, 0.6301702648015886, 0.800396815056545, 0.7308686717260968, 0.6738669467278016, 0.6498069937496136, 0.6521518616937101, 0.6346897411470611, 0.9660184912028766, 0.5519379035880169, 0.6748810583226561, 0.4228982612490654, 1.0583707741183095, 0.7574525464393875, 0.6229084589119469, 0.6111456136650966, 0.49135498764614266, 0.8004751150129419, 0.7295510195110035, 0.5905374716967344, 0.6892491054558565, 0.7028951789178546, 0.5389384624476616, 0.9387383364761869, 0.6076893817101205, 0.5223049963824451, 0.6523997373878956, 0.5873172001114914, 0.5309189584006295, 0.5480356603860855, 0.46225897819247275, 0.5752671515382826, 0.40348651582996053, 0.547546376704142, 0.5752289493878682, 0.32171970236425596, 0.5226888592199732, 0.6570909499885544, 0.500813248020316, 0.5358123582601547, 0.3962372945113616, 0.4477457093695799, 0.6320384715994198, 0.6156831466489368, 0.45908064721152186, 0.6859423478444417, 0.5351547426411083, 0.6990593121283584, 0.6031478906848601, 0.40969151025637984, 0.36019534788404906, 0.45203725785355675, 0.5520632360130548, 0.5429006023332477, 0.5812559206452634, 0.3176590140288075, 0.5579709613074859, 0.556862280371931, 0.6587766595184803, 0.5343093994472707, 0.48589320427605087, 0.36949627321834366, 1.1029751921693485, 0.4350579692920049, 0.5558225756718053, 0.443726958334446, 0.3081379198215225, 0.5430846545100212, 0.5481360162516216, 0.3827348478973426, 0.47629944671844615, 0.3946650394548972, 0.3981089459667946, 0.5450800048808258, 0.3712092303970679, 0.5448014735513264, 0.4688040097909314, 0.6938061943863119, 0.39496045160506454, 0.4750327704407807, 0.449234118152942, 0.5676933936774731, 0.42012100997898316, 0.649314309987757, 0.3629887889985038, 0.4445953511649912, 0.41903830584122503, 0.4208884605734081, 0.3567350110504776, 0.6195151847840725, 0.4078264247315625, 0.5726691765511143, 0.34130392139777543, 0.4638151055574417, 0.3722222194475232, 0.5369749901195368, 0.33462425735779106, 0.39332662247376055, 0.9247219599783421, 0.6819789514411241, 0.2810713570409765, 0.535331686441779, 0.36250849566281296, 0.43736684501457673, 0.4484959822562006, 0.5349975826425685, 0.5007192383830745, 0.3589685633778572, 0.8623763484259446, 0.5059148675610876, 0.31145368268092477, 1.6370258476171229, 0.5133896053192162, 0.44849683653652195, 0.49868237456450093, 0.448156818151474, 0.41090194175951184, 0.5353565701128294, 0.47682790889862986, 0.6827021936575572, 0.3541678052085141, 0.31953360221038263, 0.3713565334549238, 0.5318654242037523, 0.4264489277385366, 0.33236299141142994, 0.9507600978016854, 0.4904519581546386, 0.5944479682615825, 0.4853021790087223, 0.40912831967164365, 0.46721406715611613, 0.5750349987712171, 0.5058314854448491, 0.39618788068182764, 0.4259472186788029, 0.3447792135348374, 0.5732727945806124, 0.3857377181450526, 0.37573797814548016, 0.5475086166035561, 0.5813816760977109, 0.4445343813193696, 0.4529264134836608, 0.48081204691773344, 0.46530940550668487, 0.44087009717311176, 0.3481680274009704, 0.48858108359078567, 0.7973457658663392, 0.6019226548572381, 0.4158615361899137, 0.5457546911907919, 0.5501093542219228, 0.4381249923815672, 0.5368330839339555, 0.6548361200839281, 0.4682975968656441, 0.4879506672658618, 0.5522575678351598, 0.36954216718052824, 0.4395448991230556, 0.4606027904101486, 0.5581269654134909, 0.5169124681916502, 0.519959603746732, 0.5336521644559171, 0.46667589921326863, 0.41799098327755924, 0.5700833854221162, 0.6446008839541011, 0.51167471917967, 0.5766455891675183, 0.4123029700282848, 0.5482842030801943, 0.5775894525150458, 0.4775556013496085, 0.6259807965531945, 0.4524068956573804, 0.510486485891872, 0.7359356563538313, 0.619588071391696, 0.5769844306538803, 0.5351384962071675, 0.4653670237887474, 0.6283476319577959, 0.5348850704936517, 0.547993128374219, 0.5038509042897901, 0.5312719578295946, 0.5022951089555309, 0.514753074861235, 0.5299449060112238, 0.5166702175341632]
2025-11-23 09:11:04 - feda2 - INFO - loss data:
2025-11-23 09:11:04 - feda2 - INFO - [0.9165820486488796, 1.0807512803003192, 0.8943791026870409, 0.7236568659898781, 0.8527938880854182, 0.5317841573485307, 0.8895099848508835, 1.3455041522781053, 0.9326097066689254, 0.9352430318083083, 0.8540094065169493, 0.5781086618080735, 0.6566541587313016, 1.6148473303765059, 0.6693454459309578, 0.987937336769842, 0.5901462345811209, 0.46249733288728057, 0.7262162420721281, 0.7685932674933047, 1.1713437793547647, 0.6120586263490658, 0.6441705177227657, 0.7554871707977283, 0.9309772351070454, 0.702110560486714, 0.8531864969325917, 1.2608991469207562, 0.6863395934846221, 0.6472142266686118, 0.6900036784509818, 0.3392897376834991, 0.5827464653250689, 0.4941889334470033, 0.8346654029133228, 0.5718863510659763, 0.5674050860934787, 0.6432608929773171, 0.5733310990035534, 0.6173041873345417, 0.7566915542951652, 0.8311070484273574, 0.509852581191808, 0.6991461263526053, 0.8011077955365181, 0.52304630837681, 0.6122133235136669, 0.5030697945150591, 1.0883607088277736, 0.8234659876408321, 0.42584038823843007, 0.5513980449524287, 0.7078346858421962, 0.5285367187588734, 0.7110577512245913, 0.3470468847701947, 0.6448245557782415, 0.4546702396124601, 0.4799348160624504, 0.5268825056652229, 0.37745398863711777, 0.4580711874046496, 0.6885444596409798, 0.5844355192449358, 0.42111619086936114, 1.030330733458201, 0.6383547831613283, 0.6170744117970268, 0.4128794694146237, 1.2008706278034618, 0.5401846909752259, 0.4927222276727358, 0.42606749570307634, 0.7377232917480998, 0.42797108801702655, 0.529168433376721, 0.46257025818857883, 0.8684398790910131, 0.4044158007018268, 0.8591879526774089, 0.6299836055372223, 0.5636186353862285, 0.46748700806250176, 0.9269370704889297, 0.6713135684566462, 0.572871581007514, 0.7291219682122271, 0.47995188893717633, 0.5063218300541242, 1.0730963088572025, 0.6190174110233784, 0.44719352573156357, 0.4337043751563345, 0.9576674769322078, 0.5078659504652023, 0.49123570392383076, 0.5572134063524359, 0.506400393888409, 0.8748725377954543, 0.6558522436317507, 0.535456867267688, 0.5158287266062366, 0.38899503785762046, 0.7855952306865499, 0.6541267026215791, 0.7930459131797155, 0.703023597467364, 0.7304555566981434, 0.8456745310908272, 0.9603353298845745, 0.8371959661966876, 0.5176898728878725, 0.4169362929960092, 0.4754986129291765, 0.6190632206077378, 0.3495989924296736, 0.8978131757332728, 0.4927795363590121, 0.7899300962952631, 0.4731563681529628, 0.46786285872970307, 0.49101460321495927, 0.4148056132077169, 0.5828857528666656, 0.689798991009593, 0.6073119292656581, 0.3610038127217974, 0.5338277646193379, 0.30893302424810826, 0.8915896013379097, 0.37666363579531514, 1.4212557539007717, 0.4999439396585027, 0.4939327319152653, 0.6613593495761354, 0.39800222124904394, 0.3731545975957161, 0.654505261282126, 1.3187947173913321, 0.6587447396479547, 0.42477339748293164, 0.3603093619549683, 0.5562782383540221, 0.6479716209658222, 0.4714195501100231, 0.6488652070363363, 0.3882175155427484, 0.8413507607248094, 0.536399743705988, 0.44830487046745565, 0.6066835218419632, 0.6253291987592265, 0.5210750240928087, 0.394144182279706, 0.56965252161026, 0.8880771350425979, 0.4992277446602072, 0.8339098467181125, 0.6355707075979029, 0.5564911435047786, 0.5245540203855318, 0.5413971213002999, 0.6221847088800536, 0.44664729411403337, 1.2189166898790158, 0.674911288337575, 0.5778554553786914, 0.5823375269770622, 0.6836502897242704, 0.6424683914298103, 0.9240629081303875, 1.0135097453991573, 0.4749653291396031, 0.3572261213798795, 0.93970329705991, 0.6766371721845298, 0.8761800817317433, 0.5704813285006418, 0.54793866617339, 0.5361814033772264, 0.5443016829590003, 0.5972172005900315, 0.5659557799465562, 0.508500280107061, 0.7549878629811463, 1.0348417907953262, 0.6929880599371898, 1.0234367499748864, 0.7920513635172564, 0.803046802026138, 0.5756915748903626, 0.8554881850878397, 0.7421744683136542, 0.7243091488877933, 0.5798012602486109, 0.6210843533277512, 0.7005814512570698, 0.610784450918436, 0.49879309538574446, 0.7978303174177805]
2025-11-26 14:18:55 - feda2 - INFO - loss data:
2025-11-26 14:18:55 - feda2 - INFO - [1.0443547467390695, 1.0781796090304852, 0.540281184633764, 1.6997560433529575, 1.2411269802186224, 1.057752189040184, 0.8151506148278713, 1.762203387916088, 0.7817874930799007, 0.7700988419353962, 1.044359333014914, 2.4701893821358683, 0.8025274659196535, 1.0577193084690306, 0.9111744133613959, 0.8445298441040974, 1.0128854394313835, 1.819056967894236, 0.7937418512743095, 1.3419238415000767, 1.5709448292067176, 0.8538866952061653, 0.6739502088063294, 1.0616047573586305, 0.6249236098137395, 0.8089676475486695, 0.7017958988746007, 0.5568454715494926, 0.8488757275044918, 1.0001526358895578, 0.6226925440132618, 0.8682800291313065, 0.5937581169374642, 0.840567530717766, 0.6368649775783222, 0.5889009952417805, 0.8052258640527725, 0.6562574508289496, 0.4545677450352481, 1.6259822343786556, 0.6762899963610005, 0.6974823681016764, 0.5928012757251659, 0.5653255643943946, 0.5329336419701576, 0.5404679659754038, 0.5813292638797845, 0.6278734554847081, 0.6183951033900181, 0.5541306527283711, 0.4979244718949, 0.6382114648198088, 0.71831908300519, 0.4008534718201392, 0.39391357933895454, 0.40156060602102017, 0.5479094150165718, 0.45922775602056864, 0.683004542286026, 1.1322532006849846, 0.62839306058983, 0.6104521982371807, 0.489835091556112, 0.5905169619428408, 0.42478463148370715, 0.694086065966832, 0.4377244832904491, 0.80155855640769, 0.5331782115002472, 0.5493570180816782, 0.4504479706091316, 0.5443020984530449, 0.6256155546754598, 0.5134252817266517, 0.4903923380069244, 0.38088270707120153, 0.6159056516985099, 0.44311974826001227, 0.9553522520388167, 0.7788759553804994, 0.8900642223242257, 0.6896099687264912, 0.5791521156206727, 0.5688186774651209, 0.42633216105224125, 1.2244447424179978, 0.5204168646133434, 0.5884456863005956, 0.43093637358825443, 0.7636175731817881, 0.351087399551438, 0.44684313310103285, 0.47411701326005856, 0.5053319302387536, 0.32857770415572213, 0.43980799739559495, 0.6579740134378274, 0.3667640406638384, 0.6160224325334032, 0.4881619895497957, 0.6152178645133972, 0.31995467349201784, 1.0503609210252762, 0.518882465797166, 0.6843742519617081, 0.3826854184556466, 0.9835065013418596, 0.6133694656814138, 0.38285367164228645, 1.0683138294416106, 0.6512136903901895, 0.5526131098469098, 0.34952822322475496, 0.9480929317573706, 0.5169082947075367, 0.4146991917242606, 0.4694222963492697, 0.43590408523495383, 0.48123748879879713, 0.46684153303503995, 0.6092027358710765, 0.6586727959414322, 0.42861908258249365, 1.0474097120265164, 0.5437617168124569, 0.40469707190417326, 0.6878260552055306, 0.5200903216997782, 0.3152658717485566, 0.9106694087386131, 0.4447426801690688, 0.5154578120758135, 0.48200602511851454, 0.4257333330100491, 0.9989328657587369, 0.515568886329288, 0.473973881577452, 0.47114015991489094, 0.5001662585884332, 0.6337958733063369, 0.4679149128496647, 0.4875050340261724, 0.3870364290883853, 0.5669341136056643, 0.26967137163648236, 0.9752663303166628, 0.47439139494155014, 0.5160101789774166, 0.6043525255452364, 0.6079979563752811, 0.5526244271546602, 0.6309583708643913, 0.5792626852790514, 0.3911998750202219, 0.7480277328323277, 0.6882681368539731, 0.5498496263455122, 0.5700614869594574, 0.5534638740122318, 0.5683765932917595, 0.5597735991080601, 0.5114617484311264, 0.6036947091159068, 0.603503953727583, 0.5216565392911434, 0.5445975112614402, 0.5763165443426087, 0.5507426574205359, 0.5964731611311436, 0.6067653521895409, 0.5625182497004668, 0.7154346600174903, 0.6789476887012522, 0.5918764137877868, 0.48200109336748087, 0.550586674338541, 0.4796813656494283, 0.4849734302514639, 0.6890242615980762, 0.5460650990191931, 0.5239596776664257, 0.8945185243844603, 0.49453251797463244, 0.49961854760674224, 0.5739199693004291, 0.5192002165648673, 0.592617566883564, 0.5371346344550451, 0.621860159659072, 0.5261600462013277, 0.5285163408047274, 0.4551923543154469, 0.47495174507300053, 0.5012543727954228, 0.5609421993295352, 0.4306776854090202, 0.4608713919146993, 0.5462714721759161, 0.6800785752895632, 0.6715656206011772]
2025-11-26 15:55:36 - feda2 - INFO - loss data:
2025-11-26 15:55:36 - feda2 - INFO - [0.8042384315696027, 0.7947255697769997, 0.8400169850223593, 1.031396689514319, 0.8542883507907391, 0.8239114757241874, 0.8827284337072583, 0.6588833628586311, 0.8810766102938816, 0.8796447815678337, 0.8084955901289597, 0.6982124090194702, 0.9356277631595731, 0.8165690317749977, 1.1227189529509771, 0.6751161899624599, 0.8440656762184768, 0.5070135429501534, 1.4050290239417655, 0.852109441486272, 0.7525174336153126, 0.7401469891098724, 0.6172726204515331, 0.9788527107374234, 0.8698052210997348, 0.7013408364728093, 0.8387625804023138, 0.8499578556844167, 0.6177075887815311, 1.0844051589568455, 0.7718511559069157, 0.6034080640723308, 0.8570860493928194, 0.7409731993185622, 0.654549835342557, 0.6132446898519992, 0.5564031294502673, 0.6689404178783298, 0.48437478514388205, 0.6661956185410762, 0.6612422863642375, 0.3826403740172585, 0.6388758607208729, 0.701280091253538, 0.5958460381343251, 0.6313807714836939, 0.44461907243186777, 0.5031359750777483, 0.7803731840103865, 0.8156563010480669, 0.5506722731515765, 0.7404228741923968, 0.625491035889302, 0.7878577096594704, 0.6887901304289699, 0.46070805533478654, 0.4339855701352159, 0.5430961896467841, 0.7212928902696479, 0.5975548457354307, 0.6769977394077513, 0.3753453545582791, 0.6728511443982521, 0.6293765861358676, 0.7353177011633913, 0.6378114613748732, 0.5746025799640587, 0.39586645032589635, 1.306782898803552, 0.5006265294055144, 0.6289726806183655, 0.5144677255302668, 0.36179992268708616, 0.6465204499413569, 0.6219184981597649, 0.43382134535831623, 0.5622325850029786, 0.4768043108284473, 0.46826487399380784, 0.5764811935110224, 0.4200671796911749, 0.6210048181811969, 0.5807587432542017, 0.7607916692963668, 0.45180921234367855, 0.5530998283731086, 0.5400501862168312, 0.6397339627146721, 0.505075652566221, 0.7629233296546671, 0.4215753799459586, 0.5021394981037486, 0.4841941087244651, 0.4734064884535916, 0.3900670834816992, 0.7185483485435813, 0.49959224012369907, 0.605215058329382, 0.386162917688489, 0.5058081619814039, 0.441277163667012, 0.5597737984110911, 0.38295452794991436, 0.45501724694274426, 1.058669339865446, 0.7774307220242918, 0.32453831533590954, 0.6374330875297094, 0.4267196092952156, 0.47928383502249533, 0.5073426636556785, 0.583316682993124, 0.5655615255236626, 0.4099687607958913, 0.9139709062874317, 0.5506167022718323, 0.35563817170138157, 1.694202256699403, 0.5801266596785613, 0.5034852803583486, 0.5528585080589568, 0.5101650476455688, 0.4722879571840167, 0.5967941257016113, 0.5565537606912946, 0.7596462058524291, 0.41971003476323354, 0.36426265761256216, 0.4381233466703487, 0.6154273773985679, 0.46768175457150507, 0.3732896890252447, 1.081553800404072, 0.5438533292462429, 0.7065847784517303, 0.5459404953817526, 0.46661914033549173, 0.5263693359990915, 0.6378034618165758, 0.5453552711247043, 0.4684289773926139, 0.4739364607791816, 0.38618916522598623, 0.6523087441157072, 0.4415131700535615, 0.43816510484450394, 0.6417839274165176, 0.6138181400795778, 0.5261502233999116, 0.48582461971318586, 0.5579705155968409, 0.5571324884377677, 0.5208540806600026, 0.3933967140813669, 0.5682896422843139, 0.8800593037158251, 0.654257061270376, 0.44705420409639673, 0.5974987597778589, 0.6308705185850461, 0.48452222385797006, 0.6056777787560336, 0.7670031399466097, 0.5435027292308707, 0.5155285909653655, 0.6330928261367939, 0.4144154747327169, 0.5154362026424635, 0.5402983799936443, 0.6306189709405104, 0.575207438837323, 0.585423222432534, 0.5820470132554572, 0.5321744069279659, 0.4749003157019615, 0.6260262963672478, 0.6987853836682107, 0.5763077711065611, 0.6401313349515909, 0.4510299712193735, 0.6084470977740628, 0.6165030223627885, 0.5420298116620291, 0.7194875266775489, 0.5155639089643955, 0.5641446703010136, 0.8170701330527663, 0.7098234873265028, 0.6242492970342588, 0.5754194131704291, 0.5460790617480165, 0.7130739324622684, 0.589204582075278, 0.6088068655133247, 0.5727032859206657, 0.6111077138781548, 0.5962341853550502, 0.5715659646524324, 0.5515317246317863, 0.5716453183271076]
2025-11-26 17:24:27 - feda2 - INFO - loss data:
2025-11-26 17:24:27 - feda2 - INFO - [0.9161079171158019, 1.1032752273604274, 0.8948084988527828, 0.7422530620048444, 0.8644462550679842, 0.5416733524274259, 0.9088089616969228, 1.4104573180278144, 0.9428158427091469, 0.9562052642660481, 0.8550416278342405, 0.596935898065567, 0.7197151705622673, 1.7696680910885334, 0.7985451569159825, 0.9405339415584292, 0.6548340548025935, 0.535907961747476, 0.9443508351132983, 1.0198875355223813, 1.5564480829134322, 0.764250931209501, 0.858704609175523, 0.8531702042335556, 1.1257095127774959, 0.8359400055060784, 1.1695138033302057, 1.6398175954818726, 0.8744857630559376, 0.801441496592902, 0.8997342908134063, 0.4659291512687646, 0.7291597122756335, 0.5702882466837764, 1.1111963018774986, 0.674874545562835, 0.6668325422538651, 0.7529435843229294, 0.7021647604803244, 0.6665518219981874, 0.9191131132344404, 1.1018198097453398, 0.7160669649019837, 0.8093861874104256, 0.8909098149587711, 0.6159429138166863, 0.7248519885664184, 0.5727757056731554, 1.2507108733767553, 0.9354283024689981, 0.488529933616519, 0.6667758264962365, 0.8473209904299842, 0.5874287123630818, 0.8594141682753196, 0.4275688419584185, 0.7509052033771526, 0.546929440399011, 0.5489862859249115, 0.5846375475327175, 0.4425697448279928, 0.5679279839886087, 0.8240255324376954, 0.7562128371662564, 0.4940724665299058, 1.231559807062149, 0.76449894780914, 0.6795429155230522, 0.5001531193008981, 1.5031942235571998, 0.6438294284236736, 0.56443378602465, 0.5625963414087891, 0.8854186799791124, 0.47688415559629593, 0.6359639057800883, 0.5329030788814028, 1.050715283268974, 0.5473258973409731, 0.7611610916753611, 0.7487236921822196, 0.6145977981388568, 0.5785621636857589, 0.9918286464576211, 0.8226113711648128, 0.6436449029205138, 0.9477512261519829, 0.5540072111576273, 0.5685633053382237, 1.1831137736638389, 0.7446190270129591, 0.5333729907870293, 0.48802027319158825, 1.1502599363525707, 0.6328186417619387, 0.5659226697449591, 0.6550984432543414, 0.5977051280466191, 1.0921705425716937, 0.6671106195548078, 0.6173319967374915, 0.6043075128561921, 0.4260113380317177, 1.0145839173346758, 0.6201936159282923, 0.9963448956608772, 0.8039138375274968, 0.8346646092832088, 0.9779868344111102, 1.0640661404246377, 1.0114770664980537, 0.5986202981855189, 0.4714345720907053, 0.5642149061128334, 0.720521808291475, 0.4305720140381406, 0.9819485344565831, 0.6041071161627769, 0.8189357399408306, 0.5829885894926186, 0.5410408450024469, 0.5741341855997841, 0.4780698659821969, 0.6593856580555439, 0.8175608914345502, 0.7344184989730518, 0.3975321895132462, 0.6322622269784149, 0.37447345291397405, 1.0498246401548386, 0.4593614044288794, 1.5436921399786956, 0.6332598451990634, 0.5751322410069406, 0.7769998723330598, 0.46598940901458263, 0.44297255919529843, 0.7417952140172323, 1.5113194237152734, 0.8235514473170042, 0.49961047125980257, 0.4027488512881831, 0.7114952265039871, 0.6585699343944298, 0.5768725899058385, 0.7607427847882112, 0.45331686341336797, 0.9213586491015222, 0.6835153065621853, 0.48306110468693075, 0.6767394741376241, 0.7483777972677397, 0.634957851545933, 0.46596575863659384, 0.670807312641825, 1.046533225880315, 0.5536419209979829, 0.9279348169763884, 0.6860359110647725, 0.640353744973739, 0.6453168552588013, 0.6157820438345274, 0.7056097241325511, 0.5209187783300877, 1.33312536854493, 0.8091754383511014, 0.6798737992842991, 0.5781900343795617, 0.7859500462810198, 0.6805193626454898, 1.05877798764656, 1.2384675492842994, 0.5317570737616759, 0.40976042809585733, 1.1358142710783903, 0.8106006273201534, 0.9106241378282743, 0.6482894751760695, 0.617673254734467, 0.5957476396291028, 0.6398480241497357, 0.6575147302023002, 0.6414628897254404, 0.5846871284974946, 0.8649555819463872, 1.1922549655040107, 0.7922525700086201, 1.117209474245707, 0.9102244754047955, 0.9809350810552898, 0.7167629109401452, 1.0028730312983196, 0.8623527908076842, 0.8410924397408963, 0.6829284531505484, 0.6895653023074071, 0.8720317731300989, 0.7078844773272673, 0.5710710638690562, 0.9663056741158168]
2025-12-18 11:44:09 - feda2 - INFO - loss data:
2025-12-18 11:44:09 - feda2 - INFO - [1.0289718253744973, 1.069240415468812, 0.46913479268550873, 1.308066569889585, 0.9103088180224101, 1.075130168100198, 0.7311857031601848, 1.1444444519778092, 0.7886653313962158, 0.8004530756081936, 0.9289106463392576, 1.9119917613764605, 0.7571590301213842, 0.8627570244173208, 0.7535315436621508, 0.6210096505730269, 0.8105039720395297, 1.2724104215475647, 0.6813885728518168, 1.1326159685850143, 0.9377842800070841, 0.711791234711806, 0.5545582449684541, 0.7883757203817368, 0.5124190244823694, 0.6992063430448373, 0.6049140517910321, 0.4464479552360473, 0.686328679971073, 0.5346489223908841, 0.6037132600943247, 0.6595193170011043, 0.5054526863619685, 0.6814718010524908, 0.530423967464065, 0.44393967530475215, 0.5766982026398182, 0.559885930388734, 0.43366354025072523, 0.93748425191099, 0.5860431138426065, 0.5587484694189495, 0.4777430931416651, 0.500436234391398, 0.4333864491432905, 0.4333913679777955, 0.5053093365083138, 0.5457967059983724, 0.579361400504907, 0.39443706527313255, 0.36903611890485755, 0.5176215464168269, 0.5488030975063642, 0.38920565197865165, 0.343360428015391, 0.33341408333543576, 0.45372201620290675, 0.42034901088724536, 0.41488136022041244, 0.7892592432598273, 0.5589010714242856, 0.49634544253349305, 0.42977695444133135, 0.3685832132338405, 0.3488694944633888, 0.4475986833373706, 0.38831823331614335, 0.5444972364006169, 0.3813082319724014, 0.43635029972841344, 0.323829798757409, 0.4019447736604058, 0.4480165961349025, 0.46527368426322935, 0.39973380691968863, 0.2983034000499174, 0.5217738873014848, 0.38593772255505127, 0.5393669219221919, 0.5406214511021972, 0.6740535233480235, 0.5894388205682238, 0.5039984165326409, 0.45513279242441057, 0.348891628403781, 0.6277166830996672, 0.3904610311612487, 0.472652703969189, 0.3920068853224317, 0.5984757068256537, 0.2954973714534139, 0.39395624172563354, 0.37150999608282476, 0.4493234248154543, 0.2955066613622386, 0.36280558517372063, 0.44088458782061934, 0.44088168255984783, 0.5174033021554351, 0.4270653739120021, 0.4357453736010939, 0.3250192201414117, 0.6654823151934478, 0.4947778010119994, 0.5101077809102006, 0.3580183059550249, 0.7309644075272523, 0.5358597453683615, 0.32832232682655255, 0.6451908256906348, 0.46280377401659883, 0.4246942315250635, 0.3262942133885291, 0.7088211380566161, 0.4636760404333472, 0.36419839722414815, 0.4482839428311721, 0.2936650889698798, 0.41812857685921095, 0.3706072429815928, 0.43890397896369293, 0.6008039253723363, 0.3856648453821738, 0.8227822667157108, 0.4357262315849463, 0.3424419852403494, 0.5202576817944646, 0.5391450483837853, 0.2740139969314138, 0.8168473847210407, 0.25472009458157424, 0.5540778263694728, 0.4170224625235185, 0.3349446290257302, 0.5141996645622633, 0.21499389755384377, 0.4582539269079765, 0.40259661282534187, 0.5093978874836907, 0.5349057576308648, 0.4057710857441028, 0.3478739284825596, 0.35430613259474436, 0.458016124768899, 0.1474159248979189, 1.2564008546372254, 0.37835028292399575, 0.4212279843787352, 0.4450777610978828, 0.5064408179372549, 0.41870213160291314, 0.6260221190750599, 0.47239415932710127, 0.317857592438276, 0.55701110077401, 0.6748920526031567, 0.3862443634571555, 0.4805208071652386, 0.4210441286986073, 0.43584024704433244, 0.41237485205585306, 0.5042463966037916, 0.4278820915458103, 0.6335595572988193, 0.4113216655272426, 0.40065414593978366, 0.5995375689712987, 0.5210756526639064, 0.5684476596613726, 0.49055397154932673, 0.45100051574409006, 0.5346018773814043, 0.4710030240049078, 0.44785646363519704, 0.3477612403388589, 0.44584734922227187, 0.34572803393909424, 0.3929346149166425, 0.6973594246432185, 0.47682589466373126, 0.5582860649252932, 0.6500895191895795, 0.46733127571642397, 0.5001413022478421, 0.48247253828578524, 0.42167247134176167, 0.4614654385381275, 0.437258341716546, 0.5293281452109416, 0.4594779971987009, 0.4326682493711511, 0.30393080937747774, 0.36535688176412473, 0.40731098062048354, 0.5046870093637457, 0.32938185202648174, 0.4263001065701246, 0.4797031180312236, 0.6446445636451245, 0.5680010206997395]
2025-12-18 13:00:38 - feda2 - INFO - loss data:
2025-12-18 13:00:38 - feda2 - INFO - [0.8097423112640778, 0.7043589889009794, 0.8585438718398413, 0.9249141657507265, 0.7930824853479863, 0.8105949881176153, 0.8380178780357043, 0.6800719685852528, 0.8126427678598298, 0.7460530151020397, 0.6817171131480824, 0.6234803033371766, 0.605980270045499, 0.6344028936024162, 0.8365649532388758, 0.47912791226473117, 0.6591779179871082, 0.40915181022137403, 0.6995822564429707, 0.7365736472109954, 0.5913806272157724, 0.5657533664670256, 0.43393459330416384, 0.6787505638870326, 0.6826993028322856, 0.5059332085862046, 0.6032742693744324, 0.6601235118177202, 0.44976146074011925, 0.7744798023623893, 0.5349258336721472, 0.4532005921214449, 0.5381089864697839, 0.5230217800648125, 0.5039390383909146, 0.4872490276582539, 0.44880473470366333, 0.5058930239329735, 0.4047892356912295, 0.5365832795699437, 0.5338759878045553, 0.32339109281698863, 0.39962786656898863, 0.6171820413735178, 0.4493565758759225, 0.5024265720060579, 0.3639906363392418, 0.4098621464733566, 0.4960703098384494, 0.5180390254904826, 0.4245297115409013, 0.6045283791919549, 0.5151240581957003, 0.47576772168071735, 0.5420283358716578, 0.3868244920209374, 0.328559113898571, 0.3916656878409964, 0.40097703230143944, 0.49657641996496493, 0.5196370730233011, 0.30439344234764576, 0.5021266471368797, 0.4203640499507839, 0.6335086216839652, 0.544556927556793, 0.45779594461675044, 0.3441559851169586, 0.7767075707458637, 0.42233595813935, 0.4866993802251539, 0.3969468124417795, 0.29043318466142276, 0.5384702385713657, 0.5059856029848258, 0.3849273854866624, 0.4448808328107451, 0.3618120804824161, 0.3781099113325278, 0.4440121183260566, 0.34444606030980746, 0.49861519067651694, 0.4664530512894055, 0.6283234535819955, 0.36833641754880236, 0.3952535968411852, 0.46310767732836583, 0.5276352013564771, 0.41937452611616916, 0.5161157504707161, 0.3793746778120597, 0.4278429450749448, 0.4013026477317467, 0.3715645192360336, 0.32367049812649684, 0.6648284882307052, 0.400527055375278, 0.4791219946617881, 0.32984659356753465, 0.395125047955662, 0.35903828297224305, 0.4787089223792027, 0.3005419660980503, 0.3527090022712946, 0.8639566052971142, 0.5043232020301124, 0.25327233013197564, 0.5220932097484667, 0.3151476806086121, 0.39622645487387975, 0.39830853349218764, 0.45408454260964326, 0.4758981238330968, 0.33152586702878273, 0.5900227455422282, 0.47822761600216235, 0.29182744212448597, 1.4821760786076386, 0.5000147086326723, 0.4140997884298364, 0.42154450580477715, 0.4257070533310373, 0.38789694954951603, 0.5038762722164393, 0.4267592117604282, 0.6336202710963689, 0.3438736737188366, 0.31041898125364187, 0.3571181215399849, 0.44868221408640496, 0.3346780605646579, 0.29850971202055615, 0.8492692589759827, 0.43440450790027774, 0.4428936051963656, 0.5048442752975406, 0.35126724750217464, 0.46769968288329744, 0.4985912502225902, 0.4298519272018563, 0.35930111110210416, 0.4236019186985989, 0.3145223224055812, 0.4001901509680531, 0.33549253851589234, 0.33522672239007145, 0.5321306390066942, 0.4423545551718223, 0.45558614687373244, 0.47385977283120156, 0.408313718251884, 0.3972073696139786, 0.4165902698619498, 0.3814343466113011, 0.4461521922300259, 0.5632528641571601, 0.4615349573204699, 0.4457366116965811, 0.49728707953384427, 0.45094111366404427, 0.4669168821790002, 0.46982591318587463, 0.4312951378956221, 0.3759316332638264, 0.521310865327164, 0.43712285026260045, 0.4148264415562153, 0.45877964948915473, 0.4684371743351221, 0.5238189554462831, 0.4964840838685632, 0.47425023241984576, 0.4757883924370011, 0.4422181099377297, 0.3981713398670157, 0.5413506180647875, 0.5709556524952253, 0.4503317239167898, 0.49919660819901357, 0.4546143010936, 0.4970161138723294, 0.5328520026396621, 0.444372994260806, 0.5608108515540758, 0.5089778517683348, 0.4945817292564445, 0.5341764905098556, 0.482919656134386, 0.4992045407569168, 0.5017842036530826, 0.4660117774950936, 0.5097059201863077, 0.5222791154092798, 0.5748983838285009, 0.46186387373341453, 0.5410899556552371, 0.4694402637725003, 0.528447958909803, 0.5726278919194425, 0.5306525604178508]
2025-12-18 14:09:37 - feda2 - INFO - loss data:
2025-12-18 14:09:37 - feda2 - INFO - [0.9155388906598091, 0.8800110569844644, 0.9032979314012088, 0.6337712079286575, 0.8542981442628484, 0.5373006611372586, 0.755144341972967, 0.8865303173661232, 0.8161820595272076, 0.8544295004640634, 0.7227104667028219, 0.4606692602392286, 0.6093733643492063, 1.2465205006301403, 0.5663212892909845, 0.9399887498606134, 0.5454119937839331, 0.399037009725968, 0.6404446399269196, 0.5209595018100959, 0.5841543796472252, 0.548355629046758, 0.5475093903951347, 0.6600504254301389, 0.7252011365567644, 0.6067790254950524, 0.701839225490888, 0.7944090651969116, 0.6102974653435058, 0.5934923390547435, 0.5581671086139977, 0.2759309943347169, 0.4699346347649892, 0.48668458287914595, 0.6566106676310302, 0.5077002546652997, 0.5326596365620693, 0.48890311190130553, 0.40899953118059784, 0.5822609114426154, 0.4864000913825024, 0.6477864103391766, 0.5082993828691542, 0.5393492806426905, 0.5871474435397734, 0.4959081533054511, 0.4892197170040824, 0.4760323127273859, 0.6021546173702788, 0.44500194434766416, 0.393415596584479, 0.5343830631424983, 0.6076947448154291, 0.47463383052784663, 0.6648896834254265, 0.2668466008384712, 0.5873203291686682, 0.4490050729364157, 0.3775987496599555, 0.2796151862014085, 0.33288639281721166, 0.3913230891994856, 0.5754305991033712, 0.5387688080469768, 0.38486121563861764, 0.7321339713719983, 0.4652165621918781, 0.5405441549917063, 0.33413181772145134, 0.737435784477454, 0.48476784464987843, 0.5494278852575614, 0.34012796505897613, 0.6036647095655402, 0.4228822878251473, 0.4923603583413821, 0.43066536483044426, 0.5819273329698122, 0.34807559032924473, 0.7110797638694446, 0.5183882128198941, 0.5543067072828611, 0.3544264168012887, 0.571317120994895, 0.5454075902545203, 0.49580385995407905, 0.5156912114936858, 0.4741551445176204, 0.4645017297656247, 0.7901340300838153, 0.45185446850955485, 0.4258940660705169, 0.3552334354261727, 0.6477454335846264, 0.42379378991370853, 0.4417224713911613, 0.47785463196535904, 0.46121752992272375, 0.5370924576185644, 0.4974979509413242, 0.48186586755555827, 0.46185491123434264, 0.34920795440535857, 0.5078522553015501, 0.5479491475969553, 0.4974532636717476, 0.5794675507610946, 0.5777591551964482, 0.6864672318721811, 0.7619253957023223, 0.7119532900551955, 0.38509373603975056, 0.3677900448259523, 0.43117330944881993, 0.5093187421560288, 0.22894458785497895, 0.7216063210368157, 0.34646721204432346, 0.584457135365273, 0.4371625111997127, 0.40191607374885674, 0.4055405109697445, 0.37973893251683977, 0.5054926594098409, 0.654693158219258, 0.5174912258044824, 0.344657487484316, 0.4005059745907783, 0.28081494173249943, 0.5497224831653909, 0.33947168036053577, 1.1241833281631655, 0.462257236863176, 0.4076180297726144, 0.5057634760315219, 0.29564071460627017, 0.3241411430388689, 0.565347452839893, 0.9822075679898262, 0.4692165357992053, 0.39065798533459506, 0.3218261996905009, 0.527538649427394, 0.5183252183099588, 0.4313680441276385, 0.5481417340108719, 0.35273255319507035, 0.7328514385968447, 0.5151771978785594, 0.3631646947780003, 0.4120808103432258, 0.5657722178751078, 0.4636338800688585, 0.3970691080402696, 0.4552144014587005, 0.678484424824516, 0.5135266905029614, 0.5885234783093134, 0.6024149760810865, 0.5488426492731462, 0.3746904167036216, 0.5908357600371044, 0.47770585330824056, 0.4462117245138595, 0.8949192011108001, 0.5398175581047933, 0.4962302059866488, 0.542895862364182, 0.5657109192262093, 0.5320613312534987, 0.7162016289415716, 0.6660602793097496, 0.4849609812100728, 0.33972296720991535, 0.681689890101552, 0.5311971856143187, 0.6067001556356748, 0.51594439081382, 0.48821183994221384, 0.5059667100700048, 0.5464811479051908, 0.5325479107322516, 0.5404930144548417, 0.4792590569704771, 0.6533091263224682, 0.7695681847631931, 0.5529146409576589, 0.6407306442658107, 0.5752498229344686, 0.6130773079892, 0.4712213930984338, 0.6112271362337574, 0.592743240793546, 0.6091322199864821, 0.5263632160921892, 0.5591367087144961, 0.5836829088628293, 0.5828578386455774, 0.4955528949506772, 0.6261758737266063]
2025-12-20 11:30:45 - feda2 - INFO - loss data:
2025-12-20 11:30:45 - feda2 - INFO - [1.033277532623874, 1.027460241690278, 0.4715768988638257, 1.491635105883082, 0.9109706729650497, 1.069640265405178, 0.7433804128206137, 1.1539181118210156, 0.7895693903887906, 0.7817652594064168, 0.9931472222010295, 2.0249168435732523, 0.7955268375123992, 0.9722336952884991, 0.8618583150207997, 0.81655824646497, 1.1243965521229036, 1.3067007213830948, 0.8548888562868039, 1.2956059978653987, 1.3171184182167053, 0.8957648184714896, 0.7154947077234586, 0.9900272369384766, 0.6864774367461601, 0.8118202053774626, 0.7396939372022946, 0.5528351592121424, 0.8275186391952245, 0.7195573053778624, 0.6648570780021449, 0.8216646052896976, 0.6115863922983408, 0.8117101368804773, 0.6886947266757488, 0.5518657514682183, 0.7654953077435493, 0.6613459398133168, 0.4711738035082817, 1.22801803219499, 0.6745775796473026, 0.6899082764983178, 0.583122668787837, 0.6116535614762042, 0.5160946956525246, 0.5177042646023134, 0.5938974934319655, 0.6377106691184251, 0.668189080307881, 0.5157998393882405, 0.4750042164131351, 0.598454591696677, 0.6539402272552253, 0.45093262363225217, 0.3956307065362732, 0.4068261128596284, 0.6241974813397974, 0.49594744412849345, 0.5489426240324974, 0.8561937984493044, 0.661790244281292, 0.599256325699389, 0.5082490692225595, 0.5037098896802601, 0.39763499698959864, 0.5352047801017761, 0.45504531847933927, 0.6104533381985895, 0.46551832654090086, 0.5250319023927053, 0.4086482011092206, 0.49693126237910723, 0.5830189984461123, 0.533367150152723, 0.46042044458863063, 0.3338770844663183, 0.5988537112871806, 0.4519266253026823, 0.6183893699509402, 0.7251411143224686, 0.8062159011140466, 0.7444310367728273, 0.5774637695185948, 0.5072032849149157, 0.40238383440583037, 0.7443724025661747, 0.43954423641165097, 0.5624750490215691, 0.4402662049202869, 0.6736521859135892, 0.34755774623565916, 0.4590125456141929, 0.43109144216451123, 0.5012904671444134, 0.34688153528930765, 0.4266228577855862, 0.5367811908098784, 0.4592698267237707, 0.6204963069409133, 0.4753528666767207, 0.5414295569062233, 0.34684728638015005, 0.808142765528626, 0.5627614450951417, 0.588827078955041, 0.4140995489170727, 0.8305844019126634, 0.6523660416404407, 0.3685445209344228, 0.6804702977625987, 0.5491942501316468, 0.48123216020564236, 0.36589500229391786, 0.7624523654580115, 0.48707328625023366, 0.4302237055574854, 0.5168453530493108, 0.34824662138588536, 0.49666822226718066, 0.45323534583052, 0.5363916214555502, 0.6775600127065959, 0.45049358122050764, 0.976669397035783, 0.5103559921185176, 0.3770209602438487, 0.6111730694770813, 0.5956783629953861, 0.3193590976608296, 0.8608622953295708, 0.3217798675519538, 0.5774600212968399, 0.481339551269626, 0.41524647135626186, 0.6466896683824332, 0.2722018453017928, 0.5353596864889065, 0.4445824436843395, 0.576541258674115, 0.6370440884182851, 0.4771960922827323, 0.4217636100891413, 0.4167706723014514, 0.5335037453959768, 0.18903838612067586, 1.3656220578485065, 0.47262503401319866, 0.5034712529430787, 0.5321941015143425, 0.5760398977746566, 0.5264110920950771, 0.649587832391262, 0.5807083036863443, 0.3934476103538122, 0.6603277092178663, 0.6938892577005469, 0.45906420930837977, 0.5362227745768097, 0.4820034829756389, 0.5113285552607223, 0.503738591616804, 0.5610820977800135, 0.5495896282295386, 0.7063080021904574, 0.4866511950062381, 0.4767909592186863, 0.6881197397907575, 0.6014258856574695, 0.6363503272334734, 0.6043499332260002, 0.5596839464580019, 0.6414609815925361, 0.6027611726612756, 0.5176546178185023, 0.42245056207936543, 0.5246601201498355, 0.4088509029285474, 0.4565691417656266, 0.8060907027373712, 0.566395938768983, 0.6442627422511578, 0.6232806735939079, 0.5555280995865663, 0.5757783877352873, 0.5367346385286914, 0.5013225680047815, 0.5755447395973736, 0.4998601817046151, 0.61660597709318, 0.5724716638525327, 0.49338737254341447, 0.38637661270988294, 0.46067208187146624, 0.4633438641826312, 0.5941144091077148, 0.4007089948737538, 0.4865899333109458, 0.5578498739749194, 0.7387438900768757, 0.673401746691929]
2025-12-20 13:43:05 - feda2 - INFO - loss data:
2025-12-20 13:43:05 - feda2 - INFO - [0.8178833888222774, 0.7204632883270581, 0.8642412496109804, 0.8899260054935109, 0.7931206098447243, 0.8164083083470662, 0.8480140047272047, 0.6978536936144034, 0.8471765295498901, 0.846857599868919, 0.7911220722577789, 0.7221736469616493, 0.8400932773947716, 0.8135203457288984, 1.0327200642338505, 0.6022062830626964, 0.89097920636336, 0.5156238067895174, 0.9904230170117485, 0.8473300806049144, 0.7802824261503807, 0.7281289064221912, 0.5303568219972981, 0.9473549124643659, 0.8713422236343225, 0.6724373916075344, 0.8614021467941779, 0.8665250266591709, 0.5913166355714201, 0.9187092611924832, 0.6974738070016934, 0.5734426539553248, 0.696286401378789, 0.6796314774564018, 0.6829094960457749, 0.5773217127968868, 0.5945270808170671, 0.6468793444335461, 0.5369211833924055, 0.6784123999377092, 0.6627993140514794, 0.3933446016162634, 0.5519593319059282, 0.7253689334624344, 0.6099472098328449, 0.6245196122538161, 0.4364747992293401, 0.49009491701920826, 0.6526412353004245, 0.6363725975155831, 0.5412981835052822, 0.7369695269022927, 0.6096811207632223, 0.6428899439051747, 0.6703263754025102, 0.46983405939586786, 0.41378192529622193, 0.46866579720694, 0.49731644488532434, 0.5840241734071502, 0.6511014191001052, 0.3652366933102409, 0.6075787817551331, 0.5164575904472307, 0.7558238840972384, 0.6461996919303028, 0.5800879956395538, 0.3992672798534235, 1.0828172093765303, 0.4997624430805445, 0.6057198752056469, 0.4916481819417741, 0.35478496780675467, 0.6156507343053818, 0.600958613306284, 0.4481530138979787, 0.5706117025717641, 0.44893274272255823, 0.42041060123592616, 0.5372098004297605, 0.4371820804433546, 0.5452542824877633, 0.6232798275434308, 0.7177793416160125, 0.4531831252276177, 0.4886666643260805, 0.5501295784005412, 0.6412130597150988, 0.5104634680060877, 0.6879095144362913, 0.45211088980237646, 0.5018016721150189, 0.474620746640545, 0.4395031581751325, 0.39261484711120526, 0.7358815625309945, 0.474812916098606, 0.5572702175903099, 0.4208740870859744, 0.4747925664919118, 0.4520377217481534, 0.5715239774677661, 0.35938127456853786, 0.430930168264442, 1.0907709699124097, 0.592492153091977, 0.325909042339502, 0.604610143105189, 0.39235838237924103, 0.46029386391242344, 0.4636844604379601, 0.5517581671368385, 0.5651409989646212, 0.4002974025594691, 0.7860788542946631, 0.5542991059025129, 0.3546282010152936, 1.6156203207870323, 0.5841943893443655, 0.4813253168265025, 0.5258095123701625, 0.5022135641425848, 0.46721499102811015, 0.5978826096902291, 0.49846428432674317, 0.7121330487070145, 0.40271864198148255, 0.3581905207232289, 0.46741109406710535, 0.5437164297045181, 0.4242269382010335, 0.35046447618554033, 1.0983548518270254, 0.5413390665315092, 0.5411569111877017, 0.5640093794600529, 0.450355825835356, 0.5294777537385622, 0.5839651231964429, 0.5156961422921582, 0.4438102622826894, 0.48868545175840455, 0.3714161457606789, 0.48937875364314426, 0.38188279039329953, 0.42971479315040767, 0.6521558184176683, 0.5268857751571732, 0.542902339870731, 0.5188205957412719, 0.522209549198548, 0.4831911200036605, 0.5067089026172955, 0.428472654397289, 0.520553211371104, 0.7056154573957125, 0.5531273684261934, 0.5058975306805223, 0.5992430436114471, 0.539223478982846, 0.5542653473489212, 0.5377117225527763, 0.5535568483065867, 0.46002424098551276, 0.6269441818197569, 0.5220065779271333, 0.5197079786409935, 0.5554611819360393, 0.5500417149315278, 0.6109029414753119, 0.5741445793149371, 0.5688564234667204, 0.5667294378185438, 0.5218693863186572, 0.46856942909459276, 0.6286875374147282, 0.6594361900455422, 0.548470990208612, 0.5915501366334932, 0.5168553751300682, 0.5839495057654049, 0.6267473471435634, 0.5316274853366794, 0.6532457167903583, 0.5606421068310737, 0.5671969543728563, 0.6477286782601606, 0.6052468992769718, 0.5762216664775454, 0.5771113428879868, 0.5633767302389499, 0.5932998483379681, 0.6014724172030885, 0.650417250705262, 0.566017128361596, 0.6442710849146048, 0.5693005440987635, 0.5935532942414283, 0.667272515195821, 0.6182730714480082]
2025-12-20 15:35:35 - feda2 - INFO - loss data:
2025-12-20 15:35:35 - feda2 - INFO - [0.9129944518208504, 0.8722811624407769, 0.89556765590591, 0.6242228633275738, 0.8617831333568602, 0.5459755639373153, 0.7902679471919933, 0.9640630216648182, 0.8355934326465313, 0.8956135724169704, 0.8088092163590521, 0.5485499743372202, 0.7000758176048597, 1.4258161094039679, 0.5900903463984529, 0.9879623685446051, 0.6382833227791168, 0.4863352113437873, 0.8297848314619981, 0.6730478672241723, 0.9230035456518333, 0.653802044938008, 0.7329139695502818, 0.7336187588671843, 0.8355436125149329, 0.6879345172395309, 0.8188895225214461, 1.036177458614111, 0.7056002077192832, 0.6727741698424021, 0.6708407525594036, 0.33801702966534153, 0.557157642642657, 0.5468084185073774, 0.8334737737476825, 0.6113093936194975, 0.599222900159657, 0.6020126591875463, 0.5025358531856909, 0.6618084346254667, 0.5988532765251067, 0.6900975159058969, 0.6387302009388804, 0.6308873622505753, 0.6880367684488495, 0.5855916353563468, 0.6046445500528947, 0.5511352916056861, 0.700283258739445, 0.5428688684133468, 0.44641500065724055, 0.6596536846210559, 0.7048532033960024, 0.5361974687912525, 0.7628833428025246, 0.3171926150098443, 0.7100249595366992, 0.508360682365795, 0.4323625656310469, 0.43394464841112496, 0.37020409261264525, 0.4797364404907933, 0.738725091268619, 0.6883742627998193, 0.4549439024180174, 0.8893682574232419, 0.5652099538229716, 0.6171637573589881, 0.3933351286904265, 0.9282936191746405, 0.5365869694677265, 0.5134708214085549, 0.40674807058336837, 0.6904426984954626, 0.47016932964324953, 0.5476945888746034, 0.48461318885286647, 0.7093810805907617, 0.45141092129051685, 0.7515146411955357, 0.603899691303571, 0.5350340568014266, 0.46824167066564165, 0.6774659727676174, 0.6308577415222922, 0.5770132863273223, 0.607376188536485, 0.546388041973114, 0.5504598044762106, 0.9921932297448317, 0.6081471324122201, 0.4891001949707667, 0.42573709336462356, 0.8158297925416765, 0.4958203851499341, 0.5094303665061792, 0.5747391447424888, 0.5324580274025599, 0.6583003581811985, 0.6141335049768288, 0.5382398678497835, 0.543539479961901, 0.4057198498122119, 0.6644633727148175, 0.6666260139395793, 0.6969840815611954, 0.7082194812482956, 0.5943329654633999, 0.7725079971831292, 0.869056864331166, 0.8675207157929739, 0.5730653534884806, 0.42488134622402574, 0.5024533637899619, 0.615492329498132, 0.26286433092318473, 0.848548689931631, 0.39736065101266527, 0.6799475504443623, 0.5305264760553836, 0.476137779475207, 0.48965715411627153, 0.4369141614961403, 0.5746989455074072, 0.7209428027272224, 0.6105776818899008, 0.3991831241175532, 0.49598968446254726, 0.34334040614059913, 0.6576206957043587, 0.38679954920415627, 1.3423325524689296, 0.5822800358136495, 0.48920185659080745, 0.5717078433682521, 0.3682362887542695, 0.3618642070889473, 0.6904918745611652, 0.9982166647911072, 0.5861108182619015, 0.44482722316558165, 0.35268735724190875, 0.6494756191968918, 0.5466956100581835, 0.5046456743662173, 0.6743225829525925, 0.41342781558632846, 0.8124875533084075, 0.5841301502349476, 0.41423487062565983, 0.4997995520631472, 0.6521960406158215, 0.5523044222593307, 0.4427754153807958, 0.5429727696837523, 0.8019279318551222, 0.5863771629830201, 0.7062109474092721, 0.6015029386617243, 0.6360239785892525, 0.4460541985929013, 0.7205271363258362, 0.5194883485635122, 0.512992407268647, 1.0207187466323375, 0.6687734206517537, 0.6258381207298953, 0.5795385900884866, 0.679799463848273, 0.6866261371721825, 0.8551858662531293, 0.8378472253680229, 0.5549988944083453, 0.4102787367999554, 0.8522148830195269, 0.6518496784623022, 0.6911618666240462, 0.6964771597335736, 0.5753840806201482, 0.579805715687764, 0.6198547658820948, 0.58106503787416, 0.619548778484265, 0.5509422786533833, 0.7401610359549522, 0.9581309527158737, 0.6685847410830584, 0.8748247002561887, 0.7384561158716678, 0.7829861789941788, 0.5989687288800876, 0.7825488453281337, 0.709227625032266, 0.6860834498297084, 0.6256899376710257, 0.6397649921048647, 0.7028486624360084, 0.6494938503950834, 0.568215029514753, 0.7568939983844757]
