2025-11-06 14:25:51 - feda2 - INFO - loss data:
2025-11-06 14:25:51 - feda2 - INFO - [0.6035629138350487, 1.2082608938217163, 0.6551590517163277, 0.6447282321751118, 0.7030916673441727, 0.6405742317438126, 0.6627865930398306, 1.4449794717133044, 1.408668626099825, 0.578816682100296, 0.39025013437235934, 0.9460631003603339, 1.5717579931020738, 0.8886195967594783, 0.491896566003561, 0.29605782479047776, 1.4044181481003761, 0.34503741189837456, 0.3740346431732178, 0.5014816714392509, 0.40312825701095995, 0.6172087922718169, 1.2787630111496482, 0.5284329224377871, 0.6794877909123898, 0.7482447326183319, 0.5627814427018165, 0.5268861293792725, 0.32492718622088435, 0.9296380698680877, 0.5958480909466743, 0.529391422867775, 0.5459463149309158, 0.12472500093281269, 0.5858866851776838, 0.7629830241203308, 0.3879015726968646, 0.7585441740229726, 1.2109008133411407, 0.5545940771698952, 0.4427342377603054, 0.6265028312802314, 0.34414568580687044, 0.6797024793922901, 0.48828556947410107, 0.5253487043082714, 0.6480069607496262, 0.5656699165701866, 0.4634383680919806, 0.4274508133530617, 0.39156130626797675, 0.5045370161533356, 0.3547630630912156, 2.0802607527002692, 0.4462531942408532, 0.5376390781253576, 0.6035651788115501, 0.4413478448987007, 0.5071139447391033, 0.7939058840274811, 0.4279891991366943, 0.7948844283819199, 0.3120506710062424, 0.14203953503682795, 0.5835972838103771, 0.9696888461709022, 0.8823388367891312, 0.4407302762071291, 1.3247544169425964, 0.4746702238917351, 0.4926627352833748, 0.30279304092336035, 0.5607382893562317, 0.923575147986412, 0.47744473442435265, 0.516168960928917, 1.2640831917524338, 0.4612270761281252, 0.24675006048475756, 1.211179405450821, 0.32094896025955677, 0.6962317116558552, 0.7363272219178422, 2.6639025270938874, 0.469630293483432, 0.3308419603854418, 0.6166892647743225, 0.5540816113352776, 0.3524621702730656, 0.7126052845269442, 0.41542451828718185, 0.38251603171229365, 1.792565107345581, 0.4738160967826843, 0.26962618716061115, 0.3390077153841654, 0.7994946390390396, 0.3406221680343151, 0.38492485135793686, 0.3805711306631565, 0.30219360906630754, 0.36980973184108734, 0.22611426189541817, 0.6762641395131748, 0.3143092729151249, 0.3854801766574383, 0.33256445452570915, 0.2696696911007166, 0.21070506423711777, 0.6207561418414116, 0.3859917740647991, 0.24887068259219328, 0.448272194755393, 1.09000054448843, 1.0320075452327728, 0.4881791646281878, 0.3884270856156945, 0.17448776215314865, 0.18416855297982693, 0.6677622199058533, 0.5408601333697637, 0.18261754140257835, 0.4235716568306088, 0.33665122588475543, 0.23776619136333466, 0.5299283638596535, 0.3841836526989937, 0.36411692202091217, 0.29907986521720886, 0.4093989553550879, 0.32531556888069546, 1.648678831756115, 0.2612418817356229, 0.6655307918787002, 0.5059441402554512, 0.3677077802519003, 0.8210158124566078, 0.4270511046051979, 0.36971866711974144, 0.3238088823854923, 0.2020161123946309, 0.36530616916716097, 0.279581967741251, 0.40022970736026764, 0.28065016958862543, 0.30383859698971116, 0.1948405140079558, 0.35917450611790025, 0.6597550958395004, 0.30827587842941284, 0.39925840124487877, 0.39556582520405453, 0.37931758165359497, 0.15596548659313056, 0.3378774840384722, 0.14444703981280327, 0.7479404918849468, 0.5515084359794855, 0.24106754238406816, 0.4599358668550849, 0.2855489787335197, 0.11424056245014072, 1.2773792892694473, 0.3747884948194648, 1.4722924679517746, 0.6316385731101036, 0.8836112760007382, 0.381762009114027, 0.4445522874593735, 0.29592884704470634, 0.37064896772305167, 0.33255173322848147, 0.42199685126543046, 0.47473409585654736, 1.01982531696558, 0.9885363318026066, 1.1788955765465896, 0.7828063853085041, 1.0627314746379852, 0.5602702900767327, 0.5220978558063507, 0.2728045014664531, 0.47119153290987015, 0.40973633602261544, 0.5044458463788033, 0.885366290807724, 0.485646715760231, 0.3311567284166813, 0.4536566033959389, 0.6119977906346321, 0.35029468002418673, 0.4653507210314274, 0.39493002742528915, 0.655185217037797, 0.6230165250599384, 0.39907203180094564, 0.25077056884765625, 0.48730307817459106, 0.2686004837354024, 0.22783309631049634]
2025-11-10 05:21:59 - feda2 - INFO - loss data:
2025-11-10 05:21:59 - feda2 - INFO - [0.5823812209069729, 1.0377489477396011, 0.6039751760661602, 0.6529555805027485, 0.6743689626455307, 0.5606303811073303, 0.6114956016341845, 1.3284338768571615, 1.1256336867809296, 0.5556104928255081, 0.3961399157997221, 0.8187856380827725, 1.0405030086636544, 0.8630398847162724, 0.43111361376941204, 0.33424665350466964, 1.0623833015561104, 0.339525680989027, 0.3225051052868366, 0.5645799487182457, 0.3723129271633095, 0.5886431654734123, 0.8719936901082596, 0.45433718524873257, 0.6350331045687199, 0.6713576838374138, 0.5537761341780424, 0.5373527992516756, 0.3409029632806778, 1.0272878468036652, 0.8490141034126282, 0.5431659370660782, 0.4094768539071083, 0.1457908470183611, 0.7527422364801168, 0.8370856046676636, 0.36753549985587597, 0.8024243414402008, 1.07929365336895, 0.5388162210583687, 0.5316704623401165, 0.5015041723847389, 0.4211982451379299, 0.6206974349915981, 0.468958992511034, 0.5060648607710997, 0.5911291986703873, 0.5340209975838661, 0.37504554726183414, 0.33493735641241074, 0.3190102979540825, 0.6013333909213543, 0.31742463233078727, 1.224540929682553, 0.36654866114258766, 0.45140421614050863, 0.3908611685037613, 0.5340729653835297, 0.39057985693216324, 0.5603862628340721, 0.3555147511263689, 0.8900658041238785, 0.4302440583705902, 0.1127625035523023, 0.4451877996325493, 0.8315956309437752, 0.773859903216362, 0.3863605546454588, 0.9743659496307373, 0.48206018656492233, 0.414029523730278, 0.3842853053849669, 0.4325865462422371, 0.7639684230089188, 0.3938395962119102, 0.4227083019912243, 0.9488738030195236, 0.38775077275931835, 0.21057669311994687, 0.8114811703562737, 0.2966538448818028, 0.7886632513254881, 0.7295921526189583, 2.7315850824117662, 0.4016844086517166, 0.5790111385285854, 0.5192664861679077, 0.528415709733963, 0.34867450818419454, 0.7211041357368231, 0.35290130600333214, 0.3274339968338609, 1.3481338024139404, 0.5390738181769847, 0.4403865709900856, 0.45203200479348504, 0.6928586736321449, 0.4595463275909424, 0.36502309888601303, 0.47793740779161453, 0.3017641846090555, 0.6826918348670006, 0.26377641707658767, 0.5357694874207178, 0.3183297924697399, 0.4262133240699768, 0.3674789983779192, 0.31343960389494896, 0.3111267760396004, 0.7414440959692001, 0.3124993981172641, 0.2156409341841936, 0.29176279658956145, 0.7088431955315173, 0.528501134365797, 0.35726918528477347, 0.33084252271801234, 0.41411827504634857, 0.29923745431005955, 0.5767402537167072, 0.4336827663704753, 0.2810668274760246, 0.34789000401894254, 0.32566543358067673, 0.19549110066145658, 0.7439289838075638, 0.3282061740756035, 0.3910157084465027, 0.3996937870979309, 0.3496783750752608, 0.2824754443524095, 1.1853651565810044, 0.26318220905959605, 0.5589740872383118, 0.4615876153111458, 0.2819899221261343, 0.7253559492528439, 0.4125269949436188, 0.458346351981163, 0.3712978884577751, 0.2638024687767029, 0.3674511812627316, 0.4182406608015299, 0.7652427852153778, 0.29156072437763214, 0.2279723888883988, 0.18710584063082933, 0.31942704009513057, 0.6352753676474094, 0.26604810263961554, 0.29489161968231203, 0.6422525147596996, 0.31099763363599775, 0.0966321222173671, 0.3167463478942712, 0.19488619081676006, 0.8351447731256485, 0.39030144177377224, 0.44178761541843414, 0.36618372742086647, 0.2242973060657581, 0.12077585458755494, 1.0315825939178467, 0.5058259294213107, 1.4231958352029324, 0.4627211831510067, 0.7117302082479, 0.5102584883570671, 0.36673498898744583, 0.4441334456205368, 0.33407726883888245, 0.3700030603342586, 0.307644028775394, 0.404462618753314, 0.7019998356699944, 0.7230106107890606, 0.7876390206317107, 0.468337157741189, 0.8589227497577667, 0.43440634831786157, 0.4793895408511162, 0.292013930156827, 0.34630258232355116, 0.4049641940742731, 0.43215095400810244, 0.6600449681282043, 0.4530215747654438, 0.4411474071443081, 0.39523955136537553, 0.5109829306602478, 0.45908023541172344, 0.36028946861624717, 0.42024268861860037, 0.5634364085271955, 0.574608938768506, 0.3988860019793113, 0.21094434584180516, 0.4586260013282299, 0.22590574994683266, 0.21863830294460057]
2025-11-10 06:15:44 - feda2 - INFO - loss data:
2025-11-10 06:15:44 - feda2 - INFO - [0.5823812209069729, 1.0377489477396011, 0.6039751760661602, 0.6529555805027485, 0.6743689626455307, 0.5606303811073303, 0.6114956016341845, 1.3284338768571615, 1.1256336867809296, 0.5556104928255081, 0.3961399157997221, 0.8187856380827725, 1.0405030086636544, 0.8630398847162724, 0.43111361376941204, 0.33424665350466964, 1.0623833015561104, 0.339525680989027, 0.3225051052868366, 0.5645799487182457, 0.3723129271633095, 0.5886431654734123, 0.8719936901082596, 0.45433718524873257, 0.6350331045687199, 0.6713576838374138, 0.5537761341780424, 0.5373527992516756, 0.3409029632806778, 1.0272878468036652, 0.8490141034126282, 0.5431659370660782, 0.4094768539071083, 0.1457908470183611, 0.7527422364801168, 0.8370856046676636, 0.36753549985587597, 0.8024243414402008, 1.07929365336895, 0.5388162210583687, 0.5316704623401165, 0.5015041723847389, 0.4211982451379299, 0.6206974349915981, 0.468958992511034, 0.5060648607710997, 0.5911291986703873, 0.5340209975838661, 0.37504554726183414, 0.33493735641241074, 0.3190102979540825, 0.6013333909213543, 0.31742463233078727, 1.224540929682553, 0.36654866114258766, 0.45140421614050863, 0.3908611685037613, 0.5340729653835297, 0.39057985693216324, 0.5603862628340721, 0.3555147511263689, 0.8900658041238785, 0.4302440583705902, 0.1127625035523023, 0.4451877996325493, 0.8315956309437752, 0.773859903216362, 0.3863605546454588, 0.9743659496307373, 0.48206018656492233, 0.414029523730278, 0.3842853053849669, 0.4325865462422371, 0.7639684230089188, 0.3938395962119102, 0.4227083019912243, 0.9488738030195236, 0.38775077275931835, 0.21057669311994687, 0.8114811703562737, 0.2966538448818028, 0.7886632513254881, 0.7295921526189583, 2.7315850824117662, 0.4016844086517166, 0.5790111385285854, 0.5192664861679077, 0.528415709733963, 0.34867450818419454, 0.7211041357368231, 0.35290130600333214, 0.3274339968338609, 1.3481338024139404, 0.5390738181769847, 0.4403865709900856, 0.45203200479348504, 0.6928586736321449, 0.4595463275909424, 0.36502309888601303, 0.47793740779161453, 0.3017641846090555, 0.6826918348670006, 0.26377641707658767, 0.5357694874207178, 0.3183297924697399, 0.4262133240699768, 0.3674789983779192, 0.31343960389494896, 0.3111267760396004, 0.7414440959692001, 0.3124993981172641, 0.2156409341841936, 0.29176279658956145, 0.7088431955315173, 0.528501134365797, 0.35726918528477347, 0.33084252271801234, 0.41411827504634857, 0.29923745431005955, 0.5767402537167072, 0.4336827663704753, 0.2810668274760246, 0.34789000401894254, 0.32566543358067673, 0.19549110066145658, 0.7439289838075638, 0.3282061740756035, 0.3910157084465027, 0.3996937870979309, 0.3496783750752608, 0.2824754443524095, 1.1853651565810044, 0.26318220905959605, 0.5589740872383118, 0.4615876153111458, 0.2819899221261343, 0.7253559492528439, 0.4125269949436188, 0.458346351981163, 0.3712978884577751, 0.2638024687767029, 0.3674511812627316, 0.4182406608015299, 0.7652427852153778, 0.29156072437763214, 0.2279723888883988, 0.18710584063082933, 0.31942704009513057, 0.6352753676474094, 0.26604810263961554, 0.29489161968231203, 0.6422525147596996, 0.31099763363599775, 0.0966321222173671, 0.3167463478942712, 0.19488619081676006, 0.8351447731256485, 0.39030144177377224, 0.44178761541843414, 0.36618372742086647, 0.2242973060657581, 0.12077585458755494, 1.0315825939178467, 0.5058259294213107, 1.4231958352029324, 0.4627211831510067, 0.7117302082479, 0.5102584883570671, 0.36673498898744583, 0.4441334456205368, 0.33407726883888245, 0.3700030603342586, 0.307644028775394, 0.404462618753314, 0.7019998356699944, 0.7230106107890606, 0.7876390206317107, 0.468337157741189, 0.8589227497577667, 0.43440634831786157, 0.4793895408511162, 0.292013930156827, 0.34630258232355116, 0.4049641940742731, 0.43215095400810244, 0.6600449681282043, 0.4530215747654438, 0.4411474071443081, 0.39523955136537553, 0.5109829306602478, 0.45908023541172344, 0.36028946861624717, 0.42024268861860037, 0.5634364085271955, 0.574608938768506, 0.3988860019793113, 0.21094434584180516, 0.4586260013282299, 0.22590574994683266, 0.21863830294460057]
2025-11-10 20:51:00 - feda2 - INFO - loss data:
2025-11-10 20:51:00 - feda2 - INFO - [0.5677224688231945, 1.0788917392492294, 0.6175959281623363, 0.6899913661181927, 0.8015237251917522, 0.662205308675766, 0.7740511931478977, 1.3495947955176235, 1.4692952018231153, 0.576599471271038, 0.37762306756081265, 0.9439148100791499, 1.6980068385601044, 0.8886267468333244, 0.48719391226768494, 0.3087310866452754, 1.5083729028701782, 0.34936507791280746, 0.3805103066066901, 0.6528735793092184, 0.344711059355177, 0.6369305701615909, 1.2880167520035886, 0.4972778242081404, 0.8213199153542519, 0.9359636008739471, 0.6029696658253669, 0.5589463323354721, 0.3184537567198277, 0.966763824224472, 0.7653964459896088, 0.5711850970983505, 0.5611444488167763, 0.20938284322619438, 0.5800387039780617, 0.9669467806816101, 0.4189871909096837, 1.0072559248656034, 1.4480332732200623, 0.5234647169709206, 0.4858154468238354, 0.652199762314558, 0.34740114603191613, 0.7109132073819637, 0.5917475670576096, 0.48661369209488237, 0.5762923508882523, 0.6324593871831894, 0.39767099668582284, 0.38489813171327114, 0.3666932933032513, 0.436981376260519, 0.31980009165191503, 1.7305020390078425, 0.4104257309809327, 0.46212112382054327, 0.686974473297596, 0.43032921105623245, 0.3686557821929455, 0.540713332593441, 0.3394181846330563, 0.688565269112587, 0.34037781196335953, 0.12180139915047525, 0.5443755313754082, 0.9086746826767922, 0.6582222729921341, 0.4357735700905323, 0.8356577455997467, 0.5140873119235039, 0.4101959392428398, 0.254787038473296, 0.5115337803959846, 0.8140097558498383, 0.43662830591201784, 0.4413843214511871, 1.3551412373781204, 0.39192341919988394, 0.24717392515805034, 1.840154804289341, 0.35897897742688656, 0.7488825917243958, 0.7704202520027239, 2.977835328876972, 0.47731520872588995, 0.4250821955502033, 0.7227099053561687, 0.4198600724339485, 0.3908346280455589, 0.7694004531949759, 0.4667545557022095, 0.3874968899413943, 1.7764661312103271, 0.48399941623210907, 0.3076237365603447, 0.3964393325150013, 0.6666139662265778, 0.4264006167650223, 0.3102618232369423, 0.5068444106727839, 0.2549204118549824, 0.2833093600347638, 0.24583537504076958, 0.6069948015113671, 0.334633257240057, 0.36964181810617447, 0.3556745834648609, 0.2501281453296542, 0.15032406523823738, 0.5748230516910553, 0.3792065651466449, 0.22979302145540714, 0.7182881665422529, 1.178588928867248, 0.6075729429721832, 0.443226141234239, 0.3571990629658103, 0.1709868684411049, 0.22534506022930145, 0.544005274772644, 0.39085383924345174, 0.2667789123952389, 0.2963363549361626, 0.33119813197602826, 0.20187735681732497, 0.885988287627697, 0.4767146557569504, 0.1775214783847332, 0.8387898430228233, 0.3393299974501133, 0.34416452004289666, 1.9748579151928425, 0.2720443308353424, 0.6933005712926388, 0.39592497795820236, 0.28736497089266777, 0.7310217954218388, 0.3946743682026863, 0.32391079515218735, 0.36246705055236816, 0.2699728272855282, 0.3327796671539545, 0.26253507286310196, 0.4615933522582054, 0.4067870518192649, 0.21541740434865156, 0.17942072292789818, 0.397942333171765, 0.647298033349216, 0.3269936330616474, 0.33106017025808493, 0.4037885690728823, 0.246255973726511, 0.20136527474581575, 0.3035381293545167, 0.259112223982811, 0.5896052811294794, 0.8734956663101912, 0.3976678748925527, 0.4319824093952775, 0.2742464255541563, 0.12722424613311886, 1.119777962565422, 0.30616151293118793, 1.446901112794876, 0.4325407512485981, 1.2348631851375103, 0.5077709779143333, 0.41986989974975586, 0.37989942729473114, 0.35650361267228925, 0.21391512158637244, 0.9989482253789902, 0.41071862541139126, 0.8379019945859909, 0.8278084260722002, 0.8480177521705627, 0.4931061572084824, 0.8063426911830902, 0.33409496769309044, 0.4632656928151846, 0.30031034629791975, 0.4124282844364643, 0.3899900294840336, 0.44394245445728303, 0.6105515956878662, 0.41824135556817055, 0.3261375665664673, 0.849665679037571, 0.5389838963747025, 0.3258622270077467, 0.44861318469047545, 0.8477694289758801, 0.5755809722468257, 0.5963119864463806, 0.30560840790470445, 0.2531880922615528, 0.4454159028828144, 0.18043283993999165, 0.2589675150811672]
2025-11-11 14:49:21 - feda2 - INFO - loss data:
2025-11-11 14:49:21 - feda2 - INFO - [0.5564978756010532, 1.0835603475570679, 0.6149228043854237, 0.685445711016655, 0.7287014623483021, 0.634418785572052, 0.6321409307420254, 1.3231384037062526, 1.4004493840038776, 0.5960029289126396, 0.3945725975920343, 1.0481359455734491, 1.6554798468947411, 0.8836808477838833, 0.4689873605966568, 0.2892460275441408, 1.3357366546988487, 0.3454519063234329, 0.3626243360340595, 0.6065946294305226, 0.3218096163751195, 0.6577726379360279, 1.2148403375306063, 0.5389983393251896, 0.8013435006141663, 0.8487537577748299, 0.5862506575882435, 0.507396898418665, 0.3890871316194534, 0.9344626128673553, 0.7469214498996735, 0.5238449424505234, 0.3754625618457794, 0.10045449808239937, 0.654537970200181, 0.840389221906662, 0.4243826098740101, 0.7397016063332558, 1.1220540255308151, 0.6021693795919418, 0.4896191867689291, 0.6735690385103226, 0.42444467879831793, 1.0609043426811695, 0.9031338840723038, 0.5494908454517523, 0.6097952872514725, 0.54571133852005, 0.4563777757187685, 0.4203573875129223, 0.33777974247932435, 0.4855847433209419, 0.3172801295942109, 1.7104600364342333, 0.3846288889180869, 0.4760853353887796, 0.42541928589344025, 0.46000563353300095, 0.4532725140452385, 0.6243490874767303, 0.3920002418259779, 1.0062435567378998, 0.44044312089681625, 0.13701523514464498, 0.6490447614341974, 0.6431518837809562, 0.618568941950798, 0.40799674267570174, 0.9584947228431702, 0.472098708152771, 0.5241356939077377, 0.28686618654885226, 0.47467823028564454, 0.6636019647121429, 0.4310012012720108, 0.5145970042794943, 1.1100395321846008, 0.4103918932378292, 0.2164604777150089, 0.8627133369445801, 0.26644989964552224, 0.5100480783730745, 0.5687858161788123, 2.757148675620556, 0.4397276597511437, 0.289169616997242, 0.6819623410701752, 0.4827178940176964, 0.5006255131214857, 0.44045934826135635, 0.4320274367928505, 0.3365124663338065, 1.2608369141817093, 0.5936169311404228, 0.1789339128881693, 0.4778765390316645, 0.7961517721414566, 0.41457387059926987, 0.444547139108181, 0.36737027764320374, 0.21833407692611217, 0.45056501775979996, 0.34158334918320177, 0.8852566604812939, 0.5389394666999578, 0.41892911680042744, 0.2503466848284006, 0.35863831639289856, 0.44960842654109, 0.5885325819253922, 0.34855670367057123, 0.2359692957252264, 0.43906347027061404, 1.136174586522975, 1.2011654525995255, 0.47284250458081567, 0.3549882071092725, 0.2130270153284073, 0.16987126506865025, 0.5373763283714652, 0.4289903283119202, 0.2252816017717123, 0.43450862299650905, 0.34344242699444294, 0.21498768217861652, 0.7135236375033855, 0.32785033993422985, 0.49144118279218674, 0.4059821367263794, 0.3646870583295822, 0.3101079124220026, 1.7630252875387669, 0.27540622297674416, 0.5103943981230259, 0.6397118419408798, 0.38944666335980094, 0.4699624627828598, 0.3327941745519638, 0.5728392004966736, 0.37612474523484707, 0.3047219831496477, 0.3792105294764042, 0.5671700900420547, 0.4572191536426544, 0.20169292576611042, 0.3442793103555838, 0.26663077957928183, 0.37157853258152806, 0.49280284717679024, 0.3277573473751545, 0.3224219056467215, 0.44017261018355686, 0.368075008969754, 0.2019198432891345, 0.3584634860356649, 0.19620747293811291, 0.5789120700210333, 0.6426693350076675, 0.20406008635958037, 0.43498067241162064, 0.2710356664222976, 0.11145699210464954, 1.0413310676813126, 0.22648948817125833, 1.447203017771244, 0.5415653448551894, 0.7890214554965496, 0.2933836355805397, 0.42966262996196747, 0.4120614528656006, 0.361916217332085, 0.4412129944086903, 0.4261457722634077, 0.45537083968520164, 0.8590009845793247, 0.6357432467242082, 0.6088189662744602, 0.6290351034452518, 0.8829798102378845, 0.6644841760396958, 0.4875513091683388, 0.18146013654768467, 0.4193790778517723, 0.34094966053962705, 0.41115876510739324, 0.6849186271429062, 0.42423399835824965, 0.2516874149441719, 0.39745672345161437, 0.5379225984215736, 0.2798619205132127, 0.457139477878809, 0.33128534257411957, 0.4101950032636523, 0.5298795104026794, 0.5088117768367132, 0.31000756596525514, 0.44055556431412696, 0.30545910696188605, 0.26380772069096564]
2025-11-13 21:25:31 - feda2 - INFO - loss data:
2025-11-13 21:25:31 - feda2 - INFO - [0.5606954872608185, 1.0065428167581558, 0.6160006247460842, 0.6911319755017757, 0.74126826847593, 0.6290025562047958, 0.7554775054256121, 1.2079942751675845, 1.237640019506216, 0.5763488411903381, 0.4732196387938327, 0.7575243795290589, 1.4466193974018098, 0.9242238538960617, 0.495160061866045, 0.28863271698355675, 1.4432194828987122, 0.35064709931612015, 0.36553920308748883, 0.6517507623518921, 0.3780095762935364, 0.9351573480137935, 1.3636291624279693, 0.6582942325621843, 1.4528975263237953, 0.6453851163387299, 0.5780436556786299, 0.6479342401027679, 0.4242027595639229, 0.9611486092209816, 0.9403460472822189, 0.648564301431179, 0.5107056871056557, 0.21182657405734062, 0.674366919323802, 0.8059822171926498, 0.46225564032793043, 0.963285319507122, 1.7799528539180756, 0.6728288978338242, 0.6220180355012417, 0.8293272942304611, 0.4862680766731501, 1.2078066393733025, 1.065652757883072, 0.4939765023688475, 0.6317405551671982, 0.5741397440433502, 0.48962180192271865, 0.4480598345398903, 0.362410619109869, 0.5873150285333395, 0.36392561242165455, 1.3485336508601904, 0.5327552510425448, 0.5389421515166759, 0.493689201772213, 0.5494203567504883, 0.6106412261724472, 0.6817565411329269, 0.4860802528758844, 0.7353204637765884, 0.47220271825790405, 0.1785881271894646, 1.2409895695745945, 0.38840833455324175, 0.7727950662374496, 0.4674692749977112, 1.404104858636856, 0.531365629285574, 0.5609030239284039, 0.3472514678255215, 0.659322264790535, 0.9079512655735016, 0.5327882587909698, 0.6164099961519242, 1.3494195640087128, 0.584516754373908, 0.306033212148274, 0.5386743769049644, 0.3700501434504986, 0.5812551453709602, 0.612395804255761, 1.9921254098415375, 0.37705980241298676, 0.47806078754365444, 1.2496183067560196, 0.525446854531765, 0.7338539190590382, 1.0526855736970901, 0.5368646830320358, 0.4754927221685648, 1.6142240762710571, 0.7380462810397148, 0.32438264414668083, 0.623187068849802, 1.2176648080348969, 0.5622596107423306, 0.6962761133909225, 0.4040013253688812, 0.3632239308208227, 0.5330499932169914, 0.4250577285885811, 0.7433531632026036, 0.4346097484230995, 0.5183352697640657, 0.37070781737565994, 0.4912501648068428, 0.3348277397453785, 0.7672981470823288, 0.43872002878536775, 0.26552787919839227, 0.3699592142301198, 0.6700089080259204, 0.46545763313770294, 0.4534825384616852, 0.45711033828556535, 0.27233903482556343, 0.23182820715010166, 0.6631608922034502, 0.6738059928019842, 0.28123126178979874, 0.682207477465272, 0.3800147355844577, 0.2592449927081665, 0.8438078984618187, 0.42820920050144196, 0.5887150093913078, 0.6227403879165649, 0.4245938792824745, 0.43182008491001195, 1.7830321937799454, 0.3429203234612942, 0.8593875274062157, 0.575084462761879, 0.41693216313918435, 0.7616466879844666, 0.6312469989061356, 0.5047716423869133, 0.5523896124213934, 0.39972449094057083, 0.45429949313402174, 0.5135636460036039, 0.6269431337714195, 0.3325270116329193, 0.42882125824689865, 0.31185397822409866, 0.4527108930051327, 0.7245009746402502, 0.37048557214438915, 0.45028850821157296, 0.5072765151659648, 0.3813705947250128, 0.2174402696804868, 0.3911084222296874, 0.18082137126475573, 0.8406436108052731, 0.7680398188531399, 0.21595348045229912, 0.6030094049870968, 0.3473069382210573, 0.16353079304099083, 1.2452814131975174, 0.35702787187053925, 1.8120478093624115, 0.7546221047639847, 1.0651806175708771, 0.4188006706535816, 0.45021989196538925, 0.5009103938937187, 0.3948425628244877, 0.4985253984729449, 0.49073563814163207, 0.47524832002818584, 1.1250483840703964, 0.7764295774201552, 0.9002193671961626, 0.8770813892285029, 1.186120092868805, 0.7243356674909591, 0.6627715900540352, 0.3000913392752409, 0.5572188347578049, 0.4914441056549549, 0.5678119167685509, 0.9952735006809235, 0.5882339522242546, 0.39970078468322756, 0.5265613064169884, 0.7153727486729622, 0.40994803979992867, 0.5466483347117901, 0.47945431992411613, 0.6079366132616997, 0.740557536482811, 0.6509080789983273, 0.3183254736165205, 0.5695763885974884, 0.3625396862626076, 0.3088898539543152]
2025-11-14 11:19:02 - feda2 - INFO - loss data:
2025-11-14 11:19:02 - feda2 - INFO - [0.6047707676887513, 1.1925337314605713, 0.6565149053931236, 0.7159907072782516, 0.81825881327192, 0.6163303628563881, 0.7495718337595463, 1.2050706695765256, 1.4484142512083054, 0.5748837739229202, 0.5152076656102307, 0.7980184098705649, 1.5464504390954972, 0.984541017562151, 0.485963374376297, 0.31650583185255526, 1.513373002409935, 0.349985146895051, 0.3586689792573452, 0.6350928884316495, 0.39216127433917586, 0.7863767285986493, 1.380384833862384, 0.5738468654453754, 0.9644138589501381, 0.7288341075181961, 0.5774943105876446, 0.5370497394353151, 0.33632574081420896, 0.9938040152192116, 0.8259543627500534, 0.5305657759308815, 0.5360731109976768, 0.18840060755610466, 0.6224802732467651, 0.7538616806268692, 0.4148554061539471, 0.7940669804811478, 1.3180147111415863, 0.5367144495248795, 0.5499080717563629, 0.8998905636370182, 0.4788060188293457, 1.208816446363926, 0.9899033904075623, 0.4920179285109043, 0.5902460664510727, 0.6084167808294296, 0.46988330160578096, 0.3791570384055376, 0.3775311172008514, 0.5222938358783722, 0.36591311766905066, 1.6754103045910598, 0.48476643580943346, 0.5293194849044085, 0.6716080904006958, 0.5092152133584023, 0.5313919186592102, 0.7650039047002792, 0.43939598836004734, 0.6718103885650635, 0.37547786782185233, 0.13066303183667413, 0.7988206930458546, 0.4832123011350632, 0.8866139277815819, 0.41177582244078315, 1.243953362107277, 0.4690043106675148, 0.4361692927777767, 0.3351958396815462, 0.5375547617673874, 0.9156006425619125, 0.49695490300655365, 0.5950233891606331, 1.2949293553829193, 0.5250343959778547, 0.28090611560263723, 0.8367491215467453, 0.34193574264645576, 1.0276432987302542, 0.6399891740357917, 2.3976282879710196, 0.5158989749745362, 0.43654716946184635, 0.8470842763781548, 0.47590935975313187, 0.5122823238372802, 0.7850776184350252, 0.4040570706129074, 0.4175506003201008, 1.6088983416557312, 0.5121885776519776, 0.3005018122494221, 0.4024541645000378, 0.8623806163668633, 0.3767887055873871, 0.4277338534593582, 0.3904369864612818, 0.38100777193903923, 0.3693773038685322, 0.25912348814308644, 0.7623346075415611, 0.36665380373597145, 0.4460492581129074, 0.3152133785188198, 0.28669645078480244, 0.2761473245918751, 0.6342296004295349, 0.41552642857035, 0.27866188747187454, 0.4978733207778229, 1.1030411238549278, 1.0719637870788574, 0.49017272144556046, 0.43776993490755556, 0.22129987925291061, 0.22207223810255527, 0.5962103456258774, 0.5790539601196845, 0.2281222864985466, 0.46635828744620084, 0.37849770300090313, 0.28497270929316676, 0.739696130156517, 0.4202538877725601, 0.4626222550868988, 0.4403312876820564, 0.42455825209617615, 0.38475328706166084, 1.8506983183324337, 0.3171254651620984, 0.80047607421875, 0.4413408935070038, 0.33520538111527765, 1.028434880077839, 0.5512792393565178, 0.3862595111131668, 0.4049688372761011, 0.30193814262747765, 0.4204748846590519, 0.4138236790895462, 0.4828951358795166, 0.29456920735538006, 0.3296238395075003, 0.20931278048083185, 0.41132381185889244, 0.8131547123193741, 0.3461011592298746, 0.4336226878066858, 0.47808729360500973, 0.3616343677043915, 0.16922697075642645, 0.35720611984531087, 0.19603640027344227, 0.7177365608513355, 0.6865096837282181, 0.25851079573233926, 0.5397920195013285, 0.31464415602386, 0.14484917931258678, 1.3176154345273972, 0.3706041334274535, 1.5187386497855186, 0.5671193301677704, 0.9322318106889724, 0.38749448396265507, 0.46348773688077927, 0.37782973796129227, 0.4010798123975595, 0.37202834834655124, 0.574500958994031, 0.44226517342031, 0.9950295835733414, 1.063537934795022, 1.0979889122148354, 0.7333219523231188, 1.131031021475792, 0.6745679222047329, 0.5553173162043095, 0.2555011995136738, 0.49596076011657714, 0.47819976061582564, 0.5161187127232552, 0.964755967259407, 0.5465476021170617, 0.3602243885397911, 0.5828511103987694, 0.6497366726398468, 0.38495487843950593, 0.48717232048511505, 0.5288759153336287, 0.652384078130126, 0.7110747322440147, 0.5041726504762968, 0.29696405678987503, 0.594644644856453, 0.26342346643408143, 0.26736128628253936]
2025-11-14 20:37:21 - feda2 - INFO - loss data:
2025-11-14 20:37:21 - feda2 - INFO - [0.5644388511776924, 1.1384181380271912, 0.6508090019226074, 0.7222669497132301, 0.8925335891544819, 0.6543821841478348, 0.8193813562393188, 1.0870717018842697, 1.3070836961269379, 0.5715359374880791, 0.5286045722249482, 0.6871570134535432, 1.2979911029338838, 0.8906368811925252, 0.49113675206899643, 0.29668905809521673, 1.4652236700057983, 0.34949687868356705, 0.35039392299950123, 0.7046766262501478, 0.36634068745705817, 0.957674537707741, 1.4354374200467848, 0.6001174189150333, 1.2545894272625446, 0.7223529070615768, 0.5652039051055908, 0.5601648807525634, 0.32123152911663055, 0.8436836391687393, 0.9573124349117279, 0.6250213384628296, 0.4982543960213661, 0.28667864948511124, 0.6702300347387791, 0.9105458110570908, 0.45823523979634045, 0.9147488139569759, 1.4654864370822906, 0.6688270941376686, 0.5752126164734364, 0.8260316535830498, 0.4431769048795104, 1.27601920068264, 1.0639314502477646, 0.4951671101152897, 0.6383257508277893, 0.6533003896474838, 0.4770400101939837, 0.35527460277080536, 0.35040641352534296, 0.5436471961438656, 0.36379878037324587, 1.3779533307999372, 0.5171762192621827, 0.48765382915735245, 0.6349362730979919, 0.5584871172904968, 0.4169335588812828, 0.6889448165893555, 0.4226971001674732, 0.7243372052907944, 0.42554034789403283, 0.15738524071639404, 0.8994584493339062, 0.4725578218698502, 0.9809901118278503, 0.413575874020656, 1.2398948967456818, 0.5729745551943779, 0.48458653315901756, 0.40582352857260656, 0.49738473147153855, 0.8348078280687332, 0.50408965498209, 0.5776911869645118, 1.5514561235904694, 0.5014282315969467, 0.28847269872009446, 1.0056554079055786, 0.3807093873620033, 0.7209892943501472, 0.7841700155598422, 2.314373533427715, 0.43599243396117043, 0.48771170526742935, 0.9696261435747147, 0.41441192477941513, 0.477289067953825, 0.8763172626495361, 0.5752970799803734, 0.4266901079565287, 1.5058334469795227, 0.643616047501564, 0.4186173602938652, 0.5229474306106567, 0.8490621745586395, 0.5746427178382874, 0.541354276239872, 0.5306866392493248, 0.3493521399796009, 0.38683703169226646, 0.30733296312391756, 0.8104480529824893, 0.4202222265303135, 0.458905890583992, 0.43950050696730614, 0.31654778122901917, 0.2376212142407894, 0.6068751811981201, 0.4271911521752675, 0.2569996970705688, 0.6596870258864429, 1.2341528101591392, 0.9991625398397446, 0.5831775615612665, 0.4295086946338415, 0.20558270066976547, 0.22451327741146088, 0.7233733423054218, 0.6501159369945526, 0.23881129920482635, 0.5729677458604177, 0.33055644823859137, 0.2585472116867701, 0.8884922936558723, 0.48087043687701225, 0.3621041104197502, 0.7495132386684418, 0.3941934876143932, 0.42709774243929943, 1.7864376828074455, 0.314374259673059, 0.8765738517045975, 0.3798501715064049, 0.3786922792593638, 0.8632805645465851, 0.593860313296318, 0.4026046097278595, 0.520818829536438, 0.4051946848630905, 0.3940678358078003, 0.358909560367465, 0.6960700675845146, 0.3426131810992956, 0.3032198821504911, 0.22161579169332982, 0.4366233038405577, 0.8337527960538864, 0.34666373021900654, 0.4320989914238453, 0.48497118055820465, 0.33620397970080373, 0.17213277659741127, 0.33776427805423737, 0.24717920273542404, 0.8716335482895374, 1.0031794495880604, 0.3040912374854088, 0.5549814183264971, 0.3140945510317882, 0.15751992985606195, 1.278201311826706, 0.40775853293275255, 1.686545491218567, 0.5660786956548691, 1.3415426939725876, 0.46615342423319817, 0.4354036971926689, 0.44693946838378906, 0.3687014090518157, 0.35928444688518846, 0.8379650369286538, 0.4170091077685356, 0.9925230080261827, 0.9328200221061707, 0.9573906051615874, 0.7457615236441294, 0.9739512652158737, 0.47013505548238754, 0.6297342032194138, 0.3429534584283829, 0.5607203960418701, 0.49811076410114763, 0.5649770826101304, 0.897154688835144, 0.5724255472421647, 0.38169160336256025, 0.8122316405177117, 0.6513179764151573, 0.4275850479801496, 0.5951556876301766, 0.8278811275959015, 0.6858454681932926, 0.768497709184885, 0.39879570715129375, 0.3012835482756297, 0.5812542743980884, 0.22462734580039978, 0.3302741885185242]
2025-11-22 23:45:53 - feda2 - INFO - loss data:
2025-11-22 23:45:53 - feda2 - INFO - [0.5922812618780882, 0.6074652042653825, 0.5570116087794303, 0.5005084110630883, 0.6188227877020835, 0.5601474612951278, 0.6019024271517992, 0.6920287857453029, 0.6252633409108966, 0.6008612833917141, 0.545825356990099, 0.593202044069767, 0.5592795529299313, 0.5929568410152569, 0.519058533012867, 0.3291520304977894, 0.5873498837463558, 0.4725614634240628, 0.4500267687253654, 0.5061752989888191, 0.45755877941846845, 0.3685732837766409, 0.5532822742437322, 0.4710617427610689, 0.6202368915081025, 0.4502639785408974, 0.46800397131592036, 0.40698606241494417, 0.4578688119589869, 0.29717185087502, 0.36488081314309967, 0.2786725344136357, 0.4411075628078025, 0.2984871714375913, 0.5001847870647907, 0.4591503217816353, 0.4713027663528919, 0.4971647195518017, 0.3657928575658136, 0.3744173265165753, 0.39739553376566616, 0.3361404261086136, 0.3831103162840009, 0.3828966462777721, 0.29066025954671204, 0.3593529203906655, 0.35882350876927377, 0.37850348005692164, 0.4741359897371795, 0.3593646651133895, 0.3815937038511038, 0.23014753852039577, 0.3016877258196473, 0.4081812950058116, 0.3761674348885814, 0.25288703784462996, 0.2982615153822634, 0.36095082722604277, 0.4607169087976217, 0.33508521122857926, 0.31666516279801726, 0.29929244630038737, 0.297317641807927, 0.2591509115300141, 0.314799502491951, 0.42765879109501836, 0.3261106907803979, 0.35699174329638483, 0.31651947759091853, 0.307833044975996, 0.3421890914440155, 0.27136153032382326, 0.44207774149253964, 0.38029922246932985, 0.43645484621326125, 0.29757495075464246, 0.31704121073707936, 0.4527863197028637, 0.29303482004906983, 0.32734165638685225, 0.4071142638567835, 0.3290279463864863, 0.4504007948562503, 0.31870545177823967, 0.3016809408087283, 0.41281819716095924, 0.4052340337075293, 0.3526891389396042, 0.2617878110872375, 0.30530921142134404, 0.34314433895051477, 0.3316248096525669, 0.29501327909529207, 0.3677427465096116, 0.32312013625050895, 0.5444499477744102, 0.3740392765030265, 0.37755541363731027, 0.37706639505922795, 0.3591025657951832, 0.2554116785940197, 0.2820426361428367, 0.3041629383340478, 0.2108078117378884, 0.27578667886555197, 0.30431993687525394, 0.2489328340627253, 0.19299008455127478, 0.2570522455498576, 0.21195459263399244, 0.2660980965010822, 0.31604289449751377, 0.3263477500528097, 0.2760300517082214, 0.2072406206279993, 0.30606023801697624, 0.3101742558501428, 0.6153034422546625, 0.34860667698085307, 0.23629544613262016, 0.1651773274772697, 0.2075903495773673, 0.21840832941234112, 0.44089030660688877, 0.4386256605386734, 0.31800008155405524, 0.26834947392344477, 0.17175420342634123, 0.23684405704261735, 0.22861346423160284, 0.3703553224913776, 0.6321794800460339, 0.23211363394641216, 0.3023929661139846, 0.3329723533242941, 0.38678758721798656, 0.24000539543339983, 0.34498159494251013, 0.4161514459177852, 0.2928787409327924, 0.17666534688323737, 0.3094087364152074, 0.3139872342348099, 0.26284347276668996, 0.28025889545679095, 0.2563628865405917, 0.3057508299825713, 0.2347928124783923, 0.33587496913969517, 0.25085380969103427, 0.2877063320018351, 0.26568969395011666, 0.2461820332540406, 0.2999359348581897, 0.3429788116365671, 0.24430564045906067, 0.2080803249238266, 0.3861972656100988, 0.4077654581516981, 0.22752092697191983, 0.23024690772096318, 0.26515499595552683, 0.2384134389460087, 0.3891263911500573, 0.2982833176851273, 0.348910512868315, 0.2598133714869618, 0.3000770221929997, 0.24129968906442323, 0.22490467915518414, 0.30306431802455336, 0.3765403373166919, 0.2332990242375268, 0.20811834877563848, 0.3151126056793146, 0.26983095589093864, 0.26546647275487584, 0.26525575591949746, 0.29990504775196314, 0.29332886235788463, 0.3361532192211598, 0.2145880740135908, 0.34825600851327176, 0.3369542025960982, 0.3860270282253623, 0.3692275742068887, 0.2952660344075412, 0.3100988144055009, 0.3069919072091579, 0.36720196274109185, 0.27397181559354067, 0.29146789461374284, 0.2417061310261488, 0.28561608772724867, 0.312947042286396, 0.37643796689808373, 0.3160387974232435, 0.32435018923133613, 0.2575183741748333, 0.3234474530443549]
2025-11-23 05:06:44 - feda2 - INFO - loss data:
2025-11-23 05:06:44 - feda2 - INFO - [0.3963658340275288, 0.667646236717701, 0.4687778204679489, 0.8834282189607621, 0.8460169732570648, 0.6955889903008938, 0.9299707561731339, 0.30155139677226545, 0.6846453834325075, 0.5733786791563034, 0.42597308903932574, 0.6327273137867451, 0.3978830918669701, 0.538127713650465, 0.7378691166639328, 0.4545180030167103, 0.5609534427523613, 0.6165413834154606, 0.5375495001673698, 0.5022100064903497, 0.25612162286415696, 0.7590121567249298, 0.5686046872287989, 0.3640540852211416, 0.2988245036453009, 1.118955524265766, 0.4011105952784419, 0.8514492776244879, 0.5683260951191187, 0.3830263420939446, 0.2647080359980464, 0.31601868011057377, 0.5111465387046337, 0.4638827953487635, 0.886497513204813, 0.3994697127491236, 0.49380374886095524, 0.4566724896430969, 0.37689855601638556, 0.35168579933233557, 0.3852171219885349, 0.2644434060901404, 0.529675917327404, 0.4733343094587326, 0.4199626535177231, 0.37043801806867127, 0.4824823625385761, 0.3417101288214326, 0.5452687829732895, 0.3518882039934397, 0.3692067679017782, 0.2726767369545996, 0.3835780698806047, 0.4337246768176556, 0.4871950507164001, 0.2847019422799349, 0.334124768152833, 0.1507198430132121, 0.1422960962401703, 0.8315408021211624, 0.35039184503257276, 0.41473176181316374, 0.24218255979940295, 0.22607776382938027, 0.5120417160913349, 0.5636070817708969, 0.4513813635334373, 0.6200060220435262, 0.2512146449415013, 0.31881264355033634, 0.3810293864458799, 0.29299069195985794, 0.2581712213344872, 0.2882154695689678, 0.2979307522065937, 0.5283998064696789, 0.22395846671424807, 0.4133221382275224, 0.22784926001913847, 0.3328499300405383, 0.5015967609360814, 0.671156321465969, 0.34978631474077704, 0.3761529829353094, 0.30817271023988724, 0.29957115054130556, 0.43185128923505545, 0.4692532107234001, 0.2562725931871682, 0.8074369886890054, 0.2662983197718859, 0.7050788287073374, 0.26732213152572515, 0.5803840339183808, 0.2432075315155089, 0.7805339097976685, 0.3521049186587334, 0.37211572676897053, 0.5050095386803151, 0.35660903006792066, 0.3562271565198898, 0.3005836565047503, 0.2335273629054427, 0.3253319527953863, 0.5050157327204943, 0.5462895102798939, 0.3351343372371048, 0.40428116731345654, 0.31975883394479754, 0.4685125945135951, 0.2697016248479486, 0.33254238292574884, 0.3537000648677349, 0.37001584749668837, 0.3085335664451122, 0.32186626195907597, 0.24845810127444568, 0.41037928154692055, 0.3030103938654065, 0.23082628147676587, 0.40870945416390897, 0.33361447378993037, 0.423423208296299, 0.5393086515367032, 0.29583328440785406, 0.28366654478013514, 0.49860864616930484, 0.24148223772644994, 0.31106384880840776, 0.21946621537208555, 0.38494690917432306, 0.30154639557003976, 0.17495081378147007, 0.11221738969907165, 0.3251539684832096, 0.2559268444776535, 0.22070611836388707, 0.6152911294251681, 0.3309951413422823, 0.5519974019378424, 0.3535871136933565, 0.2576369743794203, 0.3505070136860013, 0.3071167502552271, 0.36316678058356044, 0.5178378876298666, 0.2600278154015541, 0.29206681400537493, 0.43821223825216293, 0.3404747929424048, 0.29034666419029237, 0.516770102828741, 0.29774242751300334, 0.30934803681448103, 0.1714465094730258, 0.581319573149085, 0.3720691090449691, 0.12324242983013392, 0.37070043180137874, 0.22931741625070573, 0.2318804834038019, 0.22825530190020799, 0.30623687552288176, 0.4002111207693815, 0.7038785129785537, 0.29400175753980873, 0.3039325997233391, 0.31588348373770714, 0.327539025619626, 0.300569817237556, 0.19668675269931557, 0.4170908873900771, 0.358142613992095, 0.3643522050231695, 0.2111556215211749, 0.22748978650197388, 0.7254349157214165, 0.4320833383128047, 0.3083653684705496, 0.38563331216573715, 0.38195579051971434, 0.5233979200944304, 0.18504370506852866, 0.7693345583975315, 0.5721308220177889, 0.4150108851492405, 0.38555017970502375, 0.3223944827914238, 0.30136959031224253, 0.6274901479482651, 0.2366626365110278, 0.3207646116614342, 0.45469379276037214, 0.5604599505662918, 0.2695830535143614, 0.22315578795969487, 0.5399747718125582, 0.33227585554122924, 0.37487526759505274, 0.31598825566470623]
2025-11-23 07:39:22 - feda2 - INFO - loss data:
2025-11-23 07:39:22 - feda2 - INFO - [0.49581529553979636, 0.48520931539436185, 0.4332640030886978, 0.49918878022581337, 0.7180134430527687, 0.5082011707127094, 0.9989260926842689, 0.6232374161481857, 0.5917175441980362, 0.5482577607035637, 0.592608293890953, 0.30914458162151276, 0.6361477164551615, 0.40886572208255534, 0.4040330315940082, 0.20927669052034617, 0.7487850613892079, 0.6754876036196947, 0.4918744541704655, 0.6171657033264637, 0.5216880376140276, 0.43518178826197984, 0.33971920032054187, 0.40028418228030205, 0.601709670573473, 0.31605071723461153, 0.2126735613681376, 0.2966589360187451, 0.5378042173882326, 0.3521219833754003, 0.46946517992764714, 0.37993608321994543, 0.19092267309315503, 0.18448805930092932, 0.6741588771343231, 0.3918446060270071, 0.33443049993366003, 0.6411844609305263, 0.37204933920875194, 0.15114208413287997, 0.5907769841452439, 0.7691264633089304, 0.21576792248524726, 0.5185712533692519, 0.3144714156864211, 0.3710713371634483, 0.3377175006316975, 0.46898174583911895, 0.4360289845615625, 0.35846696700900793, 0.23523033145659916, 0.6304234776645898, 0.6754756525158883, 0.3330648305825889, 0.3174072127323598, 0.16038529057987033, 0.18298980442341417, 0.2865684979595244, 0.31516478434205053, 0.2230478898001214, 0.1456862880033441, 0.3273903329623863, 0.40667945370078085, 0.4339888855814934, 0.19987980926234739, 0.766032730974257, 0.1807509717764333, 0.4115426064585336, 0.3840113036334515, 0.3541544153044621, 0.30369562227278946, 0.5466653279960155, 0.5511310314138731, 0.2317597812972963, 0.39013917930424213, 0.5075700268149376, 0.2536048397421837, 0.1573792685288936, 0.31036161980591714, 0.3021485892434915, 0.29012549640610813, 0.2199664810051521, 0.3889008453115821, 0.3139328217754761, 0.21527824304066598, 0.5441395536065101, 0.5082522239536047, 0.24322796608321368, 0.2161212041391991, 0.34138513784855606, 0.3233213026076555, 0.3570869409789642, 0.25370039739646016, 0.20655771279707552, 0.17375716529786586, 0.3299276078119874, 0.3263840325875208, 0.23036665259860456, 0.33217703439295293, 0.3609971784055233, 0.31017784122377634, 0.10730629219324328, 0.30653169392608104, 0.21937247392100595, 0.15569525109604002, 0.21715847104787828, 0.20733257122337817, 0.1464972381480038, 0.15595312691293656, 0.35337333544157445, 0.344808629155159, 0.15300589931430295, 0.5700168401002884, 1.13002589220802, 0.16889413355384023, 0.7390697554995617, 0.2752099116332829, 0.24703865521587431, 0.22718464721692727, 0.20562807503156363, 0.3010145111940801, 0.10858968705870212, 0.1362366014625877, 0.3994884738698602, 0.08749932133359835, 0.2756494644097984, 0.22654633023776116, 0.22459456687793136, 0.3564456248035034, 0.3624737523496151, 0.3770322287455201, 0.15178864663466812, 0.3261219348758459, 0.17882446506991984, 0.2055517402244732, 0.06550264349207283, 0.5496809400618077, 0.27083997782319785, 0.28787915757857263, 0.24806866822764279, 0.21154395090416073, 0.45232028802856805, 0.2766468392685056, 0.24660904733464123, 0.27024502237327397, 0.5160549744032323, 0.21736949882470072, 0.3093941721444329, 0.3039050323888659, 0.2534132108092308, 0.2782604863401502, 0.274226819553102, 0.3320197036024183, 0.3450864372774959, 0.24660136485472323, 0.2615911178290844, 0.2763194470355908, 0.2403136451418201, 0.1867942076486846, 0.16076610358431936, 0.05619311063783243, 0.37854890041053296, 0.4641716879792511, 0.23090075238142163, 0.24427381546702234, 0.22458830775382616, 0.19654270545579494, 0.16880135098472238, 0.26512850667349996, 0.1545471915975213, 0.2790120258772125, 0.3596137418722113, 0.15086814663372933, 0.13902305398369208, 0.9171886168420315, 0.48420510049909354, 0.258269651979208, 0.219021565746516, 0.21542106810957193, 0.1802569462607304, 0.6585347254760563, 0.19327862234786153, 0.1840680371504277, 0.22666619895026088, 0.6031742555554956, 0.7897863270714879, 0.2836730465758592, 0.2321376884356141, 0.5094329207204282, 0.26431082002818584, 0.7194584950804711, 0.3173666566610336, 0.2726293668150902, 0.6421058111824095, 0.5521805988624692, 0.22278773579746486, 0.1610565474256873, 0.21640445441007614, 0.16634455919265748, 0.15533336447551846]
2025-11-26 13:13:45 - feda2 - INFO - loss data:
2025-11-26 13:13:45 - feda2 - INFO - [0.5558442482259125, 0.6774233976999919, 0.5507540084421635, 0.4968319936758942, 0.6178515404462814, 0.5420654840767384, 0.574612881988287, 0.6992255796988804, 0.6530397702474147, 0.5863526098430156, 0.5565230786800384, 0.6136436879634857, 0.5686561432977517, 0.6017379730241373, 0.6118949130177498, 0.3872334439307451, 0.7015259696170688, 0.5277951810508966, 0.5274173323996365, 0.6472242992371321, 0.5074691358953715, 0.4499509837478399, 0.6846479934950669, 0.5908392757022132, 0.6868191659450531, 0.5763092890381813, 0.6227110184729099, 0.6420910339802504, 0.6227565289785464, 0.4190508580766618, 0.49760167598724364, 0.39330085590481756, 0.6759702986520197, 0.4798594268038869, 0.5900916621088982, 0.5221570454537868, 0.6834204196929932, 0.579250031709671, 0.470255941649278, 0.5562432168258561, 0.4912065425887704, 0.48636436223104185, 0.54771638084203, 0.5760121195680565, 0.618593598715961, 0.5250471383333206, 0.47218753173947337, 0.484676306322217, 0.6187928281724453, 0.4385712530463934, 0.543439506739378, 0.34940478578209877, 0.48462606500834227, 0.6037489446914859, 0.5861935834917757, 0.41110606562142493, 0.4966712745113505, 0.49171440303325653, 0.6008219504728913, 0.46897599743679164, 0.5343479476869106, 0.4734093341976404, 0.45671747898062065, 0.4292051911354065, 0.3697865042835474, 0.6026572968810797, 0.5130986293984784, 0.48343814089894294, 0.5043907840218809, 0.36574908047914506, 0.48047453835606574, 0.42086853095226817, 0.6058802828192711, 0.5640935629606247, 0.6609010547399521, 0.3914523060433567, 0.44547923281788826, 0.5522072963416577, 0.3958682846976444, 0.47038845010101793, 0.6192614007741213, 0.4655816711485386, 0.5647474620491266, 0.4527463965738813, 0.4711049719713628, 0.7245612628757954, 0.5959469461813569, 0.40351454317569735, 0.456709885245396, 0.41146604832675726, 0.46834297589957713, 0.392717681825161, 0.4144675984978676, 0.5543770387768745, 0.4564210142707452, 0.6386375576257706, 0.5261435285210609, 0.7077880566939712, 0.42977490127086637, 0.45444727689027786, 0.3945991747495201, 0.39632023254202475, 0.40372212380170824, 0.34662112419803937, 0.38013696745038034, 0.4036295749247074, 0.2954477731138468, 0.2586848396807909, 0.35513549856841564, 0.3155443087220192, 0.3925479572434496, 0.464744845032692, 0.4492347914725542, 0.3447835862636566, 0.3496022280305624, 0.4822668259342512, 0.44138708245009184, 0.6290225885808468, 0.4976414205506444, 0.3775796881980366, 0.3269653473463323, 0.34003009794072975, 0.3586353620630689, 0.35622363490983844, 0.49466450437903403, 0.36806140579283236, 0.3799074271693826, 0.2895985823124647, 0.32540992451831696, 0.3050284493016079, 0.5410030772909522, 0.48421452939510345, 0.37046873143149744, 0.4059880174696445, 0.5721491426229477, 0.3649070255458355, 0.46143443439359544, 0.3898866316303611, 0.4619506403803825, 0.4198094656690955, 0.2571497842669487, 0.44100839039310813, 0.4211628422141075, 0.3475557871512137, 0.3746821451932192, 0.31539980731904504, 0.5728125367313623, 0.380691630869276, 0.41778584010899067, 0.36224482096731664, 0.4037817159667611, 0.36422753492370247, 0.377143799368706, 0.4699617935551537, 0.4197126217186451, 0.34602871909737587, 0.3487513448215193, 0.45960515141487124, 0.5362189836800099, 0.3485777210444212, 0.35541436779830193, 0.35198027081787586, 0.3131029225885868, 0.49569350350648167, 0.3480287041515112, 0.4081534408032894, 0.35649914396926763, 0.4167333818972111, 0.4338795621361997, 0.3714386963182026, 0.3988075451925397, 0.37873600982129574, 0.3726105158113771, 0.355051487353113, 0.5117913574213162, 0.376097546890378, 0.4469769462529156, 0.394049143884331, 0.5269213728606701, 0.40820898972451686, 0.411372032482177, 0.3902836752434572, 0.4548345722258091, 0.40245255203917624, 0.5809355705976487, 0.5025432826951146, 0.3868551357649267, 0.4069538008421659, 0.3866966437548399, 0.5590784894302487, 0.37335894592106345, 0.4194947019219398, 0.3331015810370445, 0.3109657112509012, 0.42216745391488075, 0.458198468759656, 0.39308851063251493, 0.45954233352094886, 0.35349306613206866, 0.40050229988992214]
2025-11-26 14:57:20 - feda2 - INFO - loss data:
2025-11-26 14:57:20 - feda2 - INFO - [0.41796294674277307, 0.661234587430954, 0.4742234326899052, 0.9428919598460197, 0.7836765050888062, 0.6577156752347946, 0.9511673301458359, 0.29243584647774695, 0.6802876919507981, 0.564419811964035, 0.44564353078603747, 0.626042264699936, 0.4135895291343331, 0.5638293020427227, 1.0736097037792205, 0.5129978708922862, 0.5675732877105475, 0.6395355198532343, 0.5636186838150025, 0.5440791115164757, 0.2557440807111561, 0.828883382678032, 0.5848233520984649, 0.3930710284039378, 0.3285299580544233, 1.0839132606983184, 0.48749986737966533, 0.8264031529426574, 0.595595407485962, 0.45050285682082175, 0.2927050137892365, 0.44820856396108866, 0.5660693030804396, 0.47801954559981824, 0.9336630821228027, 0.41442123986780643, 0.5358047381043434, 0.5060629658401012, 0.4551331792026758, 0.41289101243019105, 0.4175326310098171, 0.316194923594594, 0.7703712791204452, 0.6467307344079017, 0.586267115175724, 0.46521292105317114, 0.573747494071722, 0.44633668586611747, 0.6690580740571022, 0.5106021754443646, 0.4934234246611595, 0.3637783046811819, 0.49178142510354517, 0.6413329385221005, 0.6729164365679026, 0.40521814301609993, 0.3460164573043585, 0.18532282542437314, 0.17459604321047664, 1.1133279830217362, 0.4858321197330952, 0.5267228215932847, 0.2964840503409505, 0.3379270163364708, 0.5438583561219275, 0.8142559938132763, 0.4353722926229239, 1.0626614363864064, 0.3502008644863963, 0.41965262908488515, 0.4793632820248604, 0.4161807015538216, 0.34096220377832653, 0.4307622399181128, 0.4189571298658848, 0.6858822174370289, 0.32297997903078796, 0.5456034731119871, 0.32412631474435327, 0.4783022213727236, 0.48598107472062113, 0.6969085395336151, 0.4474787101149559, 0.4947475366294384, 0.39049412682652473, 0.4177916321903467, 0.4737506914883852, 0.7076618008315563, 0.3150714695919305, 1.0569652875419706, 0.3663520239293575, 0.6653335183858872, 0.3958825126290322, 0.7138251155614853, 0.3819344827905297, 0.8856739476323128, 0.495791395008564, 0.4510132413357496, 0.6196227744221687, 0.46846146769821645, 0.4463668398559093, 0.4028101310133934, 0.3278206016868353, 0.35628396086394787, 0.6266505986452102, 0.5155555933713913, 0.3543646641075611, 0.5484682353213429, 0.3904246259480715, 0.574557276815176, 0.35237198118120433, 0.436996228992939, 0.3400696456432343, 0.3866780400276184, 0.4213454645127058, 0.40116797722876074, 0.33761595729738475, 0.3853251002728939, 0.38731299042701717, 0.3289745654910803, 0.4771236374974251, 0.4001468077301979, 0.4081306874752045, 0.5031524106860161, 0.3377217907458544, 0.37540001813322305, 0.5706215292215348, 0.32757857348769903, 0.4107190228998661, 0.30921175330877304, 0.5010832108557224, 0.297110765054822, 0.24804186057299377, 0.17163639087229968, 0.38059061728417876, 0.32490544244647024, 0.2656045888084918, 0.8132854748517275, 0.4138372793793678, 0.6070569559931756, 0.4007427982985973, 0.3294305492192507, 0.47986376881599424, 0.40419405698776245, 0.3690216585993767, 0.47817779518663883, 0.32751386687159534, 0.34141813181340697, 0.4685517713427544, 0.4393576495349407, 0.36238675452768804, 0.5412312127649784, 0.34386824555695056, 0.3602548711001873, 0.2539209356531501, 0.5833062157034874, 0.4294042203575373, 0.2098630629479885, 0.40685741808265447, 0.29845240004360674, 0.3220916097983718, 0.3346364017575979, 0.30395859824493526, 0.47292172573506835, 0.8346913933753968, 0.342085138335824, 0.3934059239923954, 0.4256280105561018, 0.3997129715979099, 0.4001492064446211, 0.3063943840563297, 0.4305553488433361, 0.43527163974940775, 0.4611379481852055, 0.2887234963476658, 0.273039779253304, 0.7822003044188023, 0.5206865087151528, 0.38663832657039165, 0.458157442510128, 0.37319737337529657, 0.6128407385200262, 0.2682468857616186, 0.7785700023174286, 0.6661056697368621, 0.48587309420108793, 0.5072780609130859, 0.3139031156897545, 0.36659363768994807, 0.700340460240841, 0.34576461277902126, 0.3674934320151806, 0.5606915161013604, 0.5647714629769325, 0.29897947087883947, 0.296106556430459, 0.6491274476051331, 0.4355380482971668, 0.47791115567088127, 0.39177886210381985]
2025-11-26 16:32:28 - feda2 - INFO - loss data:
2025-11-26 16:32:28 - feda2 - INFO - [0.5253133453428745, 0.48703748577584827, 0.42970440769568086, 0.49871146623045204, 0.745955690741539, 0.49983981102705, 1.1236964613199234, 0.6244241669774055, 0.5875429250299931, 0.5478336047381163, 0.6519565373659134, 0.3281570584513247, 0.5984673514962197, 0.45972911007702355, 0.41839669086039066, 0.25538841011002655, 0.9440010274449984, 0.4742029055953026, 0.5325579334050417, 0.6246325060725213, 0.538978037238121, 0.48131244648247956, 0.36545044695958495, 0.425362903624773, 0.6176456108689308, 0.348882214538753, 0.22114478014409544, 0.32087036057685814, 0.5641896282633145, 0.414763670694083, 0.5396861836314202, 0.3778928562998772, 0.2120220703072846, 0.2079438952729106, 0.7954316720366478, 0.4395214051939547, 0.4596853729337454, 0.7607142180204391, 0.3706458961591125, 0.16664860676974058, 0.7419603409866492, 0.5900125827640295, 0.2299136514775455, 0.6053769191106161, 0.4066038010176271, 0.3932288092561066, 0.3956836784724146, 0.5847907073795795, 0.47133191749453546, 0.3893331016103426, 0.2713976147584617, 0.7852271027863026, 0.6595010563731194, 0.3913121437653899, 0.35432673860341307, 0.20042889458127322, 0.2982193845324218, 0.32664513066411016, 0.450813889503479, 0.26151300836354496, 0.17379922629334033, 0.40482317288406194, 0.5358863111585379, 0.527200324088335, 0.28909912714734676, 0.6496689262799918, 0.20956925172358754, 0.6470722678117454, 0.5430382549762726, 0.4266989634682735, 0.43972977744415404, 0.6860212635248899, 0.5635699776311716, 0.26136197624728086, 0.46087631639093163, 0.5430376671254635, 0.3083774850703776, 0.18351321327500048, 0.3764756402932108, 0.3656701802586516, 0.3491264633834362, 0.2715433307302495, 0.5937560442835093, 0.3697397496240834, 0.2636029111221433, 0.7827862568199635, 0.5730199620127678, 0.25932149263098836, 0.24965217950132987, 0.45995481349527834, 0.4337159588932991, 0.48147618832687533, 0.3292801770847291, 0.292748383898288, 0.22504425887018442, 0.4059666060842574, 0.35944668254815043, 0.3139865088276565, 0.4450632095336914, 0.5299493320286274, 0.40337963262572885, 0.1395964846480638, 0.41315042856149375, 0.25489589301869275, 0.21417601592838764, 0.28530376885707176, 0.30772517579607667, 0.20744910426437854, 0.25432044700719414, 0.5335399024188519, 0.3090649781748652, 0.22850701152347028, 0.7335077323019504, 0.7092447380224864, 0.1905472617596388, 0.5950321660687526, 0.33969511147588494, 0.3808229403803125, 0.30983691881410774, 0.2628979477100074, 0.41452972711995245, 0.16091852989047767, 0.17508345232345163, 0.4430147002140681, 0.13807196770794689, 0.3664526809938252, 0.31262726094573734, 0.4178316529840231, 0.4851578840365013, 0.548227109387517, 0.5582782668061554, 0.23389721121639012, 0.44579267129302025, 0.21929651154205204, 0.3167727160267532, 0.11679184976965189, 0.8309200070798397, 0.39773261900991197, 0.3119265354859332, 0.30425186567008494, 0.3473124560900033, 0.7696288786828518, 0.3848907947540283, 0.37069060634821654, 0.5875082383863628, 0.6044321292079985, 0.2970876744017005, 0.3995623192439477, 0.42649007961153984, 0.32070602755993605, 0.3815050456672907, 0.3099351350683719, 0.51601347560063, 0.2887458959594369, 0.3795077414251864, 0.3305389646440744, 0.39571493975818156, 0.293927107937634, 0.22137784619505207, 0.21012722998857497, 0.11109337462112308, 0.4185955814085901, 0.7694430008530617, 0.3708456578664482, 0.3568871503463015, 0.2621700565641125, 0.2483718328177929, 0.2275226677302271, 0.3810692491242662, 0.24733309363946318, 0.35231400265668833, 0.4931558188050985, 0.2175934690516442, 0.20969665059819817, 1.0675370492041112, 0.6946534215472638, 0.4611819667741656, 0.4367745965719223, 0.3169900545850396, 0.2101385929621756, 0.8272775914985686, 0.24773485586047173, 0.41591810453683137, 0.35765804499387743, 0.741756495181471, 0.8733648717403412, 0.3981117269024253, 0.32964747603982686, 0.48414085898548365, 0.42783746123313904, 0.9371193125844002, 0.5113938644528389, 0.42007446276644866, 0.926568952947855, 0.7549648352898657, 0.2806988935917616, 0.21485297875478865, 0.26438633222132923, 0.18891803454607725, 0.16456834580749274]
2025-12-18 17:50:39 - feda2 - INFO - loss data:
2025-12-18 17:50:39 - feda2 - INFO - [0.5925318078370765, 0.6069494692815675, 0.5584170173853635, 0.5013824742701318, 0.6200220987200737, 0.5626799084246159, 0.6070461291819811, 0.6921569431821506, 0.6243268097285182, 0.6036215424537659, 0.55141645334661, 0.5967672996222972, 0.5673741618792216, 0.6103328605939169, 0.5363537222146988, 0.34544884860515596, 0.6361548271030187, 0.4833568591857329, 0.4862165367230773, 0.5443882625550032, 0.47021768726408486, 0.38225700818002223, 0.5814641762731804, 0.5028801538671057, 0.633211912214756, 0.4590406157076359, 0.4884636548347771, 0.43133737286552787, 0.49426423183952767, 0.30959794744849206, 0.3929694800055586, 0.28753173649311065, 0.48051700768216205, 0.3253532312810421, 0.5327924221754075, 0.4364796571433544, 0.49874443002045155, 0.5363122068345547, 0.3953488253470924, 0.4081278666853905, 0.4108137476723641, 0.36366791896418565, 0.4106993873603642, 0.4047718271613121, 0.3109200345352292, 0.3867241971194744, 0.3865009997040033, 0.38959770115713277, 0.48131141542560524, 0.3826022850349545, 0.3972196869552136, 0.24836087822914124, 0.3150445818901062, 0.418749425560236, 0.4179633330139849, 0.25918761525826994, 0.3084108406263921, 0.3493999928236008, 0.4742548097856343, 0.3451646685600281, 0.35828620102256536, 0.3107399966567755, 0.31365220977200403, 0.2735161621822044, 0.32909227889031173, 0.42953113075345756, 0.3400868712924421, 0.3739459037780762, 0.32429287806153295, 0.32246067374944687, 0.37116980403661726, 0.28588013930453193, 0.45055853854864836, 0.4022734835743904, 0.4583889908260769, 0.30485456469468775, 0.3284634968265891, 0.4590796258300543, 0.316414603870362, 0.3329564709216356, 0.4426359054632485, 0.36589752142317594, 0.4728241041302681, 0.37351992912590504, 0.3375633423216641, 0.4285230040550232, 0.42334854253567755, 0.35192310605198146, 0.2873211408344408, 0.3119328573346138, 0.3586933374404907, 0.3357088785618544, 0.30106359273195266, 0.37746600485406817, 0.3489704443491064, 0.6005295068025589, 0.3862070821225643, 0.39014286547899246, 0.3866250704973936, 0.38649143278598785, 0.2678677378015386, 0.2972451718731059, 0.3175031114369631, 0.22817833319099415, 0.28203952461481097, 0.32742807706817983, 0.2576334259472787, 0.21168835321441293, 0.28773561026901007, 0.22397334650158882, 0.2923874181902243, 0.3462792970240116, 0.35409562662243843, 0.2865080516785383, 0.2294939737766981, 0.35215095637573135, 0.3112913137592841, 0.5783025722950697, 0.3711958214640617, 0.2488301752342118, 0.20072830923729473, 0.21622803406789898, 0.23948549502529204, 0.47344358498230577, 0.43606373062357306, 0.32672171415761114, 0.2733775729313493, 0.1884119390613503, 0.2506171285232995, 0.23256385026033968, 0.3732418133877218, 0.6548880971968174, 0.2601270920079616, 0.32737102713435884, 0.37984425388276577, 0.34203463084995744, 0.26704869445529766, 0.3397476659156382, 0.3722264332696795, 0.31351101528853176, 0.18942250581458212, 0.36062472220510244, 0.3164569973945618, 0.282847668370232, 0.28177910428494213, 0.25842627305537463, 0.3099785181693733, 0.24914752928048578, 0.36557586304843426, 0.2679258053191006, 0.292917331494391, 0.2694638450630009, 0.25250871456745594, 0.3288512211706903, 0.3461185410618782, 0.29346797801554203, 0.222162510930664, 0.3658062718808651, 0.41722764559090136, 0.2495730018708855, 0.24868557246194944, 0.2719964450225234, 0.2371002597734332, 0.4233563051559031, 0.34214311726391317, 0.34554785024374723, 0.2590015922673047, 0.3252527392003685, 0.25994697420133484, 0.23587331626978186, 0.320642136503011, 0.38585419282317157, 0.2362823277918829, 0.223268361389637, 0.33113928444799967, 0.2879217332229018, 0.3089658963597483, 0.25876522168982774, 0.30910200584265923, 0.30410657143220304, 0.3217894188128412, 0.2310650325897667, 0.3688557658344507, 0.34980146326124667, 0.39733407283201816, 0.38220628909766674, 0.31039506010711193, 0.32285348102450373, 0.33085215389728545, 0.3825449491851032, 0.28864854369312526, 0.32310961522161963, 0.24714465886354448, 0.3098422698676586, 0.3390491050668061, 0.38106945641338824, 0.317356838285923, 0.3258981770835817, 0.27091407738626005, 0.3306660418398678]
2025-12-18 18:18:50 - feda2 - INFO - loss data:
2025-12-18 18:18:50 - feda2 - INFO - [0.4017899386584759, 0.6588068995624781, 0.4690898478031158, 0.8881969429552555, 0.8487261682748795, 0.6853760831058026, 0.9111268818378448, 0.30123735703527926, 0.6886510919779539, 0.5672424823045731, 0.4277056857943535, 0.6333104357123375, 0.4004491725936532, 0.5413450583815574, 0.7490122020244598, 0.45381303541362283, 0.5578743398189545, 0.6217436142265796, 0.5370036389678716, 0.5010743841528893, 0.2580630692653358, 0.7810647904872894, 0.5605791918933392, 0.3678536776453256, 0.2993623662739992, 1.1516871497035026, 0.41294882297515867, 0.8681644320487976, 0.5653905726969242, 0.39189858846366404, 0.27304824329912664, 0.3193182861432433, 0.5070910710841418, 0.45941502042114735, 0.8374200321733951, 0.39683711230754853, 0.49437934495508673, 0.46586185358464716, 0.3733300669118762, 0.35359668713063, 0.38214859552681446, 0.26525964513421063, 0.5355285447090864, 0.43429812639951704, 0.3866056889295578, 0.3757286360487342, 0.4845957703888416, 0.3430620664730668, 0.543867951631546, 0.3548842968419194, 0.3668205965310335, 0.28680939264595506, 0.3951272126287222, 0.4437651619315147, 0.4785317089408636, 0.27625935105606914, 0.2941007148474455, 0.15335085578262805, 0.14935116292908787, 0.8069505855441094, 0.35705551803112034, 0.40214735865592954, 0.2362168430350721, 0.2208550175651908, 0.4694915799424052, 0.6568409413099289, 0.46645777132362126, 0.5406001778319478, 0.25024783522821964, 0.313623165525496, 0.38777784034609797, 0.2882240813225508, 0.25644231513142585, 0.2876903927884996, 0.2753788763191551, 0.570831086486578, 0.219597351225093, 0.4480033051222563, 0.2328778322553262, 0.32787819132208823, 0.5422169758006931, 0.8224676109850406, 0.3296193547546864, 0.37209078334271906, 0.318155900016427, 0.3098454479128122, 0.43814620999619364, 0.42411230094730856, 0.2829815625213087, 0.7403242192231119, 0.25580403190106155, 0.6314370356500149, 0.2687344770412892, 0.577436663210392, 0.2296757027739659, 0.7420733720064163, 0.32392403297126293, 0.3718928530812263, 0.5034222774207592, 0.3229316245764494, 0.339609456807375, 0.28925935328006747, 0.23147394750267267, 0.3504510285332799, 0.5342116193845868, 0.6259542066603898, 0.2933541461825371, 0.36294531635940075, 0.3039856156334281, 0.4897647460922599, 0.2640192838385701, 0.3114280752837658, 0.3705052252858877, 0.3170008226297796, 0.27529205027967696, 0.29245984088629484, 0.24232618163805456, 0.42605062639340757, 0.29199106246232986, 0.32499358942732215, 0.3805301371961832, 0.36868170239031317, 0.4021164454519749, 0.6094641879200935, 0.3030871650204062, 0.2898469048552215, 0.49357594531029464, 0.23433130104094743, 0.29348738864064217, 0.2129930374212563, 0.3805152975022793, 0.28321578465402125, 0.1734943326562643, 0.10355385141447186, 0.3181524697691202, 0.23712335554882885, 0.21104094451293348, 0.6007186292670668, 0.31221259348094466, 0.5596641659736633, 0.34193562269210814, 0.2370594795793295, 0.3507655330002308, 0.2987039189785719, 0.41780917029827835, 0.478437989205122, 0.2332066798582673, 0.33134471103549, 0.39269558861851694, 0.34364389143884183, 0.26796898134052755, 0.4549317188560963, 0.3028901329264045, 0.2888605296611786, 0.15427259830757978, 0.6005105953663588, 0.3606809139251709, 0.12329644914716482, 0.34116593766957526, 0.23371057622134686, 0.22122791381552814, 0.23499539978802203, 0.31116364412009717, 0.3892819141969085, 0.6716314606368542, 0.30000075735151766, 0.305671925470233, 0.2946347687393427, 0.31320964358747005, 0.2948279662057757, 0.19078572504222394, 0.40662929005920884, 0.35526150930672884, 0.33168197274208067, 0.22103721518069505, 0.2200461946427822, 0.6898656547069549, 0.41832024436444043, 0.29527494180947544, 0.34970595333725213, 0.42739904168993237, 0.4928039634600282, 0.17773689702153206, 0.752970365434885, 0.5355721723288298, 0.3849304672330618, 0.4034488473087549, 0.43690082244575024, 0.2864950304850936, 0.5951767556369305, 0.24341048300266266, 0.2966407384723425, 0.42255240045487885, 0.49441472440958023, 0.25073227323591707, 0.22483890000730755, 0.4998500030487776, 0.37330744713544844, 0.3648730680346489, 0.2995623616501689]
2025-12-18 18:49:09 - feda2 - INFO - loss data:
2025-12-18 18:49:09 - feda2 - INFO - [0.5018904458731412, 0.4750525557125608, 0.43461229656822975, 0.5040055591147393, 0.7351509161293507, 0.5156047485768795, 0.9849896684288979, 0.6229716375470161, 0.5905897423624993, 0.5765628572553396, 0.5849281705915927, 0.3275091738440096, 0.63577867038548, 0.4399624614045024, 0.4129642873071134, 0.23348149554803968, 0.7876171799997488, 0.6150294672697783, 0.4981669520959258, 0.6169014535844326, 0.5203218780457973, 0.42872882569208737, 0.33692830670624974, 0.4077576821049055, 0.5995948426425457, 0.3219759514555335, 0.21463119769468902, 0.29790416912486156, 0.5399125222116709, 0.35124860275536773, 0.47709934525191783, 0.3849518297240138, 0.19659225083887577, 0.18270288165658713, 0.686667089164257, 0.38944168444722893, 0.3281436648219824, 0.6108953567221761, 0.3420365333557129, 0.14262456046417354, 0.5522484862556061, 0.6882714081555605, 0.2101797431241721, 0.4842127148061991, 0.30501946434378624, 0.35709142927080395, 0.32474205405451356, 0.41210130462422967, 0.45822533369064333, 0.360765361537536, 0.23055865219794214, 0.6080802537500858, 0.7081391558051109, 0.3376751773059368, 0.31580869473982603, 0.15954322149045766, 0.1913662841077894, 0.2792455618890623, 0.3442701753228903, 0.2232952680438757, 0.1394674960523844, 0.3068360774312169, 0.4357863649725914, 0.440515223890543, 0.19024352345149964, 0.7121854862198234, 0.1783902723575011, 0.39755372270010414, 0.41228426098823545, 0.35007275491952894, 0.3241174408234656, 0.4811619933694601, 0.554006327316165, 0.22806023587472737, 0.37305496849585323, 0.48445490598678587, 0.2644795125350356, 0.1609234836418182, 0.29090137996245174, 0.30016213965912664, 0.2986822889186442, 0.21235072848697506, 0.40551475901156664, 0.29898254720804596, 0.19661783296614885, 0.4901855986565351, 0.5413764975965023, 0.25152174446266146, 0.20196977564676977, 0.3359414363279939, 0.32114658281207087, 0.3496817940225204, 0.2641987282782793, 0.20852133594453337, 0.18929745825007557, 0.34411793677136304, 0.29079404375515877, 0.2405730745755136, 0.3458019275218248, 0.36045376025140285, 0.3127567660994828, 0.10375109325395897, 0.3041810989612713, 0.21662947085375586, 0.1940917732892558, 0.22649431691194571, 0.21418988103978337, 0.15036666102241725, 0.20203073788434267, 0.34671636030543596, 0.3134202478453517, 0.17315790643915535, 0.5947789009660482, 1.1139062158763409, 0.16807428936008365, 0.632880263030529, 0.27851094654761255, 0.23693535500206053, 0.24559169214917345, 0.20744170285761357, 0.30800782493315637, 0.11533819630276412, 0.13752249819226564, 0.379233877081424, 0.09032000430161133, 0.2961066421121359, 0.23757586157880722, 0.221313954051584, 0.34541160576045515, 0.3704071780666709, 0.407093770802021, 0.17476998982019723, 0.3438252415508032, 0.17512433705851435, 0.20053418895695357, 0.07009422560222447, 0.5765654493123293, 0.26345476796850564, 0.26730115742733085, 0.2573276517447084, 0.20699604749679565, 0.44125986357685176, 0.28918988481163976, 0.25321832969784736, 0.2752368163783103, 0.4781474726740271, 0.2479619628749788, 0.3057930207500855, 0.3224078886210918, 0.2589993240311742, 0.2882605527061969, 0.27117222446637845, 0.35499859661795197, 0.3065334167331457, 0.25662420857697726, 0.2835876025259495, 0.2752721171826124, 0.2397780871639649, 0.18082203464582564, 0.19700261992402374, 0.061093982763122764, 0.35338771641254424, 0.4795529065653682, 0.23496379575226456, 0.24476854607928544, 0.22000304986722768, 0.19299940237154564, 0.1856622353196144, 0.2573876683600247, 0.1639303598087281, 0.28667560731992126, 0.35583851374685765, 0.1698484846856445, 0.14148137046722695, 0.9153419204056263, 0.5105323282070457, 0.28702357951551677, 0.2622703341767192, 0.23670834102667868, 0.18167282712335386, 0.6688931848388165, 0.19368662750348448, 0.19679742595180869, 0.2403696060180664, 0.6168998778564856, 0.8019322831183672, 0.30091905237641187, 0.1937461147084832, 0.5188051394652575, 0.29886819794774055, 0.760915656387806, 0.3393583931028843, 0.2764763366430998, 0.7022292247973383, 0.5766721967142076, 0.22877308558672665, 0.17165602715685963, 0.22261826964095235, 0.16702475305646658, 0.15526292193681002]
