2025-11-06 15:20:03 - feda2 - INFO - loss data:
2025-11-06 15:20:03 - feda2 - INFO - [0.4766588037600741, 0.13559477155407268, 0.20698597331841787, 0.4052444608209448, 0.6768099552503339, 0.4600270576775074, 0.37430310858921567, 0.5290727143486341, 0.6304393576251136, 0.41047526044504984, 0.11408161613063486, 1.0088260620832443, 0.32391140040838057, 0.2671747903546525, 0.3990948721766472, 0.3433629165093104, 0.4828500561416149, 0.43148622972269857, 0.37387889223518195, 0.2075679800036596, 0.3103001840283382, 0.18135847817514633, 0.14744654619547265, 0.5260191953016652, 0.2113970562091304, 0.603609972478201, 0.32989822913789085, 0.42914309654207455, 0.36783849119785283, 0.3036458579202493, 0.35917528097828233, 0.33225106494501233, 0.4568824460293399, 0.3535680987406522, 0.6126409524844753, 0.25610395271464115, 0.371502937110407, 0.3162459935992956, 0.07161958084846749, 1.5138317942619324, 0.4498827273922938, 0.26092530094708005, 0.27103878719111285, 0.34735581241548064, 0.17494151661204732, 0.4277901449268966, 0.32653074161637397, 0.24402442353311926, 0.32696407394749777, 0.35382786889870965, 0.35706479297507376, 0.39096780079934335, 0.14300801531013957, 0.45715618313600626, 0.13787020849995316, 0.2739414399223668, 0.18295931381622463, 0.3549156919831321, 0.22896293948482102, 0.12875012425259533, 0.4247627552260052, 0.2318137049054106, 0.3726600053522623, 0.18616454844232067, 0.35089747092376156, 0.5270789508663473, 0.26330155661950505, 0.37645208397759244, 0.2664974153352281, 0.8413406933347384, 0.4615875771269202, 0.2452186681330204, 0.70148031928, 0.3430317154464622, 0.30612497067167643, 0.21127576060327036, 0.6672797817736864, 0.29687291623817547, 0.12782771553077812, 0.37530561350286007, 0.275982584990561, 0.4198250229819678, 0.8212931871579107, 1.4564000336187226, 0.11986141014591946, 0.5140471036235492, 0.19062866030320053, 0.6393209270068577, 0.20715924228231114, 0.5220140325526397, 0.38047451645252295, 0.39843932775159674, 0.3050109922478441, 0.23835485986256527, 0.39099838584661484, 0.2607149564745751, 0.2201998622954956, 0.4567746633353333, 0.18874332797713578, 0.2712020597420633, 0.08614320328148703, 0.3166428916156292, 0.12136614071205258, 0.776555947545502, 0.2997971698641777, 0.3202470615506172, 0.24018317317434898, 0.11141928184079006, 0.09125299905038749, 0.5366259667844999, 0.346300052534099, 0.32203866182653995, 0.15104431811293276, 1.0564831212783854, 0.10087267897324637, 0.3187627944474419, 0.24953651702445417, 0.07812601595651358, 0.05508975175002383, 0.6821163431547271, 0.45788943067080146, 0.10492048195252815, 0.5150081330515218, 0.3286382331879753, 0.2515290000096515, 0.223185400168101, 0.6851719200640218, 1.5091868489980698, 0.06832809279633997, 0.4408280361621153, 0.10302119770656443, 0.4706264034051586, 0.29628661105202303, 0.2067979662368695, 1.080738801509142, 0.4466427449475635, 0.2998649989798044, 0.06091008890264978, 0.766444455832243, 0.10656810274037223, 0.07655355820639266, 0.262891076038137, 0.3049379761020342, 0.29441317170858383, 0.3226960963673062, 0.3420111512144407, 0.2931716512267788, 0.3761543138987488, 0.22977150394581258, 0.5099012837227848, 0.2551705768814793, 0.41334190648613556, 0.2951432395726442, 0.22713831329989867, 0.40150818108308195, 0.24089429713785648, 0.31882560659820836, 0.1110382313519949, 0.7020304372364825, 0.2439618739195996, 0.34544069183369475, 0.2061737602421393, 0.39591258731744594, 0.39090327786592144, 0.32619073850413166, 0.319523766991638, 0.3652665072275947, 0.5082870244048536, 0.5899417211434671, 0.5349065621073047, 0.3901288528291006, 0.2936359782082339, 0.48637839915851755, 0.31232150670673164, 0.5215419309420718, 0.33653916305664816, 0.34848121374293606, 0.358826776276584, 0.31651650788262486, 0.33075209103879477, 0.2859152567883333, 0.33039419456488556, 0.3367025677114725, 0.3781004017011987, 0.25742183485999703, 0.16141988088687262, 0.27129468958943137, 0.38177074687111945, 0.25648801396822646, 0.23846670213554588, 0.3582568948191625, 0.3609967454026143, 0.2351320357217143, 0.2797810687787003, 0.25112995023114815, 0.32170164916250443, 0.4609778926453807, 0.29377845863974283, 0.4242693311111494, 0.38022771862645943]
2025-11-10 07:04:25 - feda2 - INFO - loss data:
2025-11-10 07:04:25 - feda2 - INFO - [0.46490913781795706, 0.1585633285964529, 0.20701373458529512, 0.40302839937309426, 0.6522903122283794, 0.4412089139223099, 0.35873056948184967, 0.46609640841682753, 0.6420574184093211, 0.3465172020452363, 0.10045097188574598, 1.0315116792917252, 0.3004669293517336, 0.2604942677490827, 0.43187588204940164, 0.31505996007472276, 0.4011998663190752, 0.4604488072089023, 0.4183018581458816, 0.20103626334215127, 0.29598381145374986, 0.20215374925755897, 0.12103124926701032, 0.6845162245962355, 0.20455802980706922, 0.4752086070366204, 0.32561492207977505, 0.4161236159030407, 0.31747670090269475, 0.30652575185965925, 0.3139395179847876, 0.3815298455301672, 0.2881184808757098, 0.3851859942660667, 0.6965062481661638, 0.23850688055556798, 0.35012220797084626, 0.41763944675525033, 0.048406457371659904, 1.8366607204079628, 0.38941645180737533, 0.26735983428855736, 0.26312524303793905, 0.3757586134597659, 0.17141308776107117, 0.4234639521010898, 0.3223836888514814, 0.2663432043918874, 0.3137280074516674, 0.317474289279845, 0.3578385916494188, 0.3459472776287132, 0.14620251809925927, 0.5313747222224872, 0.1641561751331513, 0.27813109943554515, 0.18796386800905956, 0.2868215925991535, 0.18777554720873013, 0.0742840242261688, 0.4236952328941587, 0.17695827316492796, 0.3311866623857482, 0.20391389512113883, 0.3652446584776044, 0.6307761560948122, 0.2726629513005416, 0.3743092210648896, 0.3452005055733025, 0.5867108366995429, 0.3983346354216337, 0.21789291536454888, 0.7587636993044898, 0.47946006059646606, 0.2841017423641114, 0.21813146136701106, 0.5573901860043406, 0.30497023893727193, 0.1349680100659801, 0.517250441131182, 0.32828031200915575, 0.2550957414205186, 0.9538600384160721, 1.1338946592240107, 0.12864018898350577, 0.5128228838245075, 0.18863707528050455, 0.5114814671022552, 0.20808615420634546, 0.37664203116049366, 0.38103907687279087, 0.4249456294767914, 0.30703498516231775, 0.1954949335583175, 0.3136505720516046, 0.22609639923426916, 0.2100410434317642, 0.2179365447955206, 0.17713162863427506, 0.24106277668227752, 0.10787962310326596, 0.2243299918870131, 0.10312975507113151, 0.6739842898591801, 0.34769412130117416, 0.3112104758620262, 0.22685631731938985, 0.10594037621437262, 0.06042612130598475, 0.46854363310904734, 0.34722675410685716, 0.3828801458908452, 0.21065466349197473, 1.0865474797785282, 0.05739394786360208, 0.2947993661897878, 0.2543875057043301, 0.061754503209764756, 0.04974956913954682, 0.7200567549298285, 0.4832268151313518, 0.08111274351055422, 0.5427796998145906, 0.3448334408152585, 0.23993861785641424, 0.18981417199958944, 0.40893940307796584, 1.410085629671812, 0.057865470347072304, 0.480747006005711, 0.10140369439452318, 0.4766253793819083, 0.3144124781505929, 0.21238643061369658, 0.9296321533620358, 0.4776643870229071, 0.35900782084920335, 0.03716377976040045, 0.8396734725683928, 0.10510407243855298, 0.06171701543240084, 0.26810248882074594, 0.3080092786500851, 0.24928272857020298, 0.33632580728994477, 0.29301888888908756, 0.25719561067720254, 0.386067908257246, 0.23785973567929533, 0.564027253124449, 0.2291346399768911, 0.37938940954027756, 0.2954802253594001, 0.27956856238112476, 0.43422110343621634, 0.4506417326629162, 0.26996733726312716, 0.14196889319767553, 0.520319327712059, 0.2613485753225784, 0.34355899585341965, 0.2982913475173215, 0.38790138333385427, 0.3108121947540591, 0.3500994682932893, 0.30597757973841255, 0.21855047702168423, 0.3509755275522669, 0.5036153234541416, 0.486173043337961, 0.35013717649474974, 0.27252236815790337, 0.5109451223785678, 0.2971234960215432, 0.5193538897567325, 0.3896858750870733, 0.4131776865709711, 0.34544637109394427, 0.3513111546635628, 0.2944678190563406, 0.3194525090770589, 0.34050362557172775, 0.380270934663713, 0.3717153670990633, 0.25694553252486957, 0.2052461989223957, 0.2627537672422708, 0.3365400529333523, 0.33570294374866144, 0.2600658235273191, 0.2905728089864607, 0.3856000371898214, 0.330682750513208, 0.31231117828024757, 0.24501403599149651, 0.2705264592336284, 0.4933674237267538, 0.2838461977976655, 0.3662211239676584, 0.49707617635528245]
2025-11-10 07:36:21 - feda2 - INFO - loss data:
2025-11-10 07:36:21 - feda2 - INFO - [0.46490913781795706, 0.1585633285964529, 0.20701373458529512, 0.40302839937309426, 0.6522903122283794, 0.4412089139223099, 0.35873056948184967, 0.46609640841682753, 0.6420574184093211, 0.3465172020452363, 0.10045097188574598, 1.0315116792917252, 0.3004669293517336, 0.2604942677490827, 0.43187588204940164, 0.31505996007472276, 0.4011998663190752, 0.4604488072089023, 0.4183018581458816, 0.20103626334215127, 0.29598381145374986, 0.20215374925755897, 0.12103124926701032, 0.6845162245962355, 0.20455802980706922, 0.4752086070366204, 0.32561492207977505, 0.4161236159030407, 0.31747670090269475, 0.30652575185965925, 0.3139395179847876, 0.3815298455301672, 0.2881184808757098, 0.3851859942660667, 0.6965062481661638, 0.23850688055556798, 0.35012220797084626, 0.41763944675525033, 0.048406457371659904, 1.8366607204079628, 0.38941645180737533, 0.26735983428855736, 0.26312524303793905, 0.3757586134597659, 0.17141308776107117, 0.4234639521010898, 0.3223836888514814, 0.2663432043918874, 0.3137280074516674, 0.317474289279845, 0.3578385916494188, 0.3459472776287132, 0.14620251809925927, 0.5313747222224872, 0.1641561751331513, 0.27813109943554515, 0.18796386800905956, 0.2868215925991535, 0.18777554720873013, 0.0742840242261688, 0.4236952328941587, 0.17695827316492796, 0.3311866623857482, 0.20391389512113883, 0.3652446584776044, 0.6307761560948122, 0.2726629513005416, 0.3743092210648896, 0.3452005055733025, 0.5867108366995429, 0.3983346354216337, 0.21789291536454888, 0.7587636993044898, 0.47946006059646606, 0.2841017423641114, 0.21813146136701106, 0.5573901860043406, 0.30497023893727193, 0.1349680100659801, 0.517250441131182, 0.32828031200915575, 0.2550957414205186, 0.9538600384160721, 1.1338946592240107, 0.12864018898350577, 0.5128228838245075, 0.18863707528050455, 0.5114814671022552, 0.20808615420634546, 0.37664203116049366, 0.38103907687279087, 0.4249456294767914, 0.30703498516231775, 0.1954949335583175, 0.3136505720516046, 0.22609639923426916, 0.2100410434317642, 0.2179365447955206, 0.17713162863427506, 0.24106277668227752, 0.10787962310326596, 0.2243299918870131, 0.10312975507113151, 0.6739842898591801, 0.34769412130117416, 0.3112104758620262, 0.22685631731938985, 0.10594037621437262, 0.06042612130598475, 0.46854363310904734, 0.34722675410685716, 0.3828801458908452, 0.21065466349197473, 1.0865474797785282, 0.05739394786360208, 0.2947993661897878, 0.2543875057043301, 0.061754503209764756, 0.04974956913954682, 0.7200567549298285, 0.4832268151313518, 0.08111274351055422, 0.5427796998145906, 0.3448334408152585, 0.23993861785641424, 0.18981417199958944, 0.40893940307796584, 1.410085629671812, 0.057865470347072304, 0.480747006005711, 0.10140369439452318, 0.4766253793819083, 0.3144124781505929, 0.21238643061369658, 0.9296321533620358, 0.4776643870229071, 0.35900782084920335, 0.03716377976040045, 0.8396734725683928, 0.10510407243855298, 0.06171701543240084, 0.26810248882074594, 0.3080092786500851, 0.24928272857020298, 0.33632580728994477, 0.29301888888908756, 0.25719561067720254, 0.386067908257246, 0.23785973567929533, 0.564027253124449, 0.2291346399768911, 0.37938940954027756, 0.2954802253594001, 0.27956856238112476, 0.43422110343621634, 0.4506417326629162, 0.26996733726312716, 0.14196889319767553, 0.520319327712059, 0.2613485753225784, 0.34355899585341965, 0.2982913475173215, 0.38790138333385427, 0.3108121947540591, 0.3500994682932893, 0.30597757973841255, 0.21855047702168423, 0.3509755275522669, 0.5036153234541416, 0.486173043337961, 0.35013717649474974, 0.27252236815790337, 0.5109451223785678, 0.2971234960215432, 0.5193538897567325, 0.3896858750870733, 0.4131776865709711, 0.34544637109394427, 0.3513111546635628, 0.2944678190563406, 0.3194525090770589, 0.34050362557172775, 0.380270934663713, 0.3717153670990633, 0.25694553252486957, 0.2052461989223957, 0.2627537672422708, 0.3365400529333523, 0.33570294374866144, 0.2600658235273191, 0.2905728089864607, 0.3856000371898214, 0.330682750513208, 0.31231117828024757, 0.24501403599149651, 0.2705264592336284, 0.4933674237267538, 0.2838461977976655, 0.3662211239676584, 0.49707617635528245]
2025-11-10 21:43:07 - feda2 - INFO - loss data:
2025-11-10 21:43:07 - feda2 - INFO - [0.46700261463780723, 0.17380820385490853, 0.20174734048131437, 0.42981907487329507, 0.697221038794076, 0.46615975190486225, 0.3149580633775755, 0.5914349898695945, 0.5256598252389166, 0.3969710352165359, 0.09770941220712201, 0.8883200337489446, 0.32398604515696033, 0.2577906284584767, 0.38953786343336105, 0.29411545873153955, 0.36049150288454257, 0.3733734668542942, 0.3799821728909457, 0.21885839542907584, 0.278617709590305, 0.18963695014632928, 0.135130537387037, 0.46969790591133964, 0.21060429419287377, 0.6396955212888619, 0.3156177762274941, 0.4151558258703777, 0.396443613050949, 0.2812952935873043, 0.2713325644532839, 0.2575409569932769, 0.3119083611672977, 0.2436031813849695, 0.6310622269908588, 0.25349106098569574, 0.3671455536037683, 0.3580865928282341, 0.06589064267154754, 1.4760759770870209, 0.3816439309329898, 0.2303015937252591, 0.24480734976629417, 0.30921933104594546, 0.17485525470796606, 0.41157799041406673, 0.29261309937352226, 0.18301242023395994, 0.30661266084228245, 0.4063314170473152, 0.34523603231424377, 0.3285219601045052, 0.1419219352513513, 0.4122901360193888, 0.2409495498597001, 0.27860652882428394, 0.1685258435479357, 0.26944465864272343, 0.2957754305486257, 0.08178436616435647, 0.3827230460603129, 0.21027229536169517, 0.31604445983909746, 0.16325113636621882, 0.4338615342353781, 0.5511574851615089, 0.1959952670149505, 0.35389940440654755, 0.22779302355290082, 0.9820084941263, 0.3932226770557463, 0.2116467511708227, 0.6111107626486392, 0.27622272943456966, 0.3077705224000272, 0.22458856250381187, 0.7589682205580175, 0.31014847494661807, 0.11588960552204905, 0.4475897513329983, 0.29803098508467274, 0.3568132266809698, 0.6863456636080324, 1.6213336420201119, 0.12048701807264782, 0.31035014117757476, 0.19803721587809306, 0.7498791888356209, 0.16568326773121952, 0.5083180148154497, 0.3480076281509052, 0.3630641965106839, 0.3221032611327246, 0.22962356170284606, 0.36595460027456284, 0.2331648861396719, 0.22167631454898842, 0.36616680794395506, 0.20892340138865015, 0.3607473196151356, 0.08684324484008053, 0.22807595816751322, 0.12573893627462288, 0.8260360455347432, 0.26516198366880417, 0.26508479565382004, 0.2300864749510462, 0.11680787882457178, 0.06420919225395967, 0.49941519466007034, 0.3453262145044627, 0.3102237487004863, 0.12962286564531192, 0.8392724844937522, 0.09038889317889698, 0.3567376476022657, 0.2444544575901495, 0.07595865800976753, 0.05917119083137044, 0.5946587614404658, 0.367692259130435, 0.08332622873907287, 0.4697357561326388, 0.28682720032755776, 0.23369713950281343, 0.2088488072105166, 0.5447233293671161, 1.532765757292509, 0.15577537872256167, 0.43411255416967887, 0.09375850612640434, 0.4852227490671255, 0.303172560615672, 0.1932795450401803, 0.9424618715420365, 0.35601821609518747, 0.2886819380801171, 0.05134524249782165, 0.64147506095469, 0.11406920182829103, 0.0881512230520861, 0.25022489601785003, 0.2654074943727917, 0.2399729210883379, 0.36588436303039396, 0.35706722301741445, 0.3046535890549421, 0.3068281107892593, 0.22149182421465716, 0.49292810820043087, 0.2377053809593673, 0.3430857960924958, 0.32804388614992297, 0.17501262494867356, 0.3513487032677364, 0.26722582802176476, 0.22868069251999257, 0.10362060305778868, 0.7407993589612571, 0.2673197168753379, 0.319631191784585, 0.22955475971102715, 0.361581480455777, 0.3182290969416499, 0.30580816585570575, 0.33725346429716974, 0.13836422673581789, 0.6680852316319943, 0.49057694737400326, 0.45296823179038864, 0.34879269807663543, 0.267294789198786, 0.5181561972325047, 0.30278946941585416, 0.4988199464148945, 0.26046864694040833, 0.3335590416358577, 0.3279524915334251, 0.2883178206781546, 0.29419108764046714, 0.4095453419205215, 0.3693777918815613, 0.28638761192560197, 0.3967321506468579, 0.2531686699653547, 0.14214673607299724, 0.26446152944856927, 0.32015368643970715, 0.3178387204007733, 0.25407579310593154, 0.2886092540014673, 0.31245810762047765, 0.21068042878242624, 0.2391282162732548, 0.24200505895747076, 0.2641650224449458, 0.3876477239484137, 0.2824496094078298, 0.4734649377113039, 0.36874921023845675]
2025-11-11 15:34:45 - feda2 - INFO - loss data:
2025-11-11 15:34:45 - feda2 - INFO - [0.4460263033434453, 0.13099980695794028, 0.18473776798281405, 0.3677736320791559, 0.643006455567148, 0.4753526103283678, 0.3492430946366354, 0.5562253591914972, 0.5702585739394029, 0.45348113775253296, 0.1126148381014597, 0.8958763629198074, 0.311611342984843, 0.26085572515579836, 0.46651757011810935, 0.3104034576254586, 0.3856623526662588, 0.3514512968249619, 0.4890044124590026, 0.3108023509958002, 0.2801342957748039, 0.2105522380577895, 0.1260348695529198, 0.6090755363305409, 0.20048982131087945, 0.6521944188668082, 0.29726614228760206, 0.431019147946721, 0.4176959347512041, 0.3368043207696506, 0.35758824894825614, 0.31129369551005465, 0.3942636466235854, 0.3473484834539704, 0.6679547416667144, 0.26518646095480236, 0.3838592553954749, 0.39932513081779086, 0.05205074286186573, 1.6639032363891602, 0.4065548451962294, 0.30443948226359985, 0.283097097525994, 0.3506491814429561, 0.2012251451134424, 0.40105965813678324, 0.34144567343450727, 0.25581266125664115, 0.35580921555300815, 0.3909314688709047, 0.42125516278403147, 0.3581585921347141, 0.13961169727117523, 0.4276596800734599, 0.15696803883377775, 0.2731975814504992, 0.2270939658545623, 0.3192802907100746, 0.2531658783555031, 0.15240569785237312, 0.4007888992514574, 0.2174833706424882, 0.33407307378101075, 0.16475884010166433, 0.6138054057955742, 0.5777727957992327, 0.25912167310404277, 0.3990251436442524, 0.2899878063083937, 0.7470854978697995, 0.38545724330469966, 0.22333782311034156, 0.7210827659638155, 0.2450513355433941, 0.35573526099324226, 0.25005425075956045, 0.7904431684873998, 0.30370565510044495, 0.11593406438672293, 0.44992400659248233, 0.28311104892442623, 0.4020251975161955, 0.79025653868545, 1.2720987661963417, 0.12132032030228099, 0.5309905807177225, 0.22359308085241725, 0.5502045122640473, 0.2257940451304118, 0.6868180007984241, 0.4388784132897854, 0.34445592670568403, 0.3035484770662151, 0.21462498409008343, 0.3773271764318148, 0.21059831422330302, 0.25449867766084416, 0.5027759396471083, 0.21060275019235197, 0.41867421884089706, 0.10961898804331818, 0.3494538714488348, 0.12045532653573901, 0.6893313510550393, 0.3942672684788704, 0.3981606885790825, 0.32523492348587346, 0.10889220389071852, 0.13485526091729602, 0.5477186191294874, 0.3418552497332847, 0.5026909264701385, 0.09582985989012134, 1.2664756344631314, 0.13682963594328612, 0.30946725595276803, 0.25089742075651883, 0.09623807397050163, 0.06341077521857288, 0.6065170749401053, 0.4115827340463346, 0.09463932155631483, 0.47665637299757113, 0.3229503959718377, 0.25437970435315815, 0.19515890982519424, 0.6237566602358129, 1.212873749434948, 0.06378374951115498, 0.42970666060687374, 0.08933703684629614, 0.45744910932801386, 0.30136456009414464, 0.20041461621100704, 0.7472155415453017, 0.3767260993746194, 0.4131223327066335, 0.056332122650928795, 0.6986574456095695, 0.10725022827585538, 0.07632636183148457, 0.2621655639155679, 0.3879359511451589, 0.22075259157766897, 0.5303681939840317, 0.34748613461852074, 0.32621789537370205, 0.34733138647344375, 0.23504812378410456, 0.48808612426122033, 0.23939010981746295, 0.34258128296245227, 0.2691475665817658, 0.23180802580706464, 0.388370198973765, 0.4934009872376919, 0.25495363725349307, 0.18269471651874483, 0.7149546806785194, 0.26795528793914447, 0.3347936414872055, 0.21056720122384529, 0.4297494359373573, 0.2832246464677155, 0.3025432553763191, 0.3516542903546776, 0.23035324392840267, 0.5857917346991599, 0.5649894608982972, 0.552351733824859, 0.3598242270213271, 0.2919007344947507, 0.340081782763203, 0.3639458706935069, 0.5010462649580505, 0.38164143049807264, 0.43234460414559756, 0.3191137474582151, 0.42702877769867575, 0.36475025658451377, 0.29935274666382206, 0.46848636658655274, 0.3279731689641873, 0.3747765704472032, 0.2530207886316237, 0.19232816047345597, 0.254757239897218, 0.33190039527558146, 0.23103677135354483, 0.2863398922814263, 0.30136815430941405, 0.36082955412566664, 0.3470942258944787, 0.3029555587304963, 0.2167026763367984, 0.3418018690965794, 0.41216734051704407, 0.2771511542950831, 0.3427707505497065, 0.39702084437012675]
2025-11-13 22:16:34 - feda2 - INFO - loss data:
2025-11-13 22:16:34 - feda2 - INFO - [0.458122383832695, 0.1321865553812434, 0.2141441626681222, 0.470747214069383, 0.8778228848068803, 0.5235665248973029, 0.40531183931637893, 0.5399067978064219, 0.684270521832837, 0.48139866867235726, 0.12457390068528992, 0.8520109603802364, 0.3480767398270675, 0.2990394027006847, 0.5157140890757242, 0.37168952872355776, 0.6401578709483147, 0.41457198441235554, 0.5496600424801862, 0.2710825583199039, 0.3158810011816621, 0.22776250122503067, 0.13421068142270087, 0.673200921052032, 0.242137186239577, 0.6014054299642643, 0.351155703364768, 0.46786400823602603, 0.4534742289355823, 0.35734080815953867, 0.4470523248116175, 0.4541094806045294, 0.4274901167373173, 0.3380903749493882, 0.5630810037255287, 0.29712966991411077, 0.39909101733494373, 0.4217366613447666, 0.08112048120043862, 1.2291623130440712, 0.43957260913319063, 0.324320719918857, 0.3029237687587738, 0.38590388745069504, 0.22144458712344722, 0.44242270129422345, 0.4061427414417267, 0.2714607025263831, 0.3950801560921329, 0.452642430861791, 0.47675442748836105, 0.4210347210367521, 0.16079837556171694, 0.5957350714753071, 0.1733766151504824, 0.3223370347881601, 0.2855901719470109, 0.3590941714743773, 0.26314706572641927, 0.13954742640877763, 0.40830294019119306, 0.2195524543834229, 0.3256355173335495, 0.192491715560512, 0.5923984705160061, 0.644662584577288, 0.2825183824946483, 0.4342544759539041, 0.23899690969847143, 0.9099522825951377, 0.47609510738402605, 0.26795753488841, 0.7802629286334628, 0.44865324472387635, 0.38956242249835105, 0.2620526468957819, 0.8707423862069845, 0.35311841921259957, 0.12442320102709345, 0.49382789339870214, 0.34955044761300086, 0.42791320802643895, 0.6248306680984873, 1.5596280339218322, 0.14891021197399823, 0.6163941870133083, 0.2566161542606082, 0.7300241270235607, 0.22168718834097187, 0.8748439298942685, 0.36580502373787266, 0.43381717277779464, 0.5129556630272418, 0.2596631290036298, 0.391044944524765, 0.2519406325776469, 0.30153297546452706, 0.4488969841040671, 0.2625534421476048, 0.4795351697752873, 0.1367947409239908, 0.36371099700530374, 0.13873901946935802, 0.7613684148700148, 0.48126836866140366, 0.41013775020837784, 0.36432686441629714, 0.1507019669438402, 0.14339481899514794, 0.54471205919981, 0.3938397781440505, 0.4409655876181744, 0.1596171747757277, 1.2867459299663704, 0.15149558451958, 0.3068972513493564, 0.2784233599642499, 0.10168475843966007, 0.0672811651084986, 0.7195413007090489, 0.48521285168967687, 0.12351473793387413, 0.46366692196690673, 0.3612918918293835, 0.28325167309096155, 0.22802738001984027, 0.5480229536769912, 0.999922227114439, 0.07908129859909727, 0.526017397878662, 0.10766615478496533, 0.5122194192889664, 0.3393764718125264, 0.2549592222397526, 0.9953415021300316, 0.4825925376604904, 0.333031946224057, 0.06417497041790436, 0.7691338323056698, 0.14609007698794207, 0.09438960075688858, 0.30836982954670455, 0.33607111912634635, 0.2949877449621757, 0.4744521834784084, 0.38991077878960856, 0.3356958478689194, 0.42053359070861784, 0.27732418943196535, 0.5596776167965598, 0.2734281504492241, 0.42876987080230855, 0.3480879915257295, 0.2656038187754651, 0.4320939288189265, 0.5133703127503395, 0.3261012359832724, 0.14962324677035213, 0.7885338040915402, 0.30537533979449005, 0.37307475668688617, 0.32994620307969547, 0.5162264720078498, 0.3451297626209756, 0.36825561405469975, 0.4260930103205499, 0.1594372301284845, 0.8224089065566659, 0.6181733570992947, 0.6465048616131147, 0.42604453258571173, 0.34685618678728736, 0.3835328197727601, 0.43226990403075305, 0.592525134070052, 0.4235350208526308, 0.46808907858751436, 0.3722089375541718, 0.43926751861969626, 0.40420099152695566, 0.3555416077789333, 0.4899357019199265, 0.3570651434051494, 0.43382030880699557, 0.3041657297945921, 0.19142942984278005, 0.3024642662337375, 0.397833166377885, 0.2802141954030265, 0.3230207117777022, 0.36472814847473745, 0.3999930523335934, 0.28121861218662364, 0.3537164603670438, 0.2732983013408052, 0.380277667608526, 0.4966613142327829, 0.3298531744688276, 0.45452468063343654, 0.45049076875050864]
2025-11-14 12:09:29 - feda2 - INFO - loss data:
2025-11-14 12:09:29 - feda2 - INFO - [0.48072936613526607, 0.13433918279285234, 0.21177557616805037, 0.4774300807880031, 0.8808581415149901, 0.5723610424569675, 0.4169887331399051, 0.525576401501894, 0.7102178231709533, 0.4400626910584313, 0.11569197062868221, 0.81948517759641, 0.34812170171016266, 0.29411145101335867, 0.4656089718143145, 0.3865612070386608, 0.4534815074875951, 0.4266700864666038, 0.4007666960910514, 0.18150343596304688, 0.34576483942005537, 0.19364566922546753, 0.16547687427373603, 0.4730666174242894, 0.2153362326362791, 0.5728456028737128, 0.3412527394998405, 0.45799476996300714, 0.4038745053112507, 0.34680297988511266, 0.3987656583388647, 0.32591091593106586, 0.4932873728685081, 0.25574471056461334, 0.6302641505996387, 0.26391298155344667, 0.3667669458580869, 0.2805458251386881, 0.07376184572543329, 1.4464121833443642, 0.4696734404122388, 0.28335391770427426, 0.2943957135081291, 0.38118632808327674, 0.19264439068501815, 0.48245005038087113, 0.37598590251235736, 0.28288593865969835, 0.3554974856798525, 0.39751425406171215, 0.37650087724129355, 0.41202767193317413, 0.1501312926899118, 0.45013151181240874, 0.15346755067196985, 0.3034962634689042, 0.24048984669415013, 0.34173237159848213, 0.25201061422315735, 0.12146236871679623, 0.379848044597064, 0.18373918905854225, 0.3473706508097662, 0.208672309877522, 0.39429674514879787, 0.5836549365804309, 0.266036141042908, 0.4090135490352457, 0.2276080074564864, 0.8317116584318379, 0.5512338150292635, 0.2732302651857026, 0.7870165015615168, 0.246700508830448, 0.335597135658775, 0.2405295913728575, 0.7795604253187776, 0.3055279505128662, 0.13593327752168988, 0.46588933328166604, 0.2560163265715043, 0.3204210177063942, 0.73465672241097, 1.5586024522781372, 0.1373146348836599, 0.5139656240741413, 0.22816847305789234, 0.7550587526389531, 0.20442850062002738, 0.43185718605915707, 0.4117037250349919, 0.45924311299763976, 0.4267576327547431, 0.2572983746372518, 0.33043391505877173, 0.26898657245505037, 0.25701955313395175, 0.3101193184653918, 0.21491649348865308, 0.36110338450719914, 0.10519550318519275, 0.3022989978392919, 0.14252405461544793, 0.832616682405825, 0.3093934617936611, 0.2528661862015724, 0.19514338902404738, 0.14766832642878094, 0.10138251826477547, 0.530131761162054, 0.38250871215153626, 0.36239629694157177, 0.1900477235855457, 1.1618587923546633, 0.15812305558938533, 0.3080468992185262, 0.271859801798645, 0.10061270371079445, 0.06659349941441582, 0.6528137746887902, 0.492199405598821, 0.10151577088981867, 0.5143578034797401, 0.35036256143616307, 0.3013810196167065, 0.3073006410462161, 0.41070886462694034, 1.0543519221246243, 0.07690731781379631, 0.5613791795555877, 0.11244663606986352, 0.5321248796665006, 0.3228890161961317, 0.24899739790707826, 0.9735040087252855, 0.49061932584101503, 0.30195680514184964, 0.06668182540064056, 0.7899198047816753, 0.13953089710945885, 0.09646902789568734, 0.3181182665173851, 0.3037911616265774, 0.3194395648315549, 0.3552407024221288, 0.38996871933341026, 0.3467480537792047, 0.4195673509880349, 0.25681968348928624, 0.5989548621906174, 0.28985849774477107, 0.47851735477646196, 0.31283096708357333, 0.26596424967283383, 0.41714428922142643, 0.3151019997894764, 0.33564693859467903, 0.15709482021629811, 0.7333807173100384, 0.28731865980145005, 0.36810546430448693, 0.21123622142865012, 0.42409939987082335, 0.4293981632217765, 0.326348053663969, 0.38376058567137944, 0.16686522884604832, 0.5443701293940345, 0.5997141748666763, 0.5208438228194913, 0.4222387519305345, 0.29126719338819385, 0.5184799252077937, 0.3340072833400752, 0.5787214754770199, 0.3628856238316406, 0.35591308331048044, 0.40380485887052836, 0.35404372215270996, 0.3384499867402372, 0.3340254080378347, 0.41440836526453495, 0.36386689587185783, 0.43921497104068596, 0.2957062677642892, 0.1570520723859469, 0.3056226148462248, 0.4357777170482136, 0.4535809374425471, 0.28060482460118474, 0.40944535133463367, 0.37989536933600904, 0.3763661043097576, 0.2923721750784251, 0.2734476985202895, 0.3213797942907722, 0.4869482351297682, 0.3336400309548019, 0.4723736657337709, 0.44458428025245667]
2025-11-14 21:38:23 - feda2 - INFO - loss data:
2025-11-14 21:38:23 - feda2 - INFO - [0.4590173296977781, 0.14524009699622792, 0.21403393333053422, 0.46334784508993226, 0.8554922800373148, 0.5198546190346991, 0.41597113758325577, 0.49219469899932544, 0.6437571789655421, 0.4487625131649631, 0.11559692616538086, 0.6198014095425606, 0.3450956124782799, 0.3102469023455072, 0.4005173693100611, 0.3910911550124486, 0.5172004103660583, 0.3859429960139096, 0.3778089340086337, 0.2597560691028775, 0.30907657557327184, 0.19773542511393316, 0.1286361127155639, 0.5114204457236661, 0.2237596668742804, 0.6614509255935749, 0.343702391265995, 0.4528985029411694, 0.430797243224723, 0.33007634200510527, 0.3228252803285917, 0.3063496571655075, 0.32083673193119466, 0.21615399979054928, 0.5911912851863437, 0.2693287916481495, 0.386923711817889, 0.35164760053157806, 0.0766704689982968, 1.4035720974206924, 0.42558109787879167, 0.29403398133193454, 0.2420183499654134, 0.3550045436248183, 0.20612594935560732, 0.49137332257673594, 0.32856518455914085, 0.23344058135990053, 0.3284826101614283, 0.43818717035982346, 0.3753036840685776, 0.3525075130164623, 0.15547020846327844, 0.33268976099789144, 0.3537161074889203, 0.316575687715695, 0.2203213620731341, 0.2945353193652062, 0.3222882042173296, 0.08610230513537924, 0.4311052673524528, 0.21749776663879555, 0.32251571580259636, 0.179482132865594, 0.4251877846817176, 0.5804615893534252, 0.23501612183948356, 0.3725154698136952, 0.24464255788673955, 0.871371797285974, 0.43789333011955023, 0.20854830189394608, 0.6897326988123712, 0.2637660407926887, 0.3483608297648884, 0.25408983921543477, 0.6814317554235458, 0.3464761015441683, 0.12268800270564195, 0.6041209511458874, 0.3050530652826031, 0.35358419932890683, 0.5778377719664908, 1.8379145598127726, 0.14304903443965789, 0.3990112841129303, 0.23338648585587857, 0.9088600735579218, 0.17139960465331872, 0.5501354821647206, 0.3557965802028775, 0.5006932522746779, 0.47608891082927585, 0.26855577412061393, 0.303073895474275, 0.2536895569188125, 0.2806989362662924, 0.37889791388685506, 0.2236160446523822, 0.44475516577561697, 0.12554688495583832, 0.23914939537644386, 0.15203746631741522, 0.9680500699690094, 0.3569250926375389, 0.3119560219347477, 0.27658746350142693, 0.15405906721328697, 0.07274210111548503, 0.5597309466628801, 0.40227804733095346, 0.4079423760650335, 0.12301837869745214, 0.9965743115792672, 0.12965919042471796, 0.3022449147904775, 0.28321091129134096, 0.09551526512950659, 0.06968374856902908, 0.6359989179763943, 0.40985698362417294, 0.1014168718829751, 0.49611741604678555, 0.33409025185186453, 0.27667218649380465, 0.2634090020114349, 0.4913527480675839, 1.1470744907855988, 0.10761756107240217, 0.558100209290546, 0.11144703406737083, 0.5180068657630019, 0.3297805232306321, 0.2784672117481629, 1.0485037304461002, 0.4751569618555632, 0.25292843647508156, 0.06737710488960147, 0.7025665659457445, 0.14591861873244247, 0.10513007056175007, 0.32018672374431933, 0.2794055673811171, 0.2997731504340967, 0.3617845732304785, 0.4218722129309619, 0.3604194846004248, 0.3899620760370184, 0.2633172974197401, 0.4979511648416519, 0.2717717312414337, 0.42572035617900617, 0.4013789759327968, 0.2149947289338646, 0.35351235710510903, 0.2752395309507847, 0.2819964367275437, 0.14378928982963163, 0.6518581773747097, 0.3054417483922508, 0.36061535044400783, 0.2324478726213177, 0.45268935352445594, 0.3412489260857304, 0.3310832644502322, 0.41299279353448326, 0.15565429873143632, 0.595524909409384, 0.6364533906536443, 0.5639436875159541, 0.4135976140855481, 0.310399980439494, 0.3384110745042562, 0.39634759532886427, 0.5752235423359606, 0.32049112778269884, 0.37793928798702026, 0.3781974875816593, 0.3239232152700424, 0.3547121736974943, 0.4238359474887451, 0.43661124673154617, 0.32562043269475305, 0.44282869863220387, 0.30775425778258414, 0.15241007615501684, 0.30785099623192635, 0.4026436610590844, 0.2525509075605355, 0.2733762369505943, 0.3558867536485195, 0.35318223449091113, 0.30074871269365155, 0.3204947089155515, 0.2876822729491525, 0.31821910236720685, 0.4641024802218784, 0.3281052800575419, 0.4991167472167448, 0.43345452869931855]
2025-11-23 00:44:06 - feda2 - INFO - loss data:
2025-11-23 00:44:06 - feda2 - INFO - [0.6856425659287544, 0.4895743896563848, 0.7026547890466949, 0.8326909081868102, 1.4203404903411865, 0.2775647329352796, 1.020383292447352, 1.9731661576245512, 0.6611832777233351, 0.2298320417899865, 0.6554948112794331, 0.46588369024296605, 0.4118756254514059, 0.6115261380887554, 0.9641358570240083, 0.17576319069291155, 0.6700927753533635, 0.3175690961454145, 0.39800002209376545, 0.5675509044488606, 1.1616400685161352, 0.15613980763333124, 0.9282034208788699, 0.7022887337267233, 0.36962175525104, 0.41004494657473906, 0.4007714172204335, 0.3019523036351893, 0.388129336344183, 0.3606894403571884, 0.16815900803670625, 1.0453437380492687, 0.0788628201543664, 1.6392048485577106, 0.4192566562976156, 0.28035797882610214, 0.46014609201572454, 0.2401009313762188, 0.35522969869606486, 0.37738316506147385, 0.42217337923745313, 0.17597695035510696, 0.8546863022570809, 0.31107302708380713, 0.5310108535488447, 0.3525157731026411, 0.29468783450623354, 0.49432860244996846, 0.26913114289442697, 0.33987351472834093, 0.42870076426437925, 0.3370709641082656, 0.23153442508456382, 0.5266564227640629, 0.45897264406085014, 0.3876309177062164, 0.23644382383984824, 0.24326825250561038, 0.19049908241722732, 0.36610412783920765, 0.2245276064694059, 0.7049138038640931, 0.4594817030731411, 0.3831945265332858, 0.31488974997773767, 0.33273754556264196, 0.2464115007314831, 0.15186484280336238, 0.3018175711712012, 0.1855705849862156, 0.3554551257006824, 0.2158485136460513, 0.5120336619937527, 0.2435615876259712, 0.48344850772991776, 0.32598664285615087, 0.39839513606258803, 0.24153593855051253, 0.23041655325279053, 0.3314701837620565, 0.19917488576301987, 0.49675182700157167, 0.5191844053566456, 0.35914839720353486, 0.31519362708139753, 0.6326745202143987, 0.34177562557160857, 0.1755968363633236, 0.6174832779381957, 0.18483275628090928, 0.19088232930128773, 0.2139897231545691, 0.5288092864056428, 0.2363167299889028, 0.2888943788905939, 0.24585802863527845, 0.24760325229726732, 0.22140573334880173, 0.34497193479910493, 0.14920000762989125, 0.17875845367476964, 0.5217549338870282, 0.26899403758347035, 0.36907727058444706, 0.04956749634584412, 1.7406335670190554, 0.262778207571024, 0.5512521925071876, 0.09300548804216445, 1.8106791466474532, 0.34979543934709256, 0.24900622167471018, 0.3348372243078691, 0.4324096557125449, 0.3334360232949257, 0.27161716349009013, 0.359234624200811, 0.313310275785625, 0.22650065495011706, 0.32312133439816537, 0.21043819311695794, 0.4790056946554354, 0.2592066918965429, 0.5834997131799657, 0.5068470928817987, 0.24872394461972783, 0.8787280879914761, 0.2754093500441827, 0.2386913536987328, 0.8102333769202232, 0.34421030431985855, 0.2705168805365998, 0.4315902814269066, 0.20979912489963076, 0.886746740766934, 0.30169523767602846, 0.17420301747579986, 0.947508284733409, 0.18241450230949202, 0.9751699452554541, 0.5966721134526389, 0.20037701434145372, 0.47258065418555184, 0.2543447349752699, 0.2563480588297049, 0.1814143699480412, 0.3258573046606034, 0.14335997922345994, 1.6578240486837568, 0.3808733709156513, 0.4512378030589649, 0.2673131404289355, 0.4308901988191619, 0.31132399924099446, 0.38081275671720505, 0.3675683202842871, 0.16019514580304273, 0.9499334977223324, 0.33537803483860834, 0.29150762861086565, 0.40242182230576873, 0.3043651090398657, 0.3311377776165803, 0.32118636804322404, 0.4857272456089655, 0.36226990087223904, 0.5108900928781146, 0.3653468688329061, 0.2291366052455627, 0.7976604416393317, 0.36025739263210976, 0.3132541993899005, 0.4184646923094988, 0.3546502505668572, 0.31430718121835244, 0.32017777607377085, 0.2204238728930553, 0.5270985133520194, 0.3834271505817739, 0.11325428020567274, 0.7519420394328025, 1.3867724686861038, 0.7069593655984275, 0.9042902526259422, 0.15717367177829147, 0.5921712009960579, 0.40744847852322785, 0.49348449781537057, 0.6025543425764356, 0.6138957565805565, 0.1604108634715279, 0.5381505971344618, 0.37481602415856385, 0.40750864814393795, 0.09900390770859444, 0.21580759971402586, 0.26461417370010165, 0.5807330947724126, 0.14571011141224793, 0.11886866440375646]
2025-11-23 06:05:36 - feda2 - INFO - loss data:
2025-11-23 06:05:36 - feda2 - INFO - [0.48077150185902917, 0.9151268449696628, 0.7114401378414847, 0.45005736872553825, 0.5082346147133244, 0.4433018522081422, 0.4221747826474408, 0.4420422563063247, 0.47299812142660413, 0.5375618580446551, 0.4476273370277889, 0.3401171548969366, 0.5817658087295112, 0.269900896312255, 0.459504793421561, 0.2529200999319582, 0.6500674355775118, 0.14539929454460637, 0.4121798315260937, 0.402665064638031, 0.4233986375962987, 0.14570666778987895, 0.564610224530226, 0.2655116873793304, 0.21697083941015757, 0.6676641303513731, 0.38154935708333704, 0.1114459393106194, 0.5634609877385877, 0.3686690342923006, 0.3777857835715016, 0.4111092243532556, 0.4324242437587065, 0.14443303803434698, 1.1400448153416316, 0.30994241174388054, 2.3612140417099, 0.6640561781823635, 0.41851335662332445, 0.43701657926042875, 0.22753506657932626, 0.38150727332880097, 0.27776423391575616, 0.38069505507521556, 0.41276218742132187, 0.21011214777987836, 0.27444362686542767, 0.4545348986942807, 0.33409262262284756, 0.2879463892430067, 0.1706701645666423, 0.07353679061634466, 0.9770957806280681, 0.3930492297642761, 0.3797318757999511, 0.3274241947820262, 0.2705929269433777, 0.7439210185160239, 0.3930785002807776, 0.21813583376157716, 0.21077401105301558, 0.37017788972912563, 0.41084791427581674, 0.7569022646173835, 0.4252022131390515, 0.23375461084832405, 0.21466903580308314, 0.20848597440902095, 0.4541371763580375, 0.3223253164993788, 0.35170152050753434, 0.21773845351718624, 0.4445894573416029, 0.2341681995636059, 0.34629649189966066, 0.2394091618868212, 0.06027997737853891, 0.3635046869619853, 0.3115413473878691, 0.21897723822415843, 0.5192583828390419, 0.23739504621970275, 0.24330052723261442, 0.25966797706981504, 0.21517258660966, 0.36996737785992173, 0.42931404833992326, 0.5014122307300568, 0.2004279236244555, 0.8907118857217332, 0.2829909145042673, 0.3715079361129375, 0.3802818323352507, 0.41714397658194813, 0.3263035734829297, 0.20617093216213916, 0.19613683856078898, 0.2244288561275241, 0.2315789945113162, 0.3060169771549259, 0.34463688673387316, 0.38328960208843155, 0.11031235133406073, 0.5131702452898026, 0.3386631483913629, 0.41253023594617844, 0.2613375957123935, 0.35342059633498935, 0.24477976374328136, 0.5979011008515954, 0.16305792216640644, 0.3477713500440356, 0.2055178536619577, 0.3647789667981366, 0.30019706872602303, 0.3109895749431517, 0.41368834812726296, 0.3442103847347457, 0.485060741858823, 0.3541068400384164, 0.28617515565891716, 0.4216947687996758, 0.33664742160666117, 0.3865307904182271, 0.34232438557288225, 0.2981722687681516, 0.3104875546259185, 0.31054112821303564, 0.36373217714329564, 0.5208203345537186, 0.3126532456482805, 0.12993696438045138, 0.33171960956862695, 0.7702764136687158, 0.20354727408970447, 0.3160901021979311, 0.6138301581144333, 0.2835244109543661, 0.7233675786604483, 0.3110554490948007, 0.3705972515357037, 0.2616891362393896, 0.4618624410488539, 0.30270611291958227, 0.25051286577557524, 0.26610421846308585, 0.1668166693300009, 0.46214676867513094, 0.29331677790199007, 0.23491975024253842, 0.44558828713480325, 0.26648778730027733, 0.3101486870488417, 0.2985104194682355, 0.34639404001504637, 0.33010992342485235, 0.32616701026757555, 0.315765612013638, 0.8709072114692794, 0.3098215756820108, 0.3144958451493747, 0.752672378718853, 0.4609147533774376, 0.3272638178302669, 0.34442911272892707, 0.33191984609008474, 0.3223563477707406, 0.3690010788047622, 0.36896513092021144, 0.36416094359375684, 0.2656955334903865, 0.29676574375480413, 0.3725847725841132, 0.3389264749983947, 0.37601401420931024, 0.4032940970999854, 0.35259470113863545, 0.32659644832641915, 0.2036181677132845, 0.4772900665799777, 0.36762932377556956, 0.3736642309361034, 0.32051235049449167, 0.23004365671012136, 0.4762458990017573, 0.3125024493251528, 0.2520125881622463, 0.44693534361819426, 0.2585035850604375, 0.2849555393267009, 0.4919837369169626, 0.4431490051033704, 0.314146831114259, 0.32953937227527297, 0.3662233654232252, 0.3628479201967517, 0.39070670099722016, 0.4222333814948797, 0.35496936305486537, 0.41860045765837034]
2025-11-23 08:24:05 - feda2 - INFO - loss data:
2025-11-23 08:24:05 - feda2 - INFO - [0.4317930897076925, 0.5437280936787525, 0.3665431143095096, 1.105549464467913, 0.6291482125719388, 0.6516490243062252, 0.35759621411561965, 0.48117966161054726, 0.43745798816283543, 0.44408624232605554, 0.144035975006409, 1.60728753109773, 0.4017766941282334, 0.4050856883964175, 0.282655626865259, 0.20883860856605074, 0.4597230283966796, 0.13451588256284597, 0.5456464118634661, 0.5747200702982289, 0.36991329764326414, 0.6428494095802307, 0.20790604796881476, 0.39833846153425323, 0.4590313641906336, 0.14821216478012503, 0.6889889943025385, 0.7990285384867872, 0.3441629040365418, 0.2905107624193823, 0.2664888500502067, 0.562011639415114, 0.3763723017182201, 0.19760541693222794, 0.14228361972382117, 0.5549535353978474, 0.2893148459804555, 0.3206183103082532, 0.4384252636344172, 0.42413189158062725, 0.3519064502708802, 0.1481326020177221, 0.4836337322679659, 0.2833028258755803, 0.3617334153537673, 0.1919606821188195, 0.6708519465910892, 0.49873512385300167, 0.34190853130781934, 0.2615382991815832, 0.46835644965370493, 0.6236254734297594, 0.31757190395146606, 0.2753736384212971, 0.43676752829924226, 0.43968231122776424, 0.43896287928024924, 0.32565869706181383, 0.24131040389511327, 0.5649342022072046, 0.27379286885261533, 0.2770175280500994, 0.19270109366625549, 0.2293147809493045, 0.34464385807514186, 0.4948455106247874, 0.32622202099027, 0.3638636434140305, 0.22059750637660425, 0.3365070320213608, 0.48259219736792147, 0.17830974074582068, 1.932402496536573, 0.3226723447919656, 0.20267874083169585, 0.3326253838526706, 0.5475431790191899, 0.36442949461440244, 0.401179444976151, 0.39730213339641396, 0.4400133748849233, 0.11971242667429827, 0.47085245164732137, 0.35204593828306174, 0.20971127796607714, 0.5283023678387204, 0.4347282783128321, 0.34027074315030165, 0.41631884201474134, 0.6568425126373768, 0.36997211962228727, 0.24195074755698442, 0.6328553396112779, 0.3746012992846469, 0.31102742284317225, 0.37767961248755455, 0.7377384742278428, 0.2934284917389353, 0.29414599655816953, 0.4020757289169141, 0.25688435792779696, 0.2777292928658426, 0.289936472948354, 0.4215459444870552, 0.33249902652174823, 0.2121945294861992, 0.47629352599069785, 0.8699995794061882, 0.5353154309448742, 0.36104393040850047, 0.3492573661108812, 0.41643053758889437, 0.4457994124852121, 0.5529076039258922, 0.22284309465903787, 0.41598386060269105, 0.29028260263685995, 0.4632385730122527, 0.1635358404814421, 0.36618723599867037, 0.2724742541089654, 0.3322472990010724, 0.300206235491953, 0.4009137401978175, 0.2360773433394956, 0.39205361829587704, 0.24199564168229698, 0.5255829957313836, 0.3128274927536646, 0.296287709265016, 0.45033696889467945, 0.2680786672746763, 0.9413975826908081, 0.28211816772818565, 0.46066985350279577, 0.38632741222778955, 0.26627605501562357, 0.2527247232695421, 0.15265172347426414, 0.12733520498642553, 1.0946528126175203, 0.18391645830124617, 0.4214683473110199, 0.38098783541160325, 0.22702304968196485, 0.49463940119104727, 0.28241172486019356, 0.3626912025591502, 0.4924933164247445, 0.21561451454957326, 0.5042027759310954, 0.3550829249123732, 0.6094062287147002, 0.8654138842908045, 0.6145425960421562, 0.25528148170083, 0.2856879651856919, 0.33986139545838034, 0.6239300170292457, 0.4343828035052866, 0.3825545958864192, 0.41997963649531206, 0.4269925504590252, 0.3335545687004924, 0.38913920940831304, 0.3505007268806153, 0.21452062676350275, 1.0828777567616532, 0.5076677480749056, 0.38324122279882433, 0.38433106476441026, 0.26284338645637034, 0.5407981034368277, 0.5439205885243913, 0.6158523194491863, 0.3892863867804408, 0.4274231381714344, 0.3976379520639225, 0.3463620927805702, 0.6450889781409619, 0.41593096364248433, 0.415857082561535, 0.3484552265455325, 0.29635682596514623, 0.6625046449635799, 0.5119951446540654, 0.29123425599845015, 0.44228406009885174, 1.160685895383358, 0.4746326294321662, 0.9294051066040993, 0.8051597447031074, 0.6654861433165414, 0.5185892751240837, 0.567572323268368, 0.5022698431586226, 0.4541955586522818, 0.6430813267028758, 0.35778167781730497, 0.5473355598282069]
2025-11-26 14:09:04 - feda2 - INFO - loss data:
2025-11-26 14:09:04 - feda2 - INFO - [0.6847162597236179, 0.5151049337039391, 0.7296587278445562, 0.8283347396335253, 1.4825984954833984, 0.279820108760614, 1.2207734729716322, 2.0397344630743777, 0.7495356800726483, 0.24432756945502776, 1.1467205780957426, 0.46703503280878067, 0.47320780654748285, 0.6907625813529683, 2.1712110748159743, 0.1801998451196899, 0.6878854643021312, 0.3098481751666251, 0.39474454768700523, 0.6254951437302411, 1.2206044923514128, 0.17344879841483715, 0.8200126230521063, 0.5578302290792075, 0.38393853180731335, 0.42851656509031144, 0.3936986291160186, 0.331066456787521, 0.3968308735316321, 0.3844725123544534, 0.16877524875400757, 1.1071378365159035, 0.07931875540370432, 1.6721962711640768, 0.45299114446554867, 0.28516590850678486, 0.47318581484067135, 0.3015456898137927, 0.41355491450129006, 0.3889613635838032, 0.47672395495076975, 0.19814883324299723, 1.0392448829486967, 0.32981403080077887, 0.6017620285352071, 0.3821348253637552, 0.29199417314181725, 0.5328614012936929, 0.2995846029371023, 0.37114792183807443, 0.4593862144808684, 0.3538305307516739, 0.2297793380831453, 0.5529061478695699, 0.5291296783834696, 0.4169022424301754, 0.2686575476701061, 0.26619934833919007, 0.23131096751118702, 0.41992677499850595, 0.2500162750590019, 0.6953507276724964, 0.5575388627392905, 0.4402139357867695, 0.3971189931035042, 0.3422634934953281, 0.2725594167597592, 0.15829182500662803, 0.31996489885764623, 0.21086196549451697, 0.3613214433938265, 0.20496076298877597, 0.5996745336534721, 0.2598889057452862, 0.5604199257213622, 0.3765979139134288, 0.45233059223209104, 0.24577701109909006, 0.2805738480981543, 0.36340332558112487, 0.2361484100697525, 0.5097642373293638, 0.560275400429964, 0.4547387009486556, 0.3929047988106807, 0.5842059580165715, 0.36738371898730593, 0.202331338943436, 0.7182141467928886, 0.20222336189197068, 0.20719803312482932, 0.24503561036498656, 0.6112585283815861, 0.27448786329478025, 0.3363932999383126, 0.23796334736198965, 0.24841653322800994, 0.24144890815368852, 0.44695416492010864, 0.1588885262608528, 0.15136124073372534, 0.5457005941952091, 0.30803579952567817, 0.3801335287945611, 0.07233766614808701, 1.596916322518761, 0.308185260938037, 0.6320172275106113, 0.09972091296687721, 1.9936992660164834, 0.4157691305680644, 0.2810158497208709, 0.4327320629837258, 0.4206697751767933, 0.3593248212976115, 0.3135692688843442, 0.3889358791833123, 0.33374765049666166, 0.25553685350654026, 0.3614300031587482, 0.24263660263580583, 0.47223506575184215, 0.288639231895407, 0.7020750454006096, 0.6087910793721676, 0.30017579696785945, 0.8623267132788897, 0.3233088198520462, 0.22655730028092474, 0.9302403543676648, 0.4141804799437523, 0.30376394375390003, 0.4483928680419922, 0.21299385447055103, 0.9763677008450031, 0.36363242708501364, 0.2202587705105543, 0.812320773090635, 0.2131269929343118, 0.8934413889511711, 0.663508549864803, 0.21030029052247604, 0.6194092521186059, 0.26532865368007197, 0.30543338345984616, 0.19913004958667815, 0.3456807413324714, 0.14508673945574888, 1.7698936395879303, 0.5421293998536254, 0.5702969375110808, 0.31124532541881006, 0.44711104549822356, 0.36362571399658916, 0.37835538759827614, 0.4068549157430728, 0.18630585603114933, 0.9879466129896732, 0.35914488323032856, 0.33884464333003217, 0.4386434252373874, 0.3447336445647207, 0.3708923247953256, 0.3894734277079503, 0.5659900123874346, 0.380078497332531, 0.5713316224338043, 0.3996671984593073, 0.2424170973424155, 0.8629389898135111, 0.4201580839071955, 0.36820139097315924, 0.43565399944782257, 0.38792294996125354, 0.3677447632384988, 0.3562654421354333, 0.2650975705931584, 0.5307039635309151, 0.3939686567155701, 0.14229328634265143, 0.7585214714067322, 1.2593338787555695, 0.7171178840172405, 0.9807460308074951, 0.16813772743567823, 0.6192407163066996, 0.45903934076428415, 0.5915766426051656, 0.6838085844314524, 0.6730011436156929, 0.17997446265071632, 0.5587512778189893, 0.39725191622144645, 0.3985234889774941, 0.1120781101143131, 0.23301705361033478, 0.2789684014394879, 0.5899390607540097, 0.15857211717714867, 0.1394308992765016]
2025-11-26 15:50:49 - feda2 - INFO - loss data:
2025-11-26 15:50:49 - feda2 - INFO - [0.4944414765470558, 0.8689005927606063, 0.709904819726944, 0.46250147755361265, 0.5141786005761888, 0.45335199060588105, 0.43615093516806763, 0.4727543541895492, 0.5110697744154501, 0.6149094763748122, 0.5399827970777784, 0.41164575183594765, 0.7061866382983597, 0.32363075313882694, 0.5519588247818106, 0.2975798103837046, 0.7184756596883137, 0.19518203691889843, 0.4728032432712507, 0.44231713388867566, 0.49319162861229904, 0.14221992306928666, 0.6503567924769986, 0.3122535131043858, 0.24489241601153533, 0.6714629000657564, 0.4103848859484266, 0.14103625875173342, 0.6102370508391448, 0.3523440435528755, 0.41416335167984164, 0.46652826684378623, 0.4895368152681519, 0.20487694536697948, 1.1658026893933613, 0.44181590013128397, 2.6206550300121307, 0.9335603574290872, 0.4846345783973282, 0.44486195805172124, 0.24766500611893005, 0.44753805249929424, 0.32234357428064364, 0.41740230854713556, 0.45395560243300026, 0.23258778353496473, 0.3303306054990066, 0.49121243954784627, 0.37450418497125304, 0.3136659211789568, 0.1985485484241508, 0.063124753586534, 0.8935218953660556, 0.44308050024130985, 0.4283111803455367, 0.35659345657756875, 0.305940870726751, 0.7220604351411264, 0.4489396383364995, 0.24137816096061013, 0.25142373264599077, 0.3978406810408665, 0.5373916385902299, 0.689972570585087, 0.47655437186005567, 0.25397245732360874, 0.24901200147596972, 0.25808301384810334, 0.4932609227796396, 0.36330072209239006, 0.3917387415965398, 0.26154125609017653, 0.528516017964908, 0.2544760949909687, 0.4281337857246399, 0.29632698082261616, 0.07256257870338029, 0.4437794991329106, 0.358334692807206, 0.2592320211115293, 0.5877144503128993, 0.25826190630831414, 0.26526329788294706, 0.28447497325638926, 0.26058238346748186, 0.3953943355097657, 0.4907515378048023, 0.4759288469950358, 0.22670758447428752, 1.0079340410108368, 0.33659491350577364, 0.4097866659008321, 0.44145251943596775, 0.4302630459091493, 0.37520916620999295, 0.230131686406417, 0.21186703251976213, 0.29448435459821637, 0.2534202108159661, 0.36027300730347633, 0.43756827673521537, 0.4240121258422732, 0.14944596357721215, 0.6179898666838805, 0.38414843189348646, 0.38163686650139944, 0.2842356816244622, 0.41663391521873594, 0.2865095045417547, 0.5585299428552389, 0.19381808347208782, 0.3621929470880377, 0.2708701637941074, 0.4147424017097435, 0.3389787457883358, 0.33976030686042374, 0.45981764740177566, 0.38790567604632215, 0.5208533512694495, 0.412475154656016, 0.32776582868898224, 0.4563544736140304, 0.34718412582533087, 0.43512959344023694, 0.39083827745680716, 0.3366672256340583, 0.3464212856876353, 0.3513116130284194, 0.42369477539545014, 0.6538599601813725, 0.3558925764324764, 0.14899314322198431, 0.41023657842353456, 1.026923326272813, 0.23396405096780631, 0.3394626371032905, 0.7653200566768646, 0.27671518533801037, 0.8855897976706426, 0.3815270494492281, 0.42849358295400936, 0.27366711798434457, 0.5448527389930353, 0.33038382472263444, 0.28579108668491243, 0.31665091133345546, 0.20411434499546888, 0.6224130034571935, 0.3603252765855619, 0.2553588376557898, 0.5382961650347508, 0.3091827052394076, 0.39225059877550494, 0.35804030758262884, 0.36681268334558065, 0.36982045443607614, 0.3803389333188534, 0.38271639181507955, 1.045170764790641, 0.38679042425884425, 0.33330318598697584, 0.6453552292452918, 0.4951136281920804, 0.39068339381586104, 0.37491812552144, 0.36549065194346686, 0.38829510157100033, 0.3932449076506684, 0.40856098787238204, 0.4017270799068844, 0.31648818857368377, 0.3297501979395747, 0.41761411833717965, 0.38646877507368727, 0.3917604315612051, 0.4391125078712191, 0.40173013272384805, 0.3810531036692789, 0.24008611689011256, 0.48195060735775364, 0.43056377499467796, 0.39867326161927646, 0.3648996275389331, 0.26508881317244637, 0.4777788266539573, 0.35085566778268135, 0.29487902813830136, 0.4841119579970836, 0.2799583352274365, 0.3452445107201735, 0.5273564756951399, 0.5067503138980716, 0.35476997846530545, 0.36663968364397687, 0.3900732872564168, 0.4186561177706435, 0.42785470080044535, 0.4370528628428777, 0.4039077253213951, 0.43761020178596177]
2025-11-26 17:17:40 - feda2 - INFO - loss data:
2025-11-26 17:17:40 - feda2 - INFO - [0.42549022858341534, 0.5340465338279804, 0.3590619126955668, 0.920246017165482, 0.612893430205683, 0.6671790956449108, 0.38604469001293185, 0.5021825794714924, 0.48758609710882106, 0.5603254351087592, 0.37842488642781974, 0.910036788809867, 0.45939451614112564, 0.4708474920054664, 0.3488066350109875, 0.28621726979811984, 0.9245039414275776, 0.13731493894010782, 0.9860315259546042, 0.6802504776489167, 0.4433855933447679, 0.7624984671672186, 0.29443340400854745, 0.5985531686672143, 0.5256286344180504, 0.15634136502419343, 1.013395391094188, 0.7512058258056641, 0.3908456469575564, 0.3718653827778656, 0.33850917566035477, 0.5813705176804904, 0.45262648103137815, 0.22456170652964802, 0.18021047257352618, 0.4270258146123244, 0.31818032333006463, 0.40029875779120655, 0.505245465831831, 0.46837820583844886, 0.389503084278355, 0.1768113723373972, 0.5503882580747207, 0.31328708790242676, 0.45660097098529895, 0.30346834659576416, 0.937572361032168, 0.43553015643900095, 0.37547113409354577, 0.2836683445017446, 0.5601717280844847, 0.6510519308348497, 0.3653404618302981, 0.2969330004416406, 0.45630186841029813, 0.7037177085876465, 0.47967066154593513, 0.308989289503258, 0.27635324037983083, 0.7796736417624813, 0.3108047003857791, 0.28126253646262217, 0.17654762882739305, 0.2306176017107511, 0.4295831756666303, 0.44088682389872913, 0.3791115816025173, 0.3985331282019615, 0.2128089298144914, 0.5058665842450305, 0.7193687399849296, 0.17178779802798555, 2.3630519335468607, 0.4640685592610867, 0.21376885422505437, 0.36480260494087513, 0.5915400059400674, 0.35240970763067403, 0.40175687676916516, 0.4102992747965104, 0.47181319718559583, 0.14835363949903033, 0.8985153486796965, 0.3622768633604909, 0.23712736498564482, 0.5495812362370391, 0.4776396655167142, 0.31631494628309403, 0.4152605968527496, 0.6724849076941609, 0.3698097168867077, 0.2540320842216412, 0.8153879504869965, 0.411178963445127, 0.3331052055253702, 0.37788036453227203, 0.8178884418947356, 0.3120061431080103, 0.3036161624033142, 0.41505422179986906, 0.2858042000578, 0.28548162067309024, 0.3951406081636938, 0.5404916495705645, 0.3438439585962424, 0.240469900596266, 0.5580637023061306, 0.38517758467545116, 0.5379364641294593, 0.38385837693654357, 0.42253941747670376, 0.3589941885787994, 0.48821766432374714, 0.6489553188106844, 0.3054272927343845, 0.445100360461289, 0.31333141807371223, 0.4742932999141368, 0.2082879033172503, 0.6896759627404838, 0.3093744778695206, 0.3567338225177743, 0.35359577274126974, 0.4462099738773846, 0.2836249476355134, 0.3886517203654404, 0.31009750353793303, 0.6797831826843321, 0.34281443183620774, 0.3325692538637668, 0.5173953903409151, 0.2594353937039462, 1.1311413135734343, 0.3552423839767774, 0.5035190046543166, 0.39824212739864984, 0.28975734168268513, 0.27912566751862566, 0.18432295722040265, 0.13748488539400008, 1.3091753236949444, 0.12797591658309102, 0.613419501731793, 0.22761470860956856, 0.2713187375795786, 0.5576220883854798, 0.3760742443717188, 0.3962272963940333, 0.6818802123978025, 0.2703438336029649, 0.805949847049573, 0.43808312887946765, 0.6748525624784331, 0.7180108568941553, 0.5384104045874932, 0.2679933247228081, 0.3397809645781914, 0.4032956866237024, 0.7138322049751877, 0.37468537874519825, 0.47677397060518467, 0.47468444419403866, 0.5453387030089896, 0.38565339558516387, 0.41174573730677366, 0.38293561332986925, 0.22366101189206045, 1.1265304035374095, 0.592176975046887, 0.5691828446928412, 0.4215109838793675, 0.6001047524313132, 0.6086811409797519, 0.6330470144748688, 0.7019663415849209, 0.41588220106703894, 0.4562791569291481, 0.42692700871438893, 0.420053102945288, 0.6622473833315512, 0.3962495319380918, 0.45737023534728033, 0.37836241486171884, 0.5788781383385261, 0.3609761296616246, 0.5423242313609946, 0.329875223948529, 0.4895564494654536, 0.7942245103418827, 0.507198650867511, 0.7765728930011392, 0.6642953292639167, 0.6990380559648786, 0.5135525629988739, 0.5851481414976574, 0.5208413129672408, 0.4801538779089848, 0.5168178384857518, 0.4051495593795109, 0.6184571005403996]
2025-12-18 15:12:30 - feda2 - INFO - loss data:
2025-12-18 15:12:30 - feda2 - INFO - [0.6878642504413923, 0.49763974131395416, 0.5719452816798972, 0.5447398840751823, 1.1142948866925306, 0.30882934991192695, 0.6533484237640307, 1.1112948440035786, 0.6294947825372219, 0.11563085366118078, 0.3667864070355811, 0.5724243359640241, 0.423174306191504, 0.47019330150603006, 0.6362534210019346, 0.16669976416160354, 0.6066218910452266, 0.3847104920193744, 0.3321933032226904, 0.5664651248720475, 0.7486237010452896, 0.18432904851814622, 0.9365375783205804, 0.572968572065732, 0.34332682410798343, 0.3652820536914544, 0.4198359725065529, 0.3018260699381262, 0.37331844242289663, 0.3719960863081117, 0.1617379551869817, 0.7653166064992547, 0.11588191332994029, 1.0464212465417255, 0.3488734641040747, 0.2709793329947085, 0.48449304332801457, 0.30227209720760584, 0.32172034517026105, 0.36116171535104513, 0.4043926174752414, 0.19155556085170244, 0.5524290876734691, 0.3107548632969459, 0.4559278253465891, 0.35180609015127023, 0.27060538555185, 0.3927072071780761, 0.2664885392826465, 0.30121319216753667, 0.3799479504426321, 0.3359359066778173, 0.2237072275796284, 0.39434118788423284, 0.4066412500105798, 0.37953135631978513, 0.24776571958015364, 0.24211170412600042, 0.17207013430112664, 0.35057940027780005, 0.20925696291960777, 0.5229021414230037, 0.6974286512782176, 0.3899988869825999, 0.29229213297367096, 0.3346750011445866, 0.25166418196943896, 0.13928947406238876, 0.2575344764084245, 0.15289710292903086, 0.3210393337086619, 0.20991442615437944, 0.38922774718644526, 0.22724410290312436, 0.3391801414700846, 0.3046442698687315, 0.3369794753809961, 0.21286269032682936, 0.16947654056180386, 0.33645434837477906, 0.1981298207016188, 0.47909246398549943, 0.4377303313877847, 0.3559553504921496, 0.22761340682276676, 0.8927252116923531, 0.3184287516607178, 0.12544286479436173, 0.30178082142291324, 0.18651721900215562, 0.2137580343754962, 0.21455149478339688, 0.5796769085029762, 0.2442839531848828, 0.2965218555492659, 0.2259783885247695, 0.17364801614894532, 0.23225251915476594, 0.22123712140548893, 0.14577237860066816, 0.2891435779553528, 0.44043665460000436, 0.2268648608335449, 0.32545731828681057, 0.037321377519059326, 1.8655155263841152, 0.2722426647165169, 0.4835660129785538, 0.11643774195302589, 1.2667622270269527, 0.3481452275067568, 0.2053342502283601, 0.3374859305588194, 0.4026633496085803, 0.3325913694642839, 0.2179128820706597, 0.3957478539397319, 0.23077772883698344, 0.21374801158284146, 0.30160768167018737, 0.1995665359252598, 0.39833368721994616, 0.24775653509423134, 0.48731188649932544, 0.4082144796848297, 0.22574745509773492, 0.6639250572770834, 0.25633713056643803, 0.22706090939630355, 0.6430764098006945, 0.3987316293641925, 0.2665440725474471, 0.4342008553445339, 0.12852426363776126, 0.9321423095784017, 0.29381955430532497, 0.134108915218773, 0.4555629484710239, 0.07550897272400713, 0.953299537489716, 0.4112161632760295, 0.18136544441028188, 0.4607022367107372, 0.2668620850652074, 0.20291759576648474, 0.17009748684552808, 0.34502303804426143, 0.14128980017793807, 1.2756476582338414, 0.26838390382293326, 0.33290555196312754, 0.288594591896981, 0.4384085640311241, 0.2930121480590767, 0.34758345503360033, 0.3406410107078652, 0.14143055223439838, 0.903669486194849, 0.29410693854359643, 0.2602324259777864, 0.3456999062250058, 0.30802169907838106, 0.2792732338421047, 0.3090982045202206, 0.6373165062939128, 0.2578458681170429, 0.6092933756609757, 0.33877776755640904, 0.170910170808808, 0.9081118461986383, 0.3646406335135301, 0.339239988476038, 0.3821503339956204, 0.34640613318021807, 0.2607758926227689, 0.2908134139996643, 0.1921799445214371, 0.5450862966836072, 0.39234316535294056, 0.10619522612541914, 0.7470214212372994, 1.2513718167940775, 0.6339155355468393, 0.7720086265769269, 0.17859746085014194, 0.5044219429750799, 0.36940375310460144, 0.46015791706740855, 0.5139410895211861, 0.5447477591534455, 0.17340999136989316, 0.49823676292629293, 0.315144081161741, 0.3743940410669893, 0.10317399605798225, 0.19235242517509807, 0.25659045989935597, 0.5464120491629555, 0.1438481420899431, 0.13130394178533963]
2025-12-18 16:20:45 - feda2 - INFO - loss data:
2025-12-18 16:20:45 - feda2 - INFO - [0.44054283648181486, 0.8841972668916721, 0.6706946389306159, 0.43730447624499597, 0.48182590305805206, 0.3966526286521306, 0.3797588281048876, 0.34863748711844283, 0.4221660955498616, 0.4924514022966226, 0.4323070220649242, 0.31887011409825866, 0.4815023492088476, 0.24233452507486455, 0.4651548000864494, 0.23067111924497619, 0.5557950437068939, 0.1031077652684568, 0.3989331972453444, 0.38053912904468323, 0.40975641817564057, 0.10023774844076899, 0.5165897493117622, 0.24361027367732616, 0.22204444002563833, 0.5537333694242296, 0.36411911540088204, 0.09010767847873283, 0.552429361641407, 0.34302603465815384, 0.35616037482733204, 0.3924848222160253, 0.3992666097978751, 0.15246063996843684, 0.8325377624353458, 0.3077155483605262, 1.7820744266112645, 0.3691176549065858, 0.4019718172248476, 0.4371383325507243, 0.21009949875485195, 0.3761494686206182, 0.2593606273061596, 0.37942831370802155, 0.34690014428148663, 0.20280195663476158, 0.26660386444297424, 0.41597602134165557, 0.31363330262821115, 0.283942560153082, 0.10823086810928276, 0.05773499427596107, 0.9066606645400708, 0.39614566248797234, 0.37846680749685335, 0.24599318840923023, 0.2992660181208824, 0.6586353459759899, 0.3826480120334817, 0.20820823247898565, 0.214886646932185, 0.2562461715036382, 0.29556865410139677, 0.6710336238094088, 0.3764694058102708, 0.19774012838800747, 0.21124397530907002, 0.20060565324737598, 0.4314361032926374, 0.31314624878524366, 0.31147830423246003, 0.20938686900772155, 0.4914547545978656, 0.20964295491317494, 0.34376795173787755, 0.20994211834290735, 0.053909014468385655, 0.30852553709733505, 0.31228713026891153, 0.20374804605713248, 0.43205021379085684, 0.21912339707223585, 0.21716528073108443, 0.22563417169494907, 0.19900742852000153, 0.33960883392109753, 0.4014052271377295, 0.4726147091851152, 0.18672111007498193, 0.570821386637787, 0.26541538049156466, 0.36344883751478935, 0.3917957419263465, 0.41919002628752167, 0.3281560675906283, 0.20492146688002144, 0.17244450864519045, 0.2044489625183975, 0.23536895746365188, 0.29815309468124596, 0.3240118499845266, 0.3800945313326244, 0.08893636178092694, 0.40442072941611207, 0.31113099843441017, 0.36343253327485847, 0.25472701867111025, 0.32060148577604974, 0.2123789614687363, 0.6094072367995977, 0.15577789250431429, 0.33062128949733005, 0.1848738219634648, 0.37216674809654554, 0.2467078196593439, 0.2861990077847925, 0.39558140484568405, 0.39474201630800965, 0.4444949280184049, 0.36644788955648744, 0.2984694582099716, 0.42521151080727576, 0.30528226847835316, 0.35079435319417995, 0.3223007943309929, 0.2594714305674036, 0.28255721169213455, 0.3302766382487284, 0.3209735468681443, 0.4735661094578413, 0.2988435509925087, 0.11004421271888229, 0.3012546934350948, 0.4783214162722105, 0.18686945726512932, 0.27549819339765236, 0.41370085459202527, 0.4062431226277517, 0.430455868118915, 0.3225867409641162, 0.3350455477833748, 0.28110024858162636, 0.39968951517797036, 0.2716879328238029, 0.23618059813355408, 0.2743219596023361, 0.15477856822841454, 0.3168484037503218, 0.21891607454578793, 0.20206448606304112, 0.3925814848186241, 0.2326415700443949, 0.3360050935919086, 0.26308189231961493, 0.3389278108874957, 0.30632532953417724, 0.30446561239659786, 0.23757063724721472, 0.3900536770208014, 0.3040187598516544, 0.30359633920403817, 0.735832717269659, 0.3637140608374395, 0.3242595084659431, 0.31536171776361954, 0.3095060614957696, 0.3041763656772673, 0.4181217997024457, 0.336122156822703, 0.3254190200318893, 0.2824740678485897, 0.2814978236714617, 0.37433036689956983, 0.3537658939138055, 0.38033165257010193, 0.43240963553006834, 0.3334588241102039, 0.3243683678408464, 0.19290223568677903, 0.4764707110822201, 0.3531859664003486, 0.32630790683130423, 0.3277896866651958, 0.2986845765749808, 0.3900336872329543, 0.38071503662146056, 0.30450675793576476, 0.3865830508371194, 0.29864362863202887, 0.28922085885120474, 0.43297721035778525, 0.37025168227652705, 0.33151880539286777, 0.3262836071644344, 0.3712752268960079, 0.3284573771279328, 0.3703720864736372, 0.4414228744804859, 0.325782301658321, 0.3981780699143807]
2025-12-18 17:21:55 - feda2 - INFO - loss data:
2025-12-18 17:21:55 - feda2 - INFO - [0.3682441392518354, 0.5394298115124305, 0.3643408387560736, 0.849765326951941, 0.5998556514581045, 0.6363616041839123, 0.29233821341767907, 0.42298234497958964, 0.38646909476568303, 0.3192762826788098, 0.08642361663898179, 1.2620445113806498, 0.35056626560364035, 0.3328767853676144, 0.23480735139081454, 0.2318424507147736, 0.33921791910666577, 0.12293087779026893, 0.4567563014260183, 0.46171947657352397, 0.3311908667596678, 0.4138789025342299, 0.18343795290857087, 0.3930684688833675, 0.45749029777944084, 0.12974358897425725, 0.5020594880605738, 0.5693986005489788, 0.3545666033246865, 0.24021770180287688, 0.24696086166867257, 0.5439244796832403, 0.33315842350324, 0.1716018351980231, 0.13474302584942657, 0.3252250200199584, 0.30585137773305177, 0.25050447439859536, 0.3195086064406496, 0.42551597133278846, 0.3265664815583377, 0.11784920633492423, 0.4427797374005119, 0.25524810805606346, 0.25839593982811837, 0.21381490492918104, 0.3826763955100129, 0.2649147033183412, 0.3426954592533764, 0.22209205870008603, 0.41185019278165064, 0.4440412273009618, 0.20820739483460785, 0.2708517098799348, 0.4078194716324409, 0.41490498588148816, 0.41298641450703144, 0.31014118166640403, 0.2105411657062556, 0.6070027358767888, 0.258099668101123, 0.2546109967286501, 0.11347012106157814, 0.22983254178446563, 0.33737020430465536, 0.5107206492374341, 0.3130861065479823, 0.3527447121838728, 0.1969572346114243, 0.2136106038181525, 0.4778592756638924, 0.13208305596800832, 1.0453173025990978, 0.28210026368837465, 0.23107010402761968, 0.21294447355903687, 0.4530042838046534, 0.38977922601625326, 0.36463270020304306, 0.4023306893184781, 0.36407208742780817, 0.0949474539396099, 0.45711552967744257, 0.30984778533379237, 0.2213786118334004, 0.35399731120301614, 0.44069940199454627, 0.3055355776341237, 0.434726686447504, 0.4247713425507148, 0.36993656329633223, 0.2428649296871189, 0.5025451354682445, 0.3096454839532574, 0.27835668301106326, 0.33935190274690585, 0.46734765966733294, 0.22913159151570966, 0.29050996697818243, 0.3936836463709672, 0.21265282917767764, 0.2993782594179114, 0.25631648798162737, 0.3414822476492687, 0.30709799405638916, 0.20916138409326474, 0.27949616703628144, 0.9592126418370754, 0.3968118438896324, 0.3320499532432719, 0.2978794863713639, 0.2682148285003172, 0.2738519800619947, 0.4347578277367921, 0.19344038078852463, 0.3865829690049092, 0.27972020460292696, 0.4104454964399338, 0.10237851105727411, 0.4633894643703146, 0.2579173477521787, 0.2709233441079656, 0.30970200065523384, 0.41718884458144506, 0.19340408215595578, 0.35141347513223686, 0.25117346204462504, 0.4617750505606333, 0.3120452945939068, 0.27607936350007856, 0.37314051955938343, 0.3566485363602018, 0.6839281729112069, 0.2726959147067233, 0.41510830194290194, 0.31085377869506675, 0.24661122061679083, 0.23353658625273965, 0.1225840355107335, 0.120647476837039, 0.7975042190967184, 0.3301092313513869, 0.3610315290590127, 0.29656439609825613, 0.19219415021749836, 0.4994358261958474, 0.26901223313503175, 0.33875836470474796, 0.47258392013609407, 0.2104552937361101, 0.5690952707702914, 0.39975306022032686, 0.2900055042565024, 0.4519670069010721, 0.40082446386416754, 0.24999943119163315, 0.2948702779344537, 0.34051820759971935, 0.5793488076577584, 0.470260618130366, 0.385590434488323, 0.3571256514845623, 0.3902988551805417, 0.3411412650098403, 0.364172808577617, 0.33996133059263234, 0.19117240633420418, 0.9613597110978194, 0.4236925465986132, 0.3654884457706459, 0.3744771474012823, 0.306674961745739, 0.4443820395597464, 0.5054770028839509, 0.565064769888681, 0.3824397300325689, 0.3885631304411661, 0.37965919164319833, 0.3098970136915644, 0.45166308209300043, 0.3727032250776473, 0.3767753691722949, 0.2962724207590024, 0.430578521763285, 0.5112182929491003, 0.5225479022023224, 0.2921036610069374, 0.433623381331563, 1.21415150579479, 0.42921674800190057, 0.7201457127928734, 0.6639451431731382, 0.5834315297090344, 0.4718458111664014, 0.5150663609306018, 0.4600061537077029, 0.40368606834249066, 0.634966870681161, 0.3608749471604824, 0.5229283442927731]
2025-12-20 11:24:31 - feda2 - INFO - loss data:
2025-12-20 11:24:31 - feda2 - INFO - [0.6877985075116158, 0.5065662713721395, 0.561073073593434, 0.5638493761938412, 1.3181514059089952, 0.2972992896994886, 0.7351039033100177, 1.2484878892549773, 0.6720068097114563, 0.17087015205373368, 0.5684195568600854, 0.5401231383904814, 0.4742166757583618, 0.613499520777259, 1.4215249538820771, 0.17023059224011378, 0.7173333603602189, 0.32433919470327405, 0.35349068033198516, 0.6040433469849329, 0.7667465377599001, 0.17799434271942385, 1.0529058995436826, 0.6322207888204503, 0.35473143447112915, 0.42451699773470564, 0.4377456502368053, 0.327720253092497, 0.4165551187780996, 0.40108212884515526, 0.1758198453326865, 0.9141233460977674, 0.12255398214717086, 1.1438978256985217, 0.35968057345598936, 0.28280364071542863, 0.5141563443467021, 0.2541329740197398, 0.331839423882178, 0.3901200294494629, 0.44559805464620394, 0.2019129993277602, 0.5999928015012604, 0.3324625797569752, 0.5089642465114593, 0.39656404294073583, 0.29650819154145813, 0.4282716758453693, 0.2886978549365368, 0.3069138849969022, 0.41448488207533957, 0.3627452509167294, 0.22320892318772773, 0.4163997299703104, 0.4398536253720522, 0.42157831303775306, 0.2663368415553123, 0.24753786778698367, 0.2049233114696108, 0.3990315566460292, 0.23046251652024996, 0.578195999904747, 0.7444944528241952, 0.43910990531245864, 0.33079715756078565, 0.3459424333292104, 0.26358954843599347, 0.15668880924543677, 0.2864561231341213, 0.17614744586559633, 0.340640928891177, 0.19360946213904145, 0.4320358608777707, 0.23688644474993148, 0.41725907366101944, 0.29608042892068626, 0.3494804009054907, 0.24240159830914287, 0.19227273392626482, 0.3303573321706305, 0.22122565125053584, 0.5422555507471164, 0.47617158542076743, 0.3184332695479194, 0.30733714945723906, 0.781437545704345, 0.3547348462045193, 0.13937672536509732, 0.34132768135968145, 0.2001766443100328, 0.22264108329545707, 0.24044591555093398, 0.5838355886439482, 0.25805854101975756, 0.3284639951152106, 0.2342444747608776, 0.45790916366968304, 0.2579101197838706, 0.26294886909734205, 0.149191906566557, 0.3069018768922736, 0.4978692663212617, 0.25742396160882586, 0.36799322028777426, 0.04213592887932535, 1.9672189707557362, 0.2903803830423082, 0.49311784710735085, 0.12492716713265206, 1.5536771948552794, 0.37697875971595446, 0.19210053340484126, 0.3764006712378409, 0.4201240713397662, 0.35164475917283977, 0.2549403780783691, 0.40536188830931985, 0.32840066129962603, 0.23817686530916643, 0.3301992192127121, 0.2339261105788561, 0.4339472826282006, 0.27780100715657075, 0.5437945521126191, 0.4573960304260254, 0.24911080941092223, 0.7451498238369823, 0.2820015127460162, 0.2250412729080944, 0.8157936634066013, 0.33791925897821784, 0.28986701427861983, 0.44148104898631574, 0.1786791615576173, 0.817996253192957, 0.30011950911333163, 0.17814775078246992, 0.4717114434710571, 0.0873346305200054, 1.1695992725017743, 0.5424060253426433, 0.2003387502549837, 0.5112816751003265, 0.27818464887543365, 0.24854991131772597, 0.19631081297217556, 0.38131539090536537, 0.1481827328885196, 1.417986846466859, 0.3184362184256315, 0.3912808626412581, 0.32095220970610777, 0.44093299613644676, 0.3368355830096536, 0.3278347346931696, 0.38517096393431227, 0.1619228058056358, 0.9757353765269121, 0.31919072202539867, 0.3056795230135322, 0.4067305632556478, 0.3241930338243644, 0.3386854015601178, 0.3253024521594246, 0.7178406424820423, 0.28085453512945346, 0.6553631282101076, 0.39246918832262356, 0.1979681049240753, 0.9765210941433906, 0.42092073224484916, 0.37316205678507686, 0.39390301145613194, 0.3827544027141162, 0.2983155004680157, 0.3188964127756966, 0.2138126788660884, 0.572567292344637, 0.40866727627192934, 0.12756856066795685, 0.7338639487070628, 1.2102602204928794, 0.6859588369106253, 0.884337017685175, 0.17191374413669108, 0.5756351543754777, 0.4222701618374855, 0.5526494131733974, 0.5856512495352385, 0.6323660329605142, 0.18452473500122626, 0.5459100809569161, 0.36159348482375636, 0.39477233871196704, 0.12175736172745626, 0.22023703518789262, 0.28686784726257125, 0.5804723789205863, 0.16141748268467684, 0.1435341811063243]
2025-12-20 13:34:41 - feda2 - INFO - loss data:
2025-12-20 13:34:41 - feda2 - INFO - [0.44781511753578396, 0.8727844050169382, 0.6769156736277399, 0.4298892106084774, 0.4906096794952949, 0.4321223966829065, 0.41655927487752503, 0.4303172482894017, 0.494479671989878, 0.5775544899560157, 0.4814473330974579, 0.33963625476074716, 0.5452390374851029, 0.259300564521668, 0.4959812946044482, 0.24780217879710512, 0.6962809088329474, 0.12356989869149401, 0.43179310567505746, 0.41015672972869305, 0.45101319551467894, 0.12081131992421837, 0.5431738011893772, 0.2685484234910166, 0.2269718767570642, 0.5904132825810285, 0.38460344186141376, 0.13119333161853766, 0.5460764080286026, 0.3559355047841867, 0.38517791004109103, 0.41867744411355345, 0.4667630751927694, 0.1612728765117936, 0.9712994913088864, 0.36302377627580423, 2.313452487190564, 0.4835929402460655, 0.4231474936532925, 0.4200251696010431, 0.22884201813484517, 0.40692355086406073, 0.2806653490755707, 0.40102406475870384, 0.3743504083309418, 0.20660157174958535, 0.2950270822252302, 0.4483142119359927, 0.37053584831807274, 0.3069088050785164, 0.11342839750406497, 0.05845660437383533, 0.7073705895588949, 0.42887646730634427, 0.41016285353555126, 0.27745720653985745, 0.3154160883665706, 0.6845836296029713, 0.41492105017048647, 0.23035305560980407, 0.22928352294450935, 0.35541894401186236, 0.3151408919331837, 0.7009214003208197, 0.4343876223948887, 0.2174470931602021, 0.24902747592612162, 0.22167960482822988, 0.4623173509207037, 0.34588285467491064, 0.35199505200705905, 0.22954217499742904, 0.4824756065813395, 0.23818168591759686, 0.408352459777757, 0.2655269580697506, 0.060167370606031195, 0.3675705162394378, 0.34367822979887325, 0.23822718617351105, 0.4986419514121808, 0.24374035047964218, 0.2400489086008054, 0.26255342693648476, 0.2314438434883154, 0.37730425597124156, 0.4386042609500388, 0.49620783689121406, 0.20832561359589588, 0.6355813805634777, 0.27996497245815893, 0.39788685624620745, 0.41429584486676113, 0.438948678118842, 0.35918454174839315, 0.2229885837775381, 0.18792064775479958, 0.2329929084982723, 0.2496109836967662, 0.3254406057830368, 0.3422677628695965, 0.3939333350793726, 0.10105327766796107, 0.5210162444661061, 0.35885790247647537, 0.4234418477385472, 0.2793924166122451, 0.36684594353040056, 0.27154439218963183, 0.6053145036929184, 0.17303754322929307, 0.35905872052978904, 0.2107388729028696, 0.4382585655897856, 0.2750740771566558, 0.3282523684358845, 0.43114288167184234, 0.348810627994438, 0.5012162301975946, 0.39057536125183107, 0.33315925498803456, 0.4363140381872654, 0.33603152373227585, 0.39299418220207805, 0.36137535638850316, 0.2917607927074035, 0.31946495585143564, 0.3467351083333293, 0.3674658065423223, 0.5591818753343363, 0.35585717461293653, 0.12862894983263687, 0.3223667014354197, 0.6237213858911971, 0.21346891866026757, 0.29272072883322836, 0.4884680323302746, 0.38402350134112767, 0.47156775366190984, 0.3669992165114635, 0.3580812140367925, 0.2939138299889035, 0.43497463622386906, 0.2919423293346673, 0.2522590057148288, 0.2981487781430284, 0.174326879306532, 0.38458290526118033, 0.2527861270521368, 0.24953594306217775, 0.4167067475409971, 0.2710708657804972, 0.37690655452509725, 0.3068516278225515, 0.3734210250455709, 0.3553539216074915, 0.3325647259751956, 0.28436959574206006, 0.4948386513524585, 0.3188487940157453, 0.3342256007095178, 0.6584190287523799, 0.40501480702968207, 0.35860683139467586, 0.37195618177726597, 0.348181556041042, 0.3475438385580977, 0.43188744932413103, 0.38276534275138296, 0.3575424945602814, 0.3083945038417975, 0.30926267855251444, 0.4120610261779456, 0.38660566695034504, 0.3878090841074785, 0.49772031461963284, 0.39689522609114647, 0.35733781022330124, 0.21839230399992732, 0.4672392592144509, 0.40425254080606543, 0.36023775728212465, 0.35468130183202784, 0.32997981187418784, 0.42192495886907266, 0.3863439167348238, 0.3264548849460541, 0.4214646107206742, 0.3112671155068609, 0.3317724517434115, 0.4625657141208649, 0.4273945042242606, 0.3639111759622231, 0.3673630056574064, 0.39047963229509497, 0.37608366061048293, 0.40282435160544183, 0.4368198547512293, 0.37561531648749397, 0.46146531514823436]
2025-12-20 15:26:08 - feda2 - INFO - loss data:
2025-12-20 15:26:08 - feda2 - INFO - [0.3706062815782397, 0.5362103512510656, 0.3640235424606186, 0.7313076050331195, 0.6161951854825021, 0.6597579057017962, 0.34314768748978774, 0.5042323326296878, 0.48558757615586123, 0.4563595662965919, 0.1773878954690955, 1.1468971215543293, 0.4147911855640511, 0.4222147970008805, 0.28968800821652013, 0.2555196539654086, 0.47216055778588983, 0.1292837569490075, 0.6231285342015326, 0.5360141938286168, 0.400683556497097, 0.5218849720226394, 0.2171448853216134, 0.3744919416428144, 0.5172797780483962, 0.1450399086332052, 0.6369835827499628, 0.587316486747965, 0.3934678266445796, 0.259028759300991, 0.2896694720589689, 0.5318411556382974, 0.362322768010199, 0.19486332509003468, 0.16576636521397936, 0.3174571820969383, 0.32700065011158586, 0.27377773396247485, 0.4118265204649005, 0.47552592741946376, 0.3823036453453824, 0.13272446777361135, 0.5451014712452888, 0.27124346964992585, 0.3620339245136295, 0.31646918057054846, 0.4934305163100362, 0.2880212655093408, 0.3512754340434358, 0.2378393798135221, 0.4729088856302428, 0.4193109835808476, 0.25363456956110897, 0.3008321107675632, 0.4808690062413613, 0.4847329303622246, 0.4656031779235318, 0.3578994757682085, 0.2363354204137674, 0.5437112023619314, 0.27139494813293114, 0.27328845540089813, 0.10916963269442527, 0.2442061975384907, 0.3863535360433161, 0.4606463511784872, 0.34934930071855586, 0.38660448441902795, 0.20860474288282502, 0.2624942947202362, 0.7295310951769352, 0.1459152743872255, 1.3328060043806378, 0.23949858485467054, 0.2126634206299463, 0.22794813460851504, 0.46738667807852224, 0.3683202810275058, 0.3915986381471157, 0.420859196037054, 0.4167283678220378, 0.11033234782940285, 0.77295662338535, 0.3045181063562632, 0.23910129736695027, 0.3841272804265221, 0.4745850461224715, 0.30464209809715886, 0.5095239134239299, 0.4946138436595599, 0.41244023280839126, 0.26511156146386355, 0.6897732199066215, 0.34726345570137107, 0.3124717388716009, 0.37597259990870957, 0.6300557747483253, 0.24970954191880396, 0.3124653194410105, 0.4322406368951003, 0.24685511071234942, 0.2974283738217006, 0.3247386196752389, 0.39342916875400324, 0.33056671956949163, 0.22784259291365744, 0.35131307887590746, 0.5674756605022897, 0.47866144286734713, 0.36637481149624695, 0.3782552824666103, 0.26814718628302214, 0.3181701979289452, 0.5073492280872804, 0.22879883664556677, 0.43139654149611795, 0.31164064039786654, 0.4450872292121252, 0.1425781954312697, 0.6567456884705462, 0.3111339893502494, 0.2843262956999807, 0.35523731647680207, 0.4363016630212466, 0.22871790358542718, 0.3544819739957651, 0.3197682978097527, 0.5656566606213649, 0.32197468801204004, 0.3351256724447012, 0.41148248060473375, 0.31817936820637743, 1.006062586978078, 0.3329740795673746, 0.4576607285333531, 0.33011490036216046, 0.26969000250524416, 0.2612111490297442, 0.13615925142522714, 0.13116234842894806, 1.001410867996288, 0.23376874164456413, 0.4738021563738585, 0.2639333971465627, 0.22181962451431902, 0.5407966059588251, 0.35108979851421385, 0.3633987780412038, 0.6168094549328089, 0.25103228936592736, 0.8343811095692217, 0.3523407166927225, 0.5004980349680409, 0.5006894961620371, 0.45614070892333985, 0.25811662991841633, 0.3493725157709736, 0.3798067598293225, 0.6677927358282937, 0.3877142336219549, 0.516420928388834, 0.41939424621976085, 0.48603443838655946, 0.3873114556074142, 0.38724618032574654, 0.37229107891519864, 0.22323119348818155, 0.9442826653165477, 0.47836647008856137, 0.4263179084389574, 0.44832050985459126, 0.44966215919703245, 0.5480157686811354, 0.54447367588679, 0.5748977876371808, 0.4152130192589192, 0.43893257154240495, 0.3991843746354182, 0.383430321700871, 0.52231801400582, 0.4472630835862623, 0.4108349237591028, 0.3557150781154632, 0.662509099394083, 0.4263044868285457, 0.5595688584216294, 0.3087451757863164, 0.4664530230065187, 0.8929365542199876, 0.4794025086611509, 0.872216877900064, 0.6024860360970099, 0.622370641205519, 0.47819927335894175, 0.5494003511965275, 0.49289333228435783, 0.4570694882084023, 0.48511260907564846, 0.409417292351524, 0.5864274154106777]
