2025-11-06 15:20:01 - feda2 - INFO - loss data:
2025-11-06 15:20:01 - feda2 - INFO - [0.4851322902061269, 0.30391371746857965, 0.20820693793014072, 0.24398068992443656, 0.2845396414270689, 0.2452030492325624, 0.2224167501553893, 0.5403781361567477, 0.39990588424629286, 0.24497722772260508, 0.08216402000584938, 0.6791618863741558, 0.21717903322624324, 0.20944447369025698, 0.2642094741264979, 0.13563797043946882, 0.44757284596562386, 0.15755125046952773, 0.21922359647678918, 0.21446963597578966, 0.16811833819030728, 0.15504561510684794, 0.1341358362831367, 0.3434561975300312, 0.17489845456125647, 0.27514985343441367, 0.1859687653092439, 0.21788355292117295, 0.17652846277569947, 0.2829448880384798, 0.3236821362127861, 0.13703049439936876, 0.1414772679680027, 0.1966753582819365, 0.3802695842459798, 0.17804317401411635, 0.19924306555961568, 0.18712243624031544, 0.0750224010553211, 0.7252996996045112, 0.21979330120415524, 0.2597073704004288, 0.22084331594717999, 0.1788976815923189, 0.13594854855909944, 0.1734343401980228, 0.2276085950434208, 0.21703612556060153, 0.16474402443106684, 0.17428522287426812, 0.1614019159713517, 0.19594896418091498, 0.08945540927551729, 0.6742423920271298, 0.11104712408985226, 0.1498347921405972, 0.20009353291243315, 0.19858134444803, 0.20964813930913806, 0.2688786033540964, 0.1441032086488801, 0.19454635540023446, 0.11038434359111957, 0.06690866909384134, 0.2428021331389363, 0.20891266364766203, 0.28016121685504913, 0.1515048144473916, 0.38704492896795273, 0.1791282149963081, 0.167278309375979, 0.293847307116448, 0.3205915185744348, 0.3386512566357851, 0.16804307610795333, 0.160067965524892, 0.25538655095733703, 0.1904403064324547, 0.07653576129184027, 0.4198642671108246, 0.12235778031082681, 0.1423436322559913, 0.24374980797923249, 1.285847541835645, 0.07974960191995473, 0.28782658465206623, 0.18196526914834976, 0.4259853200055659, 0.21243950442100565, 0.15012103880648142, 0.1560098109766841, 0.16074447222458926, 0.36319187780221307, 0.10217171971200277, 0.1650833748281002, 0.10262190251212035, 0.2608895373220245, 0.20978637470398098, 0.11420682076519977, 0.1057316649508161, 0.09791367047000676, 0.2681778023640315, 0.0826607693452388, 0.3704249282720788, 0.2234189761802554, 0.17790038511157036, 0.15073999755371076, 0.07461616178401387, 0.15866394340991974, 0.23032647278159857, 0.16695504615554352, 0.13964490743418193, 0.1526289532635322, 0.8340502104721963, 0.1300979838706553, 0.14868573452758577, 0.14110534971645267, 0.0844861367950216, 0.08680296768076146, 0.2896280721761286, 0.16030461339368707, 0.09028695290908217, 0.15920194309049596, 0.1334881092512742, 0.12345078069042287, 0.16258113086223602, 0.2356717949733138, 0.4894031062722206, 0.0659092616988346, 0.19322540939435073, 0.08382116611535775, 0.529085779744575, 0.1307940058246778, 0.13808346968024776, 0.4299463555216789, 0.14161039399914443, 0.4496440395999413, 0.07210091652814299, 0.33474261686205864, 0.0617223035727735, 0.057477406826085195, 0.1354769249379203, 0.2065216714614316, 0.16768350716059405, 0.13906427722816406, 0.1910084000274796, 0.127491318124036, 0.14287289816500812, 0.14096713635075067, 0.1598939480946252, 0.14035473650203611, 0.16305486176029912, 0.1389554313151166, 0.06376653604675084, 0.20862041588894464, 0.08440790418535471, 0.18230936609399623, 0.1221690040636951, 0.3587657189262765, 0.13696944852555662, 0.1602457018272052, 0.10512394101048508, 0.3591517605938208, 0.13958573709630098, 0.4138900173275033, 0.15175019266029846, 0.21863022781908512, 0.09133792999469173, 0.24357519935195643, 0.2247052912367508, 0.16408622919440807, 0.2554022303937624, 0.40417718317670126, 0.221764057300364, 0.4777601962059475, 0.3079422857013664, 0.3824445805994087, 0.25682756047824334, 0.46154025942087173, 0.2845336910053764, 0.1951596034834018, 0.09751397361488719, 0.15250253581131498, 0.186401827313388, 0.14751909253963058, 0.2887788557757934, 0.15274773509145084, 0.15190496036539908, 0.16855045735997998, 0.2067355994994824, 0.1758352030368372, 0.15881647126128276, 0.19545616518313946, 0.22818228048517514, 0.17343168025119948, 0.2239047773503538, 0.13081109443945543, 0.160839616563981, 0.13205178008813945, 0.15641024721165497]
2025-11-10 06:26:18 - feda2 - INFO - loss data:
2025-11-10 06:26:18 - feda2 - INFO - [0.47488531890172625, 0.17317430675029755, 0.19150764271616935, 0.21469277233971276, 0.318933374023643, 0.2935490397115549, 0.20134201552718878, 0.31596356838320694, 0.40462886228373174, 0.26027591371287906, 0.08214157700602254, 0.6432732914884884, 0.18933293828896458, 0.16867367459204174, 0.20071508456021547, 0.13275657794438303, 0.27433201391249895, 0.1485223365334892, 0.2288117429305767, 0.14691642886270226, 0.12804882575891616, 0.14895849199770636, 0.17130365645371057, 0.34831751500697516, 0.17205106316564173, 0.2961091734468937, 0.19520124596984761, 0.20696292233651237, 0.1721683304918849, 0.2064885871646845, 0.2256128539641698, 0.21500003337860107, 0.1282066120824311, 0.6233257302374113, 0.32650519753887985, 0.23212367311740914, 0.21494908103098473, 0.2847214946523309, 0.09011012812455495, 0.6092179879546166, 0.19706806015951195, 0.23600892016353708, 0.1900122968790432, 0.22797299620623773, 0.15906099687951306, 0.18869327820177384, 0.1970530692487955, 0.1414837632328272, 0.17008324241310002, 0.19428446393852172, 0.15611746008305447, 0.16812278993689178, 0.1049365929443201, 0.3928347778196136, 0.10614796269756671, 0.15538701483509487, 0.16341060834626359, 0.18994006887078285, 0.1804974521510303, 0.15790907759219408, 0.1576602546642739, 0.15959150134585798, 0.1421032681329442, 0.07913268282538324, 0.26107333035459024, 0.23174424615243205, 0.20057602164645988, 0.16131862572261266, 0.274302215470622, 0.19714200627058745, 0.14460808769799768, 0.18848640264041022, 0.29351174167316896, 0.2367078084498644, 0.1545915379445406, 0.1824444966080288, 0.2448684542439878, 0.20572757447889709, 0.08334290843292062, 0.25614347122609615, 0.18013362912461162, 0.17177486466243863, 0.33888260440774803, 1.3305525711697082, 0.07418317545008717, 0.2438916073491176, 0.15716563073249581, 0.5231387689709663, 0.15012372117489575, 0.3553553956130949, 0.2223360340576619, 0.16501246172313888, 0.19626416064177948, 0.11997876483339653, 0.17693068832159042, 0.1570455687386649, 0.19454544906814894, 0.24652845249511302, 0.1309956607874483, 0.25145284928238165, 0.06782336041438752, 0.17543465395768482, 0.10773497905271749, 0.42671844883468646, 0.26450295001268387, 0.20751721784472466, 0.13454446425804725, 0.09309361833864106, 0.10575463576242328, 0.2441572106132905, 0.15767498312989014, 0.17781454466026403, 0.09175216169678606, 0.7387315544299782, 0.1016979746054858, 0.13722562701848956, 0.14552276525156277, 0.09402893378864974, 0.038981256464747, 0.36804563202895224, 0.17493735142052175, 0.1253617750480771, 0.15897189374968765, 0.14860763097062876, 0.09641652869197123, 0.20611725142225623, 0.1498800804062436, 0.5062783360481262, 0.10855041397735476, 0.16895647785197693, 0.06063709703381531, 0.45443255691949663, 0.13977553448721505, 0.16114677876019134, 0.4466619551181793, 0.179227961559913, 0.3401791588761486, 0.07695506024174392, 0.2690979577600956, 0.0911408128360143, 0.06810668050848807, 0.10961048723876719, 0.16409642342478037, 0.2144876561748485, 0.12797026747935697, 0.1790001356075036, 0.1561303330740581, 0.16911143828825703, 0.13277507649719533, 0.2155462647052972, 0.13784663892918447, 0.1525570929405235, 0.1647879051355024, 0.11178651154914405, 0.18076453025205053, 0.18057836079970002, 0.16852891003677192, 0.12656393949873745, 0.27162978182812886, 0.14791492955236318, 0.15586234298695265, 0.07749501424841583, 0.3432970335945869, 0.12189947450533509, 0.4597726520867302, 0.1504156960417395, 0.1597440813978513, 0.35532159123641366, 0.2857048660516739, 0.20570561247877778, 0.15786564594478175, 0.17585050514899195, 0.19094884941975276, 0.20952546977593253, 0.3118779013554255, 0.22803156187624804, 0.27734758627825773, 0.19190993910419873, 0.25094241090118885, 0.19496476038804522, 0.19676468721949136, 0.21670958836023746, 0.21962921489030124, 0.16833065347507215, 0.12734239296458139, 0.14008750300854445, 0.12604131219117437, 0.1321687769158271, 0.13393710330938516, 0.20393708135741645, 0.14252719199606056, 0.20684156585484742, 0.14749589537907587, 0.2146408386087339, 0.17377695050806952, 0.17310576490929414, 0.16908658116257616, 0.15109417686101834, 0.20607237870405826, 0.18755920783927044]
2025-11-10 07:20:56 - feda2 - INFO - loss data:
2025-11-10 07:20:56 - feda2 - INFO - [0.47488531890172625, 0.17317430675029755, 0.19150764271616935, 0.21469277233971276, 0.318933374023643, 0.2935490397115549, 0.20134201552718878, 0.31596356838320694, 0.40462886228373174, 0.26027591371287906, 0.08214157700602254, 0.6432732914884884, 0.18933293828896458, 0.16867367459204174, 0.20071508456021547, 0.13275657794438303, 0.27433201391249895, 0.1485223365334892, 0.2288117429305767, 0.14691642886270226, 0.12804882575891616, 0.14895849199770636, 0.17130365645371057, 0.34831751500697516, 0.17205106316564173, 0.2961091734468937, 0.19520124596984761, 0.20696292233651237, 0.1721683304918849, 0.2064885871646845, 0.2256128539641698, 0.21500003337860107, 0.1282066120824311, 0.6233257302374113, 0.32650519753887985, 0.23212367311740914, 0.21494908103098473, 0.2847214946523309, 0.09011012812455495, 0.6092179879546166, 0.19706806015951195, 0.23600892016353708, 0.1900122968790432, 0.22797299620623773, 0.15906099687951306, 0.18869327820177384, 0.1970530692487955, 0.1414837632328272, 0.17008324241310002, 0.19428446393852172, 0.15611746008305447, 0.16812278993689178, 0.1049365929443201, 0.3928347778196136, 0.10614796269756671, 0.15538701483509487, 0.16341060834626359, 0.18994006887078285, 0.1804974521510303, 0.15790907759219408, 0.1576602546642739, 0.15959150134585798, 0.1421032681329442, 0.07913268282538324, 0.26107333035459024, 0.23174424615243205, 0.20057602164645988, 0.16131862572261266, 0.274302215470622, 0.19714200627058745, 0.14460808769799768, 0.18848640264041022, 0.29351174167316896, 0.2367078084498644, 0.1545915379445406, 0.1824444966080288, 0.2448684542439878, 0.20572757447889709, 0.08334290843292062, 0.25614347122609615, 0.18013362912461162, 0.17177486466243863, 0.33888260440774803, 1.3305525711697082, 0.07418317545008717, 0.2438916073491176, 0.15716563073249581, 0.5231387689709663, 0.15012372117489575, 0.3553553956130949, 0.2223360340576619, 0.16501246172313888, 0.19626416064177948, 0.11997876483339653, 0.17693068832159042, 0.1570455687386649, 0.19454544906814894, 0.24652845249511302, 0.1309956607874483, 0.25145284928238165, 0.06782336041438752, 0.17543465395768482, 0.10773497905271749, 0.42671844883468646, 0.26450295001268387, 0.20751721784472466, 0.13454446425804725, 0.09309361833864106, 0.10575463576242328, 0.2441572106132905, 0.15767498312989014, 0.17781454466026403, 0.09175216169678606, 0.7387315544299782, 0.1016979746054858, 0.13722562701848956, 0.14552276525156277, 0.09402893378864974, 0.038981256464747, 0.36804563202895224, 0.17493735142052175, 0.1253617750480771, 0.15897189374968765, 0.14860763097062876, 0.09641652869197123, 0.20611725142225623, 0.1498800804062436, 0.5062783360481262, 0.10855041397735476, 0.16895647785197693, 0.06063709703381531, 0.45443255691949663, 0.13977553448721505, 0.16114677876019134, 0.4466619551181793, 0.179227961559913, 0.3401791588761486, 0.07695506024174392, 0.2690979577600956, 0.0911408128360143, 0.06810668050848807, 0.10961048723876719, 0.16409642342478037, 0.2144876561748485, 0.12797026747935697, 0.1790001356075036, 0.1561303330740581, 0.16911143828825703, 0.13277507649719533, 0.2155462647052972, 0.13784663892918447, 0.1525570929405235, 0.1647879051355024, 0.11178651154914405, 0.18076453025205053, 0.18057836079970002, 0.16852891003677192, 0.12656393949873745, 0.27162978182812886, 0.14791492955236318, 0.15586234298695265, 0.07749501424841583, 0.3432970335945869, 0.12189947450533509, 0.4597726520867302, 0.1504156960417395, 0.1597440813978513, 0.35532159123641366, 0.2857048660516739, 0.20570561247877778, 0.15786564594478175, 0.17585050514899195, 0.19094884941975276, 0.20952546977593253, 0.3118779013554255, 0.22803156187624804, 0.27734758627825773, 0.19190993910419873, 0.25094241090118885, 0.19496476038804522, 0.19676468721949136, 0.21670958836023746, 0.21962921489030124, 0.16833065347507215, 0.12734239296458139, 0.14008750300854445, 0.12604131219117437, 0.1321687769158271, 0.13393710330938516, 0.20393708135741645, 0.14252719199606056, 0.20684156585484742, 0.14749589537907587, 0.2146408386087339, 0.17377695050806952, 0.17310576490929414, 0.16908658116257616, 0.15109417686101834, 0.20607237870405826, 0.18755920783927044]
2025-11-10 21:44:27 - feda2 - INFO - loss data:
2025-11-10 21:44:27 - feda2 - INFO - [0.4560898239366137, 0.23379509026805562, 0.2031883073349794, 0.2477742696542911, 0.22483829139121647, 0.2770490935072303, 0.23896718131644384, 0.4030423135807117, 0.4067767618322059, 0.22520306023458642, 0.08736294141804254, 0.7544599920511246, 0.24379135077090366, 0.1983756800021591, 0.18439721781760454, 0.1521704968375464, 0.43730117566883564, 0.15014828654300225, 0.17199507850254403, 0.13231042906215104, 0.16028355916753792, 0.216265463848583, 0.15295350353368445, 0.4946115134578002, 0.1923453177038867, 0.22672812384553254, 0.1928128836905224, 0.21644190169904953, 0.1922020703230215, 0.2554886254441479, 0.25896700471639633, 0.21421305602416396, 0.21680865946691483, 0.28387750146212054, 0.4192252236892257, 0.20375435364743072, 0.173035344046851, 0.2661955114454031, 0.1002873279309521, 0.7127733796834945, 0.2347816650423853, 0.2565595635212958, 0.20557855696727834, 0.2177799427881837, 0.11395093755951773, 0.20177572241288372, 0.19697863298157853, 0.2660511409242948, 0.16775000170760213, 0.1739223490126039, 0.14590349408757428, 0.21173275482693785, 0.09436357814905559, 0.6359346210335691, 0.11727450556802349, 0.1594248598154921, 0.17943083758776385, 0.19236205836447579, 0.15697747329249978, 0.12822636310011148, 0.16564219047898776, 0.18150559370405972, 0.15124103416954832, 0.0785588861515862, 0.23729583227899498, 0.23418776221249415, 0.24635358061641455, 0.1480151554126115, 0.3998293193678061, 0.17112411153502763, 0.1426782382884994, 0.25600608726381324, 0.3375334463122746, 0.37072315998375416, 0.13910730618416617, 0.16353312494854133, 0.20114719420671462, 0.19316238629620386, 0.08138604957639473, 0.49687928333878517, 0.1358843175806284, 0.07190722087398171, 0.2740876033923996, 1.305964466670285, 0.07435805051564574, 0.2688324799140295, 0.15686138251271003, 0.35170474656236667, 0.1407813690447559, 0.1487342301541223, 0.20440987567417324, 0.17250197952937174, 0.3671721207598845, 0.13550787781486692, 0.12538935539002222, 0.14243432633312686, 0.2495552869513631, 0.0738599676406011, 0.09421745128929615, 0.10489808679379237, 0.07772746596870442, 0.15330197724203268, 0.10837328905860583, 0.2549734488129616, 0.1071527786552906, 0.08599967882037163, 0.09840168288120857, 0.0806566456762644, 0.11156078521162271, 0.24184832993584374, 0.15704557289765483, 0.1875489093363285, 0.23858222091851833, 0.7483298807404936, 0.08122329926118255, 0.14858654675083804, 0.1485252194702952, 0.08999303262680769, 0.06605104215514775, 0.3485325659858063, 0.20217572298965283, 0.11387123353779316, 0.1770707989510681, 0.1455680442329748, 0.12128448803298945, 0.2352053033761107, 0.12478512525558472, 0.3043020609766245, 0.1422575127799064, 0.21749771584936795, 0.09220793968221794, 0.7076238622118173, 0.1435641271993518, 0.1555104998580646, 0.3328247874975204, 0.19331776156156721, 0.376378846139862, 0.08569820737466216, 0.31073759868741035, 0.08742786779587802, 0.07916240279491131, 0.13112720857927765, 0.13140420919578327, 0.2266553545681139, 0.11567660342705877, 0.11933892795109544, 0.09891565411041181, 0.1592305890637739, 0.14775471307473026, 0.1910248787975625, 0.1397156891739531, 0.22900480754850877, 0.09813302437153956, 0.09190856144123245, 0.1947159851359873, 0.09885644866153598, 0.16650486749429733, 0.15774273202539635, 0.20862505511779872, 0.16538464105442952, 0.14158803219532315, 0.10065984730608762, 0.28685773689395344, 0.1397194282229369, 0.3852193154833423, 0.1285004411770058, 0.3115559983067214, 0.08098898607176334, 0.20949934547146162, 0.22727733799256383, 0.1594810822540182, 0.11903966800309718, 0.4917136975253622, 0.17606772035360335, 0.45603128607597265, 0.2656413155075695, 0.33269895658153914, 0.25280669050012855, 0.2627321034669876, 0.18394228002137464, 0.19190144144858307, 0.08438843795049347, 0.16950189049045244, 0.196055527881552, 0.16469382590000647, 0.22385906428098679, 0.17165314985507707, 0.17226606182268134, 0.3437180735737733, 0.20088636760528272, 0.1602813820836359, 0.19427316281944512, 0.26830399158949914, 0.2126620410892524, 0.19513008818746758, 0.1235295213951633, 0.1719268217150654, 0.1945767128640742, 0.14268305957583444, 0.14489633152261377]
2025-11-11 15:49:19 - feda2 - INFO - loss data:
2025-11-11 15:49:19 - feda2 - INFO - [0.4618368965751152, 0.2676689780006806, 0.1862544568064503, 0.2559752441463834, 0.2903910279273987, 0.2503032467017571, 0.20548442179071053, 0.32785211857408286, 0.3904379849371157, 0.23876681675513586, 0.0699545399407492, 0.35603134830792743, 0.19563921127331296, 0.17186282538198705, 0.19354937163492042, 0.18588271802291273, 0.37422676756978035, 0.15083354634575938, 0.15126316326445546, 0.23672564504134547, 0.12489755101271748, 0.16117313924848928, 0.1855759741042372, 0.3672706769093087, 0.18509454550579763, 0.2397327225189656, 0.18878206522449065, 0.2188696723039213, 0.16106726755590542, 0.2170082094228786, 0.25403069828947383, 0.19738210388459265, 0.14230465551372617, 0.3279060034372378, 0.5085213966994432, 0.18752920053278405, 0.1949445080632965, 0.25847460282966495, 0.07033885305281729, 0.7519542194902897, 0.19692208609361758, 0.21174412661542497, 0.18867907458916305, 0.18998462902919316, 0.1254888461359466, 0.2075701255228493, 0.18015893486638865, 0.24098647758364677, 0.15532320436267627, 0.15801263615292938, 0.15253915095134923, 0.1970124595978281, 0.09649211954876638, 0.4582971445595225, 0.1163095156800969, 0.15372610102286158, 0.18257619471599656, 0.14917841848606866, 0.13544694718439132, 0.1537343068048358, 0.14138009844752092, 0.1411468058358878, 0.13192094253775266, 0.06331593326670243, 0.22933901015382546, 0.22715138826195314, 0.11218355192492406, 0.1524533147790602, 0.28422963060438633, 0.18601517786737531, 0.10782323691528291, 0.2626108568507334, 0.3086108530912062, 0.29699990758672357, 0.14562974793269584, 0.15102995991085966, 0.2907656385563314, 0.22356779410160688, 0.07605981670458277, 0.3705327222123742, 0.09957447433127807, 0.2183985108276829, 0.3180878470959821, 1.3552472434290077, 0.07975482262742074, 0.24269063584506512, 0.1478946345786636, 0.431808240711689, 0.14217121925515433, 0.22269012220203876, 0.19213383318856359, 0.1646048972450629, 0.39011397336920106, 0.10672775628652585, 0.10909510497003794, 0.12631952160570237, 0.24683205286661786, 0.10682116285897791, 0.09707194345537573, 0.17269741097026362, 0.07041139486066711, 0.1624853052198887, 0.07725620807226127, 0.4232019997876266, 0.1560990773141384, 0.1682911291718483, 0.12825911907622448, 0.0876803494264515, 0.05261146812699735, 0.21488052979111671, 0.16247528453047078, 0.15061315572981177, 0.15205650806480359, 0.7325373329843083, 0.09444943241154155, 0.133061318213629, 0.14397457890996807, 0.061147722182795405, 0.04403102175834087, 0.30309211046551354, 0.17417688459002723, 0.09871674282476306, 0.1523511021331485, 0.14165888194526943, 0.13672288034496638, 0.1830516211115397, 0.11128501361235976, 0.44609153270721436, 0.06661421473836526, 0.21261618807604687, 0.07841331269480109, 0.5394525558141798, 0.14695535271444865, 0.16623434000170956, 0.42430099844932556, 0.1563921066533242, 0.3472896979835171, 0.05123469908721745, 0.2924365922808647, 0.07366132707773851, 0.05033927062042774, 0.12866115282235693, 0.17148724178734578, 0.1702676210552454, 0.12989182427133383, 0.14003401718519887, 0.14129078965634106, 0.14476676105425276, 0.15006589979642196, 0.1916458724360717, 0.13778228686544403, 0.1701970017914261, 0.12866147180708745, 0.07887631153086355, 0.20010505553812083, 0.11862305318936706, 0.1936045990516551, 0.07326160277275798, 0.23595443354653461, 0.15767457679632985, 0.14845115605249315, 0.11165760559961199, 0.3521400871089636, 0.1271597619789342, 0.41685387090770887, 0.12712706081515204, 0.17566745885026952, 0.15896738696700105, 0.26926290647437173, 0.2438937449362129, 0.1626222344308064, 0.18274421707416574, 0.3298627865190307, 0.21780393154670796, 0.3391739065644511, 0.17068589159420558, 0.22001296121241717, 0.22547257611335353, 0.22704386338591576, 0.16277378493838984, 0.19254801931002966, 0.10771389447740819, 0.17282487334062657, 0.18422500431442107, 0.14663641727887666, 0.13714899805684883, 0.15027158792725576, 0.132000673521796, 0.15841827484900536, 0.19287369982936442, 0.1420605417191126, 0.1963331096495191, 0.1436135220880571, 0.14570131486183718, 0.1826779224524776, 0.11990476788246426, 0.17622879972415312, 0.17145147477977452, 0.1771101708124791, 0.16050314434493582]
2025-11-13 22:15:44 - feda2 - INFO - loss data:
2025-11-13 22:15:44 - feda2 - INFO - [0.4797560091451259, 0.3895153055588404, 0.3253193964751867, 0.3470428397328506, 0.35854936943485816, 0.3206972380479177, 0.26092200127563303, 0.3569183552948137, 0.4006297755006113, 0.2353850525493423, 0.08078467630688325, 0.6079129527012508, 0.21728064030577057, 0.18191040822722274, 0.22943956777453423, 0.23955751632650693, 0.45587419904768467, 0.18091596981608554, 0.21816836297512054, 0.14298073496077754, 0.1567193025636289, 0.19265465293393413, 0.18887057768151863, 0.30065509373028027, 0.19263354008300948, 0.3152380143292248, 0.20390228113698722, 0.23096468609499848, 0.18249907915520927, 0.26327417053930136, 0.2898653484880924, 0.20672785001806915, 0.20456190053373574, 0.16079231661278753, 0.526537253145586, 0.23749102527896565, 0.2076433300661544, 0.2686958685517311, 0.09160005146016678, 0.6758067533373833, 0.21483981553679227, 0.2510584292312463, 0.17773368883257112, 0.21812164303488457, 0.14500604709610343, 0.2242683173684342, 0.2143541680028041, 0.19787508000930148, 0.1883305091898711, 0.18532816639268085, 0.18129193475065025, 0.20933090614383681, 0.10564206896112106, 0.44496312184880177, 0.1423979371221951, 0.18177019647886372, 0.21408935760458309, 0.17916563246399164, 0.15621499996632338, 0.1560230255126953, 0.17877107388902824, 0.15013243909925222, 0.13946535594628326, 0.07620083633007328, 0.2615028206536618, 0.2605116540647071, 0.1931360239783923, 0.20998897711702047, 0.3370339895288149, 0.22300254073925316, 0.2118001095019281, 0.2528149833383698, 0.36028851706372655, 0.3377793822437525, 0.2024696187885559, 0.18856200336789092, 0.4018926028162241, 0.23808509590828164, 0.08488882656092755, 0.4230791898444295, 0.1628267288637849, 0.19689135920877257, 0.2631109101845747, 1.3603583091626996, 0.10078138777385809, 0.31140945355097455, 0.23056523138896012, 0.5114626515035828, 0.16310249765714008, 0.2629252404619295, 0.2223338852636516, 0.2130754123894039, 0.4751034850875536, 0.1579258008050206, 0.14163056047012407, 0.15905128006956407, 0.25992818114658195, 0.13210817147046328, 0.13449161567647633, 0.23404852902660003, 0.1037227583493894, 0.22858830355107784, 0.10792597552450994, 0.39145632312986356, 0.15996846929192543, 0.1836376041173935, 0.13666437731052822, 0.12367870671173128, 0.11202413239516318, 0.25684656761586666, 0.1894175585937397, 0.1890718468689713, 0.18200168572899808, 1.0523135654628277, 0.1546320089449485, 0.15303288709955284, 0.1694543805104076, 0.09152251295745373, 0.06001618841233162, 0.34629525762284175, 0.22905315865895576, 0.10637516970746219, 0.1757394094308395, 0.17719485516190753, 0.16064803428819469, 0.26072433963418007, 0.19524959598978361, 0.34024589881300926, 0.10518098389729857, 0.24919572378183413, 0.10471138002866587, 0.52134619873745, 0.17200258527473922, 0.20747887518686745, 0.42461132556200026, 0.19244308842878255, 0.3284560152544425, 0.08509830827824771, 0.27400651946663857, 0.11747319998147969, 0.08675592240447608, 0.16746357590149064, 0.16860167662564077, 0.22597714699804783, 0.16614496413814395, 0.17804769799113274, 0.15011365447814268, 0.16296286763751816, 0.19057385891163156, 0.22087863019030346, 0.1700160924366665, 0.22263898518646047, 0.1251935636314253, 0.08656690356438049, 0.20826357868018336, 0.11350869666785002, 0.21801459033173531, 0.1416298777867968, 0.2815856191196612, 0.19708424248454864, 0.18138348397788132, 0.13084106175228954, 0.41880071258697754, 0.14837861927226187, 0.4678771098663744, 0.18317259370308855, 0.21082053072750567, 0.18841408039084995, 0.33060887704292935, 0.2997958450112492, 0.21244865726830364, 0.17084587328135967, 0.2829431369590263, 0.26684836225273706, 0.4475805046886467, 0.22319173453641789, 0.29447068373576324, 0.255203562285537, 0.24561836384236813, 0.2160867698814558, 0.21419872257571954, 0.13332310632655495, 0.21039590388536453, 0.21106413836376026, 0.1771425277206511, 0.18518987577408552, 0.18511818994123203, 0.1778637223161649, 0.1762142883532721, 0.233393399641873, 0.18774981704679716, 0.24015812141199908, 0.20056481649608987, 0.2034068694828372, 0.23420472622204286, 0.20763987251396837, 0.19973280294133083, 0.21662924641176412, 0.19948552795020597, 0.19181861951947213]
2025-11-14 12:10:37 - feda2 - INFO - loss data:
2025-11-14 12:10:37 - feda2 - INFO - [0.4995225421262027, 0.393555648624897, 0.3375016474953064, 0.40801592180995566, 0.41897770685368574, 0.2654781055947145, 0.27205550936715944, 0.44690669250364107, 0.48181310884262385, 0.24322842496136823, 0.08546254659202719, 0.7199147343635559, 0.2480296604335308, 0.2222619104231226, 0.3064278016487757, 0.1940492646768689, 0.4644276648759842, 0.17713933582662753, 0.2471485139224036, 0.2198270745005478, 0.18592070007386308, 0.16513362156110817, 0.15002779269367844, 0.396241226282559, 0.18598934828948516, 0.2967237706761807, 0.21654512775702434, 0.23615511192660993, 0.20478657317226348, 0.2746935289191163, 0.30416327590743697, 0.1599608021788299, 0.18073001466691493, 0.11563046685187146, 0.43555703465091555, 0.22045022047435245, 0.21610315640767414, 0.29819184076040983, 0.11861722644728918, 0.5505022794008255, 0.23888184543399288, 0.2865295439958572, 0.19447423913516104, 0.21138307489812946, 0.18085071351379156, 0.18513284102184596, 0.2293933096031348, 0.27733340486884117, 0.1748383736149186, 0.2048612564410034, 0.1631049675785977, 0.23343278245444882, 0.10455267207181373, 0.6640375595229367, 0.12288153077959298, 0.17619070985718915, 0.23858959786593914, 0.20761937306572992, 0.1947722714394331, 0.22776293009519577, 0.15763285758158008, 0.24132439936511219, 0.11510843517524856, 0.07685083226831575, 0.27403224291853034, 0.22165917597063212, 0.24232508117953938, 0.1934737940540626, 0.43358227175970876, 0.20771318760234864, 0.18137159403413533, 0.2815830747820049, 0.3769304095564977, 0.4019053503870964, 0.20984989465416773, 0.19486872072642047, 0.2232625475153327, 0.2397363361047566, 0.09161771510140776, 0.5491324523463845, 0.15448874790364733, 0.2076129550114274, 0.25247288557681413, 1.3109757796577786, 0.10191766373269881, 0.40307031075159705, 0.2303326109615274, 0.5395107741157213, 0.1842267363642653, 0.24328198083318198, 0.22930130176246166, 0.20289121410148084, 0.401097354789575, 0.15682999923339358, 0.14001662842929363, 0.1307728287730632, 0.28640487883239985, 0.24603459727950394, 0.15467935148626566, 0.13594702276616144, 0.13215284642333594, 0.23670811702807745, 0.11057891324162483, 0.4536399531724124, 0.1626472370699048, 0.19496840424835682, 0.12037867622879836, 0.11384267325942907, 0.12704554852098227, 0.3227069402734438, 0.1988713902549754, 0.19245040435986271, 0.20021720947115682, 0.7342480974892776, 0.17317546841998893, 0.17381876290822773, 0.16757874747150037, 0.11026412132196128, 0.1069970794666845, 0.3460687198676169, 0.1935068722082568, 0.13813809142448008, 0.16289132881155682, 0.16198485160309514, 0.1377609242396108, 0.21937753854749295, 0.1644490510225296, 0.3852783292531967, 0.09642173023894429, 0.24800016225428728, 0.09863241802712974, 0.5644712487835137, 0.16453235086641815, 0.2036338511346959, 0.44040159732103346, 0.17900236868964775, 0.4270194574044301, 0.09672074858099222, 0.30465414747595787, 0.10960544626980734, 0.09277124006229524, 0.175565463895707, 0.22947990257096917, 0.23151681184147796, 0.15255375132945023, 0.20801700497495718, 0.1454023092519492, 0.16989414159465455, 0.18297316038204348, 0.20384363800679384, 0.16693004061489355, 0.2141593846026808, 0.17302295858971775, 0.09159939792201233, 0.20670626561496902, 0.1011596666648984, 0.2391538481013133, 0.13930420122610834, 0.18781012908688613, 0.17213235951535272, 0.19034377432631694, 0.12783569806876283, 0.38772401495430714, 0.18489077913885316, 0.4091621336455529, 0.190680340634308, 0.2797792016218106, 0.36585937226370263, 0.2882378917808334, 0.24448803092818708, 0.21092352636487988, 0.2663016208137075, 0.31433611144311724, 0.25110577015827096, 0.44642819225657404, 0.32061981808926376, 0.40020217425350485, 0.2624882061419816, 0.42074842378497124, 0.28693006187677383, 0.22701406235305163, 0.18725106561262356, 0.18491681242982547, 0.20320154058341033, 0.18868844686418673, 0.255949583525459, 0.18715373273428068, 0.20761609409490356, 0.20057569670936337, 0.23015286723295084, 0.20403372886023302, 0.18513607134421667, 0.22660937905311584, 0.24478258721922574, 0.21533324112757468, 0.2280731188968338, 0.1576291272815849, 0.20713467140959257, 0.18549304887918489, 0.17634686945627132]
2025-11-14 21:42:22 - feda2 - INFO - loss data:
2025-11-14 21:42:22 - feda2 - INFO - [0.49068554911924445, 0.41933136309186614, 0.3325565622116511, 0.31555366124731565, 0.2979105542702921, 0.25634342059493065, 0.26970227541668074, 0.5177407406580945, 0.42723909687054784, 0.23207663123806316, 0.09734231499757862, 0.8465787917375565, 0.2592908557516875, 0.21550978623844427, 0.26664614056547487, 0.15756655285755794, 0.4967504218220711, 0.159704190654386, 0.22501990982684597, 0.21685967604571488, 0.16349847716200452, 0.17709025901366168, 0.19242934121393773, 0.3759470402116054, 0.20317418912712198, 0.2596497624181211, 0.20687714372516464, 0.24064010465240587, 0.22168282816267532, 0.340641292621908, 0.3268359278639158, 0.2190022119320929, 0.22390748518519105, 0.2111760127940215, 0.49928070915242034, 0.2067326245208581, 0.1774605814057092, 0.4703428614884615, 0.17244834840918583, 0.5655242517590523, 0.2739100567782405, 0.31098434900244076, 0.20101548243934908, 0.24051079913400686, 0.1405658923710386, 0.2141492723200757, 0.23735249352951843, 0.2881308843692144, 0.18708099784063442, 0.19880917830098616, 0.1974712535738945, 0.2405773180357197, 0.11074272720387596, 0.4740902528787653, 0.13936117102320378, 0.1893588599015376, 0.2691799209763606, 0.212045194581151, 0.16618375945836306, 0.18732792139053345, 0.18324981401111562, 0.19765924429520965, 0.1621613719367555, 0.0913040003610409, 0.26133495870117956, 0.24129000561230857, 0.26758330315351486, 0.18342721409031323, 0.3697761700799068, 0.22434640284627677, 0.1978024996817112, 0.28561084839554196, 0.39238284544452373, 0.36605688370764256, 0.18649462030093739, 0.17111285217106342, 0.20813528280705212, 0.2390527070993897, 0.09524241411927505, 0.4259979035705328, 0.1857370981015265, 0.11315444546441236, 0.27244448585831077, 1.4816266090973564, 0.10186548676929073, 0.338544045885404, 0.1912844166971552, 0.44741453509777784, 0.22266456646223864, 0.15024726397286242, 0.21837916231015697, 0.2297486209175617, 0.5109969253341357, 0.2100603335901447, 0.19711358038087687, 0.18895040159778936, 0.24169038329273462, 0.11652646446600556, 0.13344328811702627, 0.09435715741710737, 0.10597593556695546, 0.2892953877647718, 0.1289441810610394, 0.3277676023285965, 0.1643297402188182, 0.16925540193915367, 0.11615784068663533, 0.1267999037921142, 0.11303750099614263, 0.2991055805856983, 0.18924179300023564, 0.235918118522085, 0.2526619715349322, 1.0426016515741745, 0.22967810432116192, 0.1667708687741181, 0.16733272858454207, 0.13841293146833777, 0.09028535191184626, 0.392750745639205, 0.24059682868066287, 0.15175462746992707, 0.1905133978308489, 0.183982480149296, 0.14881003077687888, 0.2947900044516875, 0.10590784810483456, 0.36504122614860535, 0.16064879787154496, 0.26875964890344484, 0.10046125475529175, 0.6626637972805691, 0.16117070466770153, 0.20550022061484363, 0.34678735844790937, 0.22142520693263837, 0.361306889842336, 0.10986456112004817, 0.3915279507637024, 0.11989661347335921, 0.10881393284608538, 0.21084584502260323, 0.21283127994913803, 0.25699830893427134, 0.13552371108610378, 0.17867513752446093, 0.12526451718683043, 0.20824980735778809, 0.20129708145643294, 0.21106979535206366, 0.1708752631964483, 0.2827051067281337, 0.13501931425804892, 0.12643637977695713, 0.2064876951818616, 0.13984726928174496, 0.23725882461533332, 0.18274063689526743, 0.20819985028356314, 0.19042608456914883, 0.18020810018368494, 0.11254260934268434, 0.36457045498089147, 0.2143337843939662, 0.3938513988306602, 0.1760500586942594, 0.3432734793672959, 0.10833229926916269, 0.274372188684841, 0.24310716856271028, 0.21769978450066682, 0.1589315237943083, 0.3715786061560114, 0.22324389506441852, 0.48892518985820443, 0.36038981394709224, 0.38004559342717303, 0.25715535667178957, 0.33802179992198944, 0.23567299641992734, 0.22292174943364584, 0.13483446968817397, 0.22476929742842913, 0.21569104578154974, 0.20337562005107218, 0.2457635272294283, 0.20331324821331828, 0.23302910525513731, 0.2806538095616776, 0.23534763902903366, 0.21472177057173747, 0.2409449925025304, 0.28230316936969757, 0.2607389361058411, 0.23817804620529598, 0.20381211322443238, 0.21135888581297227, 0.22792246651190978, 0.19362785347870418, 0.18764495297024647]
2025-11-23 01:28:38 - feda2 - INFO - loss data:
2025-11-23 01:28:38 - feda2 - INFO - [0.6053957847934781, 0.5915208412955204, 0.39415123937651514, 0.3059339920679728, 0.4260899803290764, 0.6249498424585909, 0.4550563960656291, 0.4060781926123632, 0.3211491586245371, 0.1668682653316258, 0.3706848185716404, 0.15015019305671257, 0.11336061030548686, 0.2862480727926595, 0.49388595055788753, 0.12046971412686011, 0.22585585964811294, 0.4399705693953567, 0.22989427618449554, 0.22657706232275812, 0.6852764740719327, 0.17739461148206223, 0.6227071655622846, 0.5290885589018997, 0.1561070184999456, 0.19115356460864108, 0.28757795232037703, 0.1368788679052765, 0.22302722621131388, 0.1893677591656645, 0.1230151937918409, 0.45439531592031324, 0.07910912258125286, 0.91401006684949, 0.21954479523830944, 0.13005034287828798, 0.2570603934984926, 0.2535793259739876, 0.14593894823509104, 0.250570485368371, 0.16993141506488124, 0.06808214028230092, 0.5313460886389727, 0.21267100733827893, 0.2070481768498818, 0.16299658821274837, 0.13968716353798905, 0.23710305107727883, 0.14588989128048221, 0.16572876309863094, 0.18844410122343988, 0.20026994426593636, 0.17686206305853458, 0.23968783269325894, 0.2133466217201203, 0.2808432925758617, 0.13804934203258848, 0.13321445738907817, 0.10913165788432316, 0.15692070813031134, 0.11192441595412675, 0.7753915252784889, 0.17732787229628727, 0.19534530936825006, 0.2811164345060076, 0.2004682278260589, 0.1694434406734737, 0.12097914620980565, 0.25565227782270605, 0.12487281489399417, 0.2323716829043059, 0.21764563836290368, 0.1801609257236123, 0.13951858424121988, 0.21125326887704432, 0.20558202333216158, 0.14203077044027548, 0.1437563830347476, 0.1004550966899842, 0.17860133049332283, 0.13217411486777675, 0.12553003554542858, 0.2768345287380119, 0.20781075696660473, 0.2513402566934625, 0.20982989752100725, 0.14831954839949807, 0.16544492963391044, 0.5036061809191273, 0.15855677785972752, 0.18213949234091809, 0.13255562247341554, 0.16465861368924378, 0.10079301776187051, 0.15277505064891145, 0.24360302841292542, 0.25865915525771144, 0.11894851958883616, 0.07703915778547525, 0.29354526629405364, 0.11102949497289956, 0.2552405810709317, 0.15300197284668685, 0.3104068379228314, 0.07317647150096794, 0.5238571264115828, 0.16518961050067887, 0.2832776252180338, 0.09856938202024644, 0.9256927159925301, 0.22943493688793537, 0.08963162013226085, 0.27584168397718006, 0.22031387639719816, 0.24338325820863246, 0.19591669319197536, 0.20705817994617282, 0.2194696341508201, 0.17289568115957082, 0.19695145614179116, 0.10533421212393376, 0.2657033310441131, 0.2063249300367066, 0.33059815137780135, 0.22314918134361506, 0.1113021257139432, 0.6434265497539724, 0.2067940723674176, 0.1937070631002094, 0.40076332311663365, 0.2135251179182281, 0.2192596482216484, 0.29360982860353857, 0.21071799965834037, 0.227795348201956, 0.17534294099183406, 0.09297983739913131, 0.9732733885447185, 0.3070527236599446, 0.2629237832708491, 0.205287299817428, 0.16378046369756616, 0.1955334243364632, 0.18367198315035138, 0.14530566864247835, 0.18817265584560422, 0.3366084664335681, 0.1275690032634884, 0.4131382703781128, 0.21880589245212456, 0.15240188662640075, 0.2258294038888481, 0.2453686974265359, 0.18138477427973634, 0.26271532848477364, 0.15982036353088916, 0.1717253363344307, 0.258119098367613, 0.21219090616796166, 0.17303614967557437, 0.18022034629913314, 0.1818540944370861, 0.16619254392571747, 0.26440540663897993, 0.15623134829026336, 0.33693173665863774, 0.1775115089152347, 0.19322486566379665, 0.28257675057726117, 0.2781241135671735, 0.17083891494707626, 0.2304025384682146, 0.30027835369110106, 0.24163134905199207, 0.3017936563277285, 0.2128152558580041, 0.19826420167874959, 0.20621287102241898, 0.1798175496552239, 0.17236188370734454, 0.22527412682150802, 0.3524093690017859, 0.2236182224083071, 0.23170813694596293, 0.21869311418147788, 0.21172064613728298, 0.20034536570310593, 0.199521152023226, 0.20823123479882877, 0.19246699108875223, 0.19112169009943802, 0.2217734105011914, 0.2537043131887913, 0.27081746817566454, 0.1698604392735029, 0.18939718066581657, 0.18785787534323475, 0.22575835312406223, 0.14840366185149725, 0.14380223493402203]
2025-11-23 06:29:13 - feda2 - INFO - loss data:
2025-11-23 06:29:13 - feda2 - INFO - [0.4355612686709859, 0.9511327234270808, 0.5921268973212976, 0.38040237148428907, 0.43911175950490244, 0.2914371740255904, 0.26132546493624287, 0.1726839995632569, 0.27684688285450665, 0.2774518453780823, 0.2767135202247454, 0.17589373710111547, 0.2670736662470377, 0.1545863886764542, 0.23996033773291855, 0.1058006893620283, 0.38041852527986403, 0.07159141919819975, 0.2553322604416232, 0.1920730517890591, 0.19212665219003192, 0.06083821717973998, 0.33912651322137277, 0.1449383586579456, 0.15479489043431577, 0.2988153902383951, 0.1904273921671586, 0.04955472496778264, 0.2986889782961202, 0.16571165508577143, 0.17425913252254838, 0.27360760026162695, 0.23566914042457937, 0.11399717705372053, 0.43786254418747766, 0.1068942414668317, 0.8096065632998943, 0.21234192133651697, 0.2011471320516788, 0.23880049102008344, 0.1317148167736877, 0.25597579825831496, 0.15114558164632907, 0.20982535968128685, 0.1717999562000235, 0.08456929150699927, 0.21046953438936944, 0.2663630366868336, 0.16268473394880764, 0.15972666775083377, 0.06420248291005219, 0.03300574161126167, 0.4334380296058953, 0.23100278519003498, 0.19850247774435126, 0.13787555124872597, 0.2417214894581488, 0.3194494576981435, 0.2683560569371496, 0.19249274756651943, 0.12819993027831844, 0.19326974691058962, 0.21693973645317155, 0.7251831889797662, 0.2540993259574931, 0.12104574340046384, 0.10028383868224669, 0.13696736276973612, 0.28982861036140667, 0.232109674175543, 0.1597869409006163, 0.1072006213022784, 0.22703860281035304, 0.1401488560822881, 0.18390683280841374, 0.12734156558040663, 0.02459572474721686, 0.2861767348316443, 0.20568848481940988, 0.12619189588496318, 0.1950649084129299, 0.10612264074942296, 0.11084692974579341, 0.13197350194446372, 0.11059417952604306, 0.23105729519843293, 0.22316887509077787, 0.3409209628012918, 0.1304242093407723, 0.325813919953678, 0.15386875981072845, 0.21741766987843553, 0.20067601987662223, 0.2292378188039248, 0.15036728050177678, 0.14039178708514485, 0.12745473921279657, 0.12219098181544374, 0.1394515842527218, 0.17098040677426074, 0.10895294503231222, 0.2502924600118621, 0.07128371228847735, 0.26612772562851505, 0.16978583900401226, 0.14856078064379594, 0.1778303394148099, 0.19866156734239596, 0.08008135463266322, 0.3761610913859761, 0.09545522345504603, 0.17763091748964932, 0.09953164531243368, 0.22633839782894305, 0.15526460219049254, 0.21986468962058123, 0.21042441292665898, 0.16158026355939606, 0.18625655712094158, 0.21014146523574662, 0.16795443285094655, 0.23757019746852548, 0.2148260197189069, 0.19136010945344772, 0.21299614376122397, 0.15852585176859674, 0.19533951199087113, 0.17871968176526326, 0.2308587668473822, 0.20301260938867927, 0.19047397516829812, 0.11424180059454953, 0.1494885131609268, 0.25126813538372517, 0.13682644170923874, 0.16218507892141737, 0.28766089119017124, 0.2072701503833135, 0.33926256914806163, 0.1759423595620319, 0.19264913847948906, 0.2142976604402065, 0.2713379852835707, 0.21781191709093178, 0.14003520639127365, 0.17225023368700293, 0.1309469674522869, 0.22122607280034573, 0.14527155216245985, 0.17005626427439544, 0.20025891722425032, 0.15072292221996647, 0.17266846784562068, 0.1286053601038325, 0.17332636466231136, 0.16164446464524818, 0.18769681861417162, 0.1731531320095417, 0.2859447376270379, 0.15840165986193588, 0.25013055729035005, 0.2305607517449451, 0.17336509523061122, 0.19522674246691168, 0.15438072811453962, 0.15246901992135325, 0.24032673991618547, 0.16515401166094384, 0.1857128471900255, 0.22621584720909596, 0.11563279904824283, 0.13317480550742605, 0.21636302929180556, 0.21808615061862952, 0.22028423598722408, 0.24583890405483544, 0.2227545320128019, 0.15659329018866022, 0.10468335195244954, 0.26626167681195545, 0.21606719915411976, 0.22034234248592957, 0.17922263918001027, 0.10667001728766731, 0.2808028137577432, 0.12589066977670882, 0.11466135147553033, 0.30224966029974, 0.10210767135556255, 0.14934189889866573, 0.3330847067278763, 0.35905709751101156, 0.15837143841557777, 0.1746580677299274, 0.1510793486247874, 0.23848829647669423, 0.2501663444490221, 0.264276705806454, 0.20287281862245157, 0.26261623315513133]
2025-11-23 08:44:13 - feda2 - INFO - loss data:
2025-11-23 08:44:13 - feda2 - INFO - [0.39075312367640436, 0.3935896788265497, 0.23228823872549192, 0.859503032554957, 0.5658122522248463, 0.41282017925729997, 0.17673779129871123, 0.20369774223460504, 0.19563153105610537, 0.3056239913217723, 0.256033204185466, 0.858933025971055, 0.254560575238429, 0.2028898068396798, 0.22358161161625473, 0.10309499877427394, 0.3826117263524793, 0.08685921823295455, 0.18114455938006618, 0.23411862811605846, 0.15308474180924278, 0.5573532806398969, 0.1457747510146527, 0.5051680992224387, 0.22909743202049376, 0.15580264975627262, 0.23457026000586195, 0.6046657888662247, 0.13633329823690776, 0.21823863738047128, 0.2664718661634695, 0.25549337429844815, 0.1998346325602721, 0.14284932582328716, 0.07090030353200355, 0.23033707567180198, 0.12033245953110358, 0.33029129686765374, 0.14490516196273154, 0.21694301092435442, 0.2889823628533067, 0.26064587477594614, 0.19068194703789615, 0.232054930934239, 0.5259307506561711, 0.21713679935783148, 0.19489128187069976, 0.42302264529668415, 0.18742420178771552, 0.2462466805591248, 0.10125603627446772, 0.5170564027170518, 0.33112928047332735, 0.12232576281142732, 0.22421032045450476, 0.3035557082011586, 0.22951761865988374, 0.23700037859380246, 0.1040496858038144, 0.2754733556881547, 0.15409713943178455, 0.18660502036412557, 0.28546680696308613, 0.1305707196284936, 0.1760313682378072, 0.24583692396325724, 0.24220628947729156, 0.19241613672312463, 0.18911389781472582, 0.5866541090110938, 0.310869349580672, 0.16282813268868873, 1.0928837209939957, 0.16933649061247708, 0.16186693836934865, 0.48124547855307653, 0.3181484974477263, 0.14129625044556127, 0.1948791906470433, 0.176178622095003, 0.3359278948046267, 0.17604882479645312, 0.41187156449692947, 0.2669155056673017, 0.259021522779949, 0.5964424737418692, 0.22019998848231304, 0.2304619720671326, 0.20813379769568288, 0.43922305583126015, 0.1987592726158688, 0.09794331093047125, 0.5763662306680566, 0.36244062325832516, 0.17559756349683517, 0.14582529036505593, 0.7198117631628658, 0.20992277562618256, 0.15016749892383813, 0.20780452520549914, 0.13301169233904642, 0.24152392974462022, 0.15112397290596907, 0.17532026290427893, 0.14953919877076433, 0.07625034235385589, 0.5686493418179452, 0.21904359847928087, 0.44011647793266806, 0.19164235499088786, 0.32389723605786763, 0.30411059966056864, 0.423540370348333, 0.4778643452695438, 0.2512129024114637, 0.23209030191517538, 0.21532027069479226, 0.2245441119698606, 0.16256935779432147, 0.6434900797903538, 0.13147895616518024, 0.28255823301151395, 0.16480899793761117, 0.18859699336727234, 0.15656036813743412, 0.14676778288519562, 0.24559822580001006, 0.4731372127102481, 0.17081271787174046, 0.12871634999450032, 0.3713878642767668, 0.1533294682856649, 0.37144769715483894, 0.13254747811394435, 0.2709536239105676, 0.31574010442603717, 0.1857646565503356, 0.22228754743595014, 0.15886572992894799, 0.10913180933566764, 0.4734778242806593, 0.185306874414285, 0.20733136251060802, 0.2615056434646249, 0.14982976116563962, 0.25856103428772514, 0.25481671221770236, 0.21097839064896107, 0.23436820708553902, 0.07828405569750993, 0.41500720665568397, 0.42127742736289897, 0.20352790296345838, 0.2627511314698495, 0.24441299073043324, 0.19972498945426195, 0.14858165293440428, 0.18200559089891613, 0.48471389016644517, 0.21951960484412583, 0.2617688921901087, 0.3536489777311328, 0.24335590764089965, 0.20814880200027341, 0.25979323871433735, 0.14913739716368063, 0.08711739918217062, 0.7820517789749872, 0.3828672374909123, 0.47676963855822885, 0.16342232945478624, 0.21074336489352086, 0.38043464731537935, 0.3371253733269193, 0.6025703428313136, 0.20016352295294984, 0.25051864375552485, 0.35895134908133663, 0.2175693241879344, 0.18090799850012573, 0.29623275037322727, 0.22829627890938095, 0.17841877923347055, 0.2008307396279027, 0.2376696356971349, 0.2653015008861465, 0.13416265695511054, 0.2637323784557256, 0.6112881265580654, 0.35265786030795426, 0.5584171004593372, 0.39031649445709976, 0.494022438036544, 0.381671527666705, 0.41443063657392154, 0.3769724146152536, 0.3644103774568066, 0.40306873087372097, 0.17871495523405345, 0.4745436627417803]
2025-11-26 14:15:07 - feda2 - INFO - loss data:
2025-11-26 14:15:07 - feda2 - INFO - [0.6076808525531581, 0.6081442674001059, 0.5545855842530727, 0.4348673277224103, 0.5877123363316059, 0.5273250762801913, 0.6934548189553122, 0.7242668345570564, 0.5395772742051067, 0.38728792174176, 1.0896023915459712, 0.23276949394494295, 0.2064552647061646, 0.5064898441623276, 0.818674003208677, 0.154297659235696, 0.29636352840397095, 0.32783822470034163, 0.2403847989917267, 0.26167895091542354, 0.8078536721212524, 0.22793300486713028, 0.6632983493885453, 0.3953428769080866, 0.18493404779583217, 0.20997174960812406, 0.32862695908794803, 0.16017434642029307, 0.2440381672054051, 0.22427986214558282, 0.14004688357167383, 0.4720427722980579, 0.10822084432406377, 0.8254348232100408, 0.20514489627546734, 0.14167634577315766, 0.3142247297434551, 0.24450952666146414, 0.16995718770240453, 0.31467268988490105, 0.19120239043453086, 0.07572205916221719, 0.6540017723682381, 0.2496803236892447, 0.26091006870071093, 0.17718425722171863, 0.1594246264236669, 0.26391155163328794, 0.15842489519466957, 0.18459289102589316, 0.22899510909690324, 0.21943190798276302, 0.2186789764169635, 0.2288566812252005, 0.23041488113813102, 0.27410294618457554, 0.1565426186447786, 0.15267829372481045, 0.13093403524586134, 0.1797955516923332, 0.12969816808617907, 0.88952934059004, 0.18315751518292184, 0.22591760477446246, 0.28785277530550957, 0.21191012480606636, 0.1822625294028382, 0.14181123282229666, 0.301038348977454, 0.1353864728405218, 0.2592983712974404, 0.2229600512023483, 0.24635338396691375, 0.13556264822906694, 0.29671368140372495, 0.21665978631270782, 0.17230016548807423, 0.15243329314417603, 0.12438148671450713, 0.20047385847252427, 0.14349817929112096, 0.15862694766283744, 0.2987255222008874, 0.24029231575384202, 0.29730305820703506, 0.16471644250365594, 0.1585526391863823, 0.15303818329703062, 0.598222827952769, 0.190816648092247, 0.21851007449218912, 0.14469111035930726, 0.20333878118544818, 0.10864999501167663, 0.1684906902392667, 0.2593757460395275, 0.31077500925000223, 0.130120471152865, 0.12325399425915545, 0.2648273485313569, 0.13870998471975327, 0.2835377018124639, 0.1946371579542756, 0.37753711796055234, 0.11781271199385325, 0.3702590602583119, 0.18662642244757577, 0.33332289196550846, 0.09691343943656344, 0.8882876299321651, 0.25990219559375344, 0.0900075100439911, 0.4061558370788892, 0.23312915317004634, 0.23138227351009846, 0.19782998079123595, 0.23274774772248097, 0.33445877502007143, 0.19943813167157629, 0.21518721509547462, 0.12786478540834245, 0.2664454708609617, 0.20850103952966276, 0.34080077654549057, 0.25291319843381643, 0.1299176077125594, 0.6279839585934366, 0.26101999775167894, 0.19777459402879077, 0.4646914638578892, 0.20483044853123528, 0.18465771940019396, 0.28605569255622953, 0.22319378497906858, 0.27243931622554857, 0.197496957230297, 0.10418881053337828, 0.9107615525523822, 0.365122013487174, 0.24124250846604506, 0.22966405345747867, 0.17623585152794563, 0.259280311409384, 0.1834435470402241, 0.1424240311142057, 0.19230552550870925, 0.34099867370807463, 0.15476059234869252, 0.4155637212944302, 0.2911001333582496, 0.19214685617786165, 0.23894710727036, 0.2629798124967651, 0.2070218860393479, 0.24058854952454567, 0.19533828180283308, 0.19318812115884879, 0.24376884499298676, 0.21497677088094255, 0.19310654037702485, 0.2135993936099112, 0.21718509050780066, 0.22554069180041553, 0.2889072004705667, 0.19131286839644113, 0.3636562184881768, 0.2224237224595113, 0.2241663908585906, 0.2846487196453381, 0.20768962831546864, 0.19859234833468992, 0.21998504193669016, 0.3488217920064926, 0.2762413756301006, 0.36722060194505113, 0.24096471584075457, 0.26347427039096755, 0.21260922671192223, 0.208552427525149, 0.18582251043990256, 0.2376041518420809, 0.3311120464156071, 0.22666245109479255, 0.23153993568072717, 0.25777954998470487, 0.2198125777677411, 0.22443074882030487, 0.23126109124471744, 0.21050321368707553, 0.2212757347151637, 0.23522883305946984, 0.29044248834252356, 0.2706307216236989, 0.29171821582131086, 0.21064055921613342, 0.21773000726742403, 0.2150117323733866, 0.26679841528336207, 0.18101003205074984, 0.1779877803598841]
2025-11-26 15:53:34 - feda2 - INFO - loss data:
2025-11-26 15:53:34 - feda2 - INFO - [0.4438885196398657, 0.8647871910706981, 0.5914687812328339, 0.38764083473172906, 0.4375200105711208, 0.32198687225380646, 0.3839693432962662, 0.3042934276163578, 0.4619572710801374, 0.3402434378787626, 0.3155942327588012, 0.21413990259648133, 0.2967408051571021, 0.18778669212523919, 0.2721916723996401, 0.11628817572269501, 0.3594280351763186, 0.09316969591968151, 0.29132216957334733, 0.2204717541256776, 0.24049786002590107, 0.06201066594387937, 0.39137918693371687, 0.17289791426752718, 0.17578653145066805, 0.33457770657080865, 0.21691483196635275, 0.04949111897296242, 0.3438917059406095, 0.18927952315341143, 0.20023764952873954, 0.30932468233954324, 0.25384571570903064, 0.11986385698382479, 0.4187890325805971, 0.15023930452596873, 0.9793288260698318, 0.274529191384155, 0.21787971243835413, 0.23789026482651632, 0.15176553177393992, 0.2785087491021208, 0.16573102870411588, 0.23146290129098374, 0.1946415480536719, 0.09540023291400368, 0.26566331789215225, 0.26733439241494483, 0.17761607241665578, 0.1689434635789237, 0.07110148209008352, 0.027673409173162543, 0.5042676001321524, 0.24154456246357697, 0.2213441446605746, 0.1269412024495458, 0.2695849886613392, 0.31674435992653555, 0.3272581277149064, 0.1481667558519313, 0.15215722059661266, 0.17674039385687462, 0.20774790395472126, 0.4306168031551351, 0.25140172092673874, 0.12257835729008851, 0.1084163931227522, 0.14160704087430181, 0.34274552603693387, 0.24208428590257364, 0.18227627698243373, 0.1129815158395407, 0.23255317704752088, 0.1551521743071221, 0.19789151288568974, 0.14509061316749755, 0.029692496207464683, 0.3138770669256614, 0.24886606286132806, 0.15097365166562107, 0.18482534693948066, 0.11654442265197368, 0.12263018894904795, 0.13508806176758253, 0.1319888955913484, 0.22997215256477013, 0.23673955247633988, 0.3317542065112364, 0.1522870818703118, 0.3918513596543799, 0.1892125611193478, 0.23319810528594714, 0.2506827453437906, 0.260242941431128, 0.16306012411816762, 0.1469274585893473, 0.14734683637926732, 0.13797579893322948, 0.1549939809717572, 0.20096048113215065, 0.19714052571604648, 0.27680157444306785, 0.07843270449026662, 0.275356829042236, 0.19624565348315698, 0.18917366745881736, 0.20256529649773586, 0.23268241775222123, 0.13486681424546987, 0.42145617166938987, 0.1081008531881544, 0.18771196183133945, 0.10169330201684856, 0.2587852153805611, 0.1658438418705303, 0.2644301446282912, 0.20865062172524632, 0.2012438982259482, 0.23020145541522652, 0.2268510983276524, 0.18264104923017432, 0.254764065636616, 0.24416225367134675, 0.2040829353750898, 0.23033941199869984, 0.17647773034016911, 0.2220107775019563, 0.19859498431906103, 0.26409009702831177, 0.32903717388398945, 0.21190928444764687, 0.12715927796820417, 0.17305942069595823, 0.30538464437883633, 0.15880790794124972, 0.18541070635740955, 0.345424787607044, 0.28468015789985657, 0.36942600669004977, 0.20445160514985522, 0.21734977267898511, 0.21636290109405915, 0.3044533478435476, 0.22217060917845138, 0.15264287563648238, 0.19844138835181008, 0.1453368929328206, 0.24713961211964489, 0.16314638308428514, 0.18299395075211158, 0.22611467065149568, 0.16752946169043964, 0.20353011110013253, 0.13395187738709724, 0.19736382103584282, 0.20019479669057405, 0.195130189984209, 0.20200750471225806, 0.32319629405226025, 0.1824631180182315, 0.2585902798347748, 0.2476540254961167, 0.1899617157522061, 0.2214803058224229, 0.1792415819453219, 0.180196810585375, 0.27432544587996094, 0.18538316568980615, 0.18785304609590617, 0.2610264501247842, 0.13520009938538785, 0.14248199409080875, 0.2427113130211066, 0.2414124876979673, 0.26917194321163396, 0.2293238560669124, 0.24061063103950941, 0.16858112693039906, 0.12208529337242778, 0.27622965105578434, 0.23658550772740533, 0.2386285173553196, 0.20107202240310257, 0.11489619348699656, 0.3711144691599267, 0.14502527937293053, 0.12584075663620845, 0.33128854878570724, 0.09877611527917907, 0.1766900860980808, 0.37335734733420867, 0.39648136813268975, 0.16636607760133654, 0.18717504748207353, 0.16200617486093608, 0.25769719896981347, 0.27217014149615637, 0.2612745257715384, 0.21558405021921945, 0.27947814625998335]
2025-11-26 17:20:11 - feda2 - INFO - loss data:
2025-11-26 17:20:11 - feda2 - INFO - [0.40532141691073775, 0.3948325729736733, 0.24091185973070206, 0.8872040527957407, 0.6049830445060225, 0.5698173397676253, 0.4767034398391843, 0.3497574741985383, 0.318618545042617, 0.43179070549085735, 0.4213076177984476, 0.5969171704990524, 0.2785277458024211, 0.3058974235530265, 0.2594233878013311, 0.12983263293281197, 0.4620020901202224, 0.11506906609671812, 0.23592272734579942, 0.2998678684678106, 0.18050339251076655, 0.5576954043159883, 0.16367039102728345, 0.5357766558549234, 0.2542236284825249, 0.17949056431340676, 0.27157531521480643, 0.5768045602100236, 0.14713781322352587, 0.29151582036336715, 0.3464043644212541, 0.2724092701733436, 0.21628589752468874, 0.14629639267611005, 0.09140316908694027, 0.194013416270415, 0.14195661776078244, 0.5371677326969803, 0.1552915716769569, 0.2389590950121009, 0.3179583200676874, 0.27113616466522217, 0.2112986008360482, 0.28783592071738984, 0.5614625498706448, 0.2700176308862865, 0.25138874672296824, 0.41573051891755314, 0.23636544731534306, 0.2640582922613248, 0.11679061295442461, 0.5776172011336755, 0.40577559801749885, 0.1266244482093801, 0.23518565936005056, 0.30766945740296725, 0.2811773238437516, 0.28109516818076374, 0.11147371730961217, 0.31883864719420674, 0.16312011564150453, 0.21754605541937053, 0.29781836085021496, 0.1517974744024484, 0.20232422935808667, 0.3188698757439852, 0.26033245317549225, 0.21320246157490397, 0.20402460823922108, 0.6320409654950102, 0.30139511119988227, 0.18710014085518195, 1.0910309618338943, 0.20068932170979678, 0.1752068281872198, 0.47308511634667716, 0.3331526827421927, 0.1571618162975129, 0.19976133294403553, 0.1960279905325955, 0.36493417620658875, 0.1982278060168028, 0.4952540928653131, 0.3130291602574289, 0.27969134413482, 0.5727715035279592, 0.22630330982307595, 0.24650325519842622, 0.21433030452823176, 0.5614606800178686, 0.19689300419164024, 0.10425120497820899, 0.6414541040680238, 0.36504137981683016, 0.20129028597979673, 0.16716957958193407, 0.789999488854047, 0.2391141668194905, 0.17057678662982864, 0.22285361634663792, 0.1589013381691819, 0.2654192691499537, 0.1585706101137806, 0.19080318592023104, 0.16369376246750889, 0.0910589329019447, 0.7057038566097618, 0.2987651790492237, 0.5341367354672967, 0.20366868371742644, 0.31188688206796844, 0.3661404218468251, 0.46629479819570074, 0.4993460396570819, 0.28677905288835365, 0.2576398125877886, 0.2345938983373344, 0.24606129155369288, 0.1884234139113687, 0.6465505285188555, 0.15706350307445974, 0.2861218675971031, 0.2038683956178526, 0.24070787014947698, 0.18719799909740686, 0.1629409381356206, 0.3229438328145382, 0.46307865613036686, 0.16003099316731095, 0.14175272228741886, 0.44632423344467365, 0.17021269036146502, 0.39548215181990104, 0.15694643164364, 0.2630484418477863, 0.3622716433283958, 0.21341179734603924, 0.22706516874446112, 0.16642031725496054, 0.11487934812903404, 0.5181100149121549, 0.1643771509019037, 0.259411320880507, 0.28817913476377727, 0.17327617323430983, 0.29346319299841683, 0.278930567069978, 0.22038912829011678, 0.2725758435204625, 0.10231982646510004, 0.42019246749225114, 0.4993777781104048, 0.20434757265205863, 0.26277104277784624, 0.24776464818222893, 0.20494015807441127, 0.16586101588068736, 0.20739938526724777, 0.5269493841650811, 0.24443676864559, 0.3695585718067984, 0.3935942438298038, 0.2669441457555601, 0.23721485557979433, 0.301354738469753, 0.17927951747995047, 0.10882117683067918, 0.7662598921784333, 0.43660887343188126, 0.5637203330794971, 0.18009899916230804, 0.2263025783623258, 0.4422373540106822, 0.3741878139024431, 0.6678422912955284, 0.2239382327594734, 0.2644762699270532, 0.41065272657551627, 0.25665486183549674, 0.19328417123428412, 0.32576228953188374, 0.20577088732361085, 0.1869296321334938, 0.25181280613566437, 0.2457554459660536, 0.2947336878184052, 0.15123017875344624, 0.2824074418961324, 0.6145145818591118, 0.3857484995620325, 0.5614419113844633, 0.47128364719126536, 0.5608072068010057, 0.4003819647644247, 0.494198534807021, 0.4044216005442043, 0.3996505841845647, 0.3707486321883542, 0.2070070664341928, 0.4935806058347225]
2025-12-18 06:40:04 - feda2 - INFO - loss data:
2025-12-18 06:40:04 - feda2 - INFO - [0.62138864894708, 0.6178055463979641, 0.41882041396309777, 0.2887862701512252, 0.4793632379733026, 0.5742546065555265, 0.42843804281922837, 0.45847908906036555, 0.4786269120872021, 0.16759901695040752, 0.31204288297878446, 0.15883306968146815, 0.14528492642808463, 0.37281840626431706, 0.5886862372979522, 0.12891732594257013, 0.2898740558788025, 0.2274694972581023, 0.21958927226272257, 0.19615488150415736, 0.5609306564841132, 0.16623104015343415, 0.4639412804715448, 0.3148771427876671, 0.16237397654266617, 0.19828442111611366, 0.2994490619748831, 0.15757903814264862, 0.21841674583653609, 0.22988430997356774, 0.11614900558165069, 0.3418401807377284, 0.11511726222977611, 0.46043817456717595, 0.36369775690966183, 0.13920155748880159, 0.2784560943643252, 0.24628751517201847, 0.14750578093937494, 0.2920289090834558, 0.182877537077575, 0.08526467034119248, 0.3758571648277724, 0.20967719524633138, 0.21120693623753528, 0.18323863475816324, 0.155584368604191, 0.21025904498824347, 0.14644761454934876, 0.1624047030073901, 0.17397785957225345, 0.22104610598956545, 0.18473588696036203, 0.19653235672211106, 0.221485464241017, 0.2548118216429083, 0.12111449090589303, 0.1422515493041525, 0.10367329947960874, 0.17618700299644843, 0.11846917392588997, 0.44995174346893857, 0.22143366079156598, 0.2117335847268502, 0.26792381590764436, 0.2151962258147471, 0.1772357499388118, 0.09695940487581538, 0.19952237484533164, 0.1133205420182397, 0.2222145422696112, 0.16937691404118052, 0.19656615882709122, 0.12675064839422703, 0.16570510312781803, 0.1807092950617956, 0.14386214999378555, 0.11854064447753546, 0.10160468518733978, 0.17051642695441843, 0.12528651056054513, 0.13974556325701998, 0.23061968405575803, 0.23344498816877604, 0.18104951527978605, 0.18068193834783003, 0.15511189155707447, 0.13782233028420401, 0.25764856478428666, 0.11525941091628435, 0.18193077061635754, 0.12695887089915536, 0.19516840255154033, 0.09143417558957342, 0.1595665755138422, 0.18146387227655697, 0.30752102453978014, 0.1169049920970186, 0.10722841169788606, 0.19104830035939813, 0.1447558327474528, 0.2793093466798642, 0.1302924380430745, 0.2650808071378957, 0.03732372257299074, 0.6446325264405459, 0.16602182023537654, 0.2494914522394538, 0.1034233340760693, 0.5727791437088992, 0.2078614852258137, 0.07553977364376704, 0.21752458011938466, 0.19198257425755616, 0.20722020924034895, 0.12733983561130507, 0.21942590881981666, 0.2082920221146196, 0.16311329451522655, 0.20287869974779776, 0.09247730635106563, 0.2508176672018387, 0.19429358205137154, 0.21991957823878952, 0.2200625380501151, 0.11302401379022436, 0.4803475306297724, 0.16303512683759133, 0.17901530680387762, 0.3061953990513252, 0.24010180677710607, 0.2372554561200862, 0.311279536721607, 0.15397252486630653, 0.2520232932134108, 0.16974810310639443, 0.09734709666679717, 0.5169615696438334, 0.12967712871031836, 0.33605732804992133, 0.17914650595577603, 0.17200487269781148, 0.22324050810808937, 0.16908125207216168, 0.14185806069937018, 0.14953705672717965, 0.2649094506322096, 0.09781238148676824, 0.5798665477362062, 0.16981337518972528, 0.13490552537712372, 0.2230689359518389, 0.21470756490404408, 0.16184450916036786, 0.2166089592501521, 0.13909712625992676, 0.1294391022568258, 0.3195165923796594, 0.18832249542571264, 0.14732192205265165, 0.16297745987373802, 0.1591302822344005, 0.12329014004537403, 0.18875769189455444, 0.17355409340904743, 0.2633551718469596, 0.22962163625994608, 0.17565026635392791, 0.23710401790956848, 0.2528203369146495, 0.1865111444455882, 0.19257261514042814, 0.2728415599817203, 0.23281908251740263, 0.24679180186552305, 0.20292243017838935, 0.1767376979192098, 0.2100557368559142, 0.18943752272364994, 0.11846699925760429, 0.25125394839172566, 0.42153063298513493, 0.23518086527474225, 0.3151281375437975, 0.16195903714889517, 0.22945801142292718, 0.20348907831745844, 0.21106439787628395, 0.21085805466605556, 0.22814915202824132, 0.13428503696082367, 0.23798519568517804, 0.20293773229544362, 0.26288906450693805, 0.1214095635805279, 0.15063750057939498, 0.16519400124172012, 0.25551357263360513, 0.11278571499408119, 0.11316596256413808]
2025-12-18 07:59:05 - feda2 - INFO - loss data:
2025-12-18 07:59:05 - feda2 - INFO - [0.39711082582361995, 0.8071384903166321, 0.5804084249987052, 0.3608810304698569, 0.34362925045082676, 0.18260631455729406, 0.174223690228084, 0.1564362380799139, 0.24343383181840178, 0.26295453903671256, 0.2682300388192137, 0.17269773760404533, 0.24884606727757136, 0.15495710493531079, 0.23173926919698712, 0.08960363282099867, 0.3219691339880228, 0.0562769810517096, 0.25984964928634113, 0.2003617229513251, 0.19880175994327054, 0.053054136496265766, 0.2575271424359809, 0.149533912234474, 0.16131016547216673, 0.24311247854851759, 0.19963124602889787, 0.03906293291736532, 0.25104564657100503, 0.1750490711381038, 0.17921928249189958, 0.23662340951462585, 0.22342767029379806, 0.08677645772785092, 0.34486982010171885, 0.08475889951857705, 0.4677789431065321, 0.21364626859008862, 0.20585254477695203, 0.22790487054735423, 0.12788236609744522, 0.26097592062627273, 0.1350783472812273, 0.23278837577881625, 0.13228440121359503, 0.08707401517334531, 0.19434521157612228, 0.26734650541096927, 0.15685703694286263, 0.1710578873977248, 0.04996679288393352, 0.032102221816926936, 0.40354717560112474, 0.22696443804754662, 0.19393076887354255, 0.10344722311743276, 0.2518872236367315, 0.29989621296525004, 0.2414723998453054, 0.15596686553802794, 0.1290158146136328, 0.16435341383020083, 0.11272563504870049, 0.6044240302360171, 0.19249530562510092, 0.11257784763195862, 0.09543823992183509, 0.11430483438763381, 0.2857313744516836, 0.22399428249115036, 0.15811710244439886, 0.1160043607155482, 0.19106510585794845, 0.14458909871647377, 0.18102882657200098, 0.11115927927734987, 0.024354797533208815, 0.2831072067025902, 0.21857571822280686, 0.10433277412196801, 0.15469732389259988, 0.08677690653809501, 0.10020282090826628, 0.11556556588388048, 0.08252113288975893, 0.2351425253511526, 0.2213877628365641, 0.3549778230443952, 0.12004698275706067, 0.2962047116684855, 0.15608849880084688, 0.21383810808213474, 0.1800461342701545, 0.19305294614213592, 0.1425625153303815, 0.13303506978865093, 0.12254160306678386, 0.11388967004410612, 0.14658120426659782, 0.1628197651201238, 0.11402505824808032, 0.2183168977343788, 0.040988484566349355, 0.21668227572614948, 0.15219410185594684, 0.11877057421952486, 0.17814115094952288, 0.1835335018578917, 0.05536962978852292, 0.4380684951941172, 0.08969048605045268, 0.17417124941801795, 0.08562611973184782, 0.24971587810044488, 0.13792553602252156, 0.21581905330531298, 0.21565701611753968, 0.19058946745159727, 0.18759511491904657, 0.2040273469251891, 0.17634202057185272, 0.23391086018333834, 0.20716110357926004, 0.1767448161418239, 0.19203844958184552, 0.15154354590922595, 0.20174025691424807, 0.2018449906596086, 0.18497960395333204, 0.17252134084701537, 0.18704035822779702, 0.10172898315644349, 0.110999997988144, 0.2122548840366877, 0.11783821467315414, 0.16817132405315835, 0.21518164888645214, 0.3194377960637212, 0.17750870540409402, 0.18378810407593846, 0.1529218237372298, 0.25434563113376496, 0.21620052359998226, 0.1868958322879755, 0.1419842578160266, 0.16988985451559224, 0.12494290561570476, 0.15111837331205608, 0.11416280501617644, 0.15378810202058119, 0.16751487743523386, 0.1449627371994444, 0.18541148129540186, 0.11781325580205959, 0.17322499155162427, 0.1496300858158905, 0.1710632098779338, 0.155688048750852, 0.11011170004322021, 0.2083196233569955, 0.2325945890460832, 0.2450898150327029, 0.15710452712761858, 0.1847447267236809, 0.1287954000600924, 0.1505177477016472, 0.2209467305145107, 0.20467275455594064, 0.16155867474591906, 0.2150917796910597, 0.11679205442088897, 0.1187139777484916, 0.22485838681817627, 0.24652149491012096, 0.22336577613217135, 0.16817072052508591, 0.23073399031327832, 0.15820943680317961, 0.0855839627760428, 0.2692966963842983, 0.19978467220440507, 0.20415566074283809, 0.18638816663684943, 0.1069087088673755, 0.26891993491222993, 0.12444756613112987, 0.11801386567453542, 0.30021098051220174, 0.09859282223818203, 0.14040079540297112, 0.34291565884382297, 0.3356202883454852, 0.1557756364811212, 0.16323661556156974, 0.13910369339636436, 0.20131249971831075, 0.2494696138633622, 0.2724489673351248, 0.16034901047197098, 0.25141520947217944]
2025-12-18 09:04:22 - feda2 - INFO - loss data:
2025-12-18 09:04:22 - feda2 - INFO - [0.3362052859649772, 0.3813708358499057, 0.23217341719816129, 0.7434629106317603, 0.5569336336726943, 0.4789088827868303, 0.20892403294731463, 0.2052198428971072, 0.17378954960161125, 0.21698139373523495, 0.14207524684995104, 0.9638561188847153, 0.228418717227344, 0.20745589054131414, 0.19052654438516278, 0.09627386317671544, 0.25137458335302654, 0.10180769177774589, 0.18900666737851374, 0.24677509818082818, 0.14861867012314534, 0.392679957761651, 0.10419611886165858, 0.45468178223613853, 0.24109901896148336, 0.15252028738420148, 0.21216267306368708, 0.5180716561869934, 0.12568413505408293, 0.2176550965994552, 0.22358810390847234, 0.27946090928855394, 0.20290270957158923, 0.11682367655545628, 0.0693837342458816, 0.20244746808485503, 0.1315578801984278, 0.2836099308241453, 0.16065376439309192, 0.2300026963556222, 0.2770655718321602, 0.160287815900076, 0.23268760395779586, 0.1964987214305438, 0.3967962614260614, 0.22054619368282147, 0.1459530189852341, 0.24125142241828143, 0.17828430697972625, 0.16414643750758842, 0.11475650776410476, 0.40175150076171295, 0.27859768608329993, 0.14151214164060852, 0.23151799706449988, 0.2559218427632004, 0.24794437095604754, 0.24918736159605415, 0.10752626991985986, 0.25879686140574343, 0.1552199772093445, 0.14619102107244544, 0.15483711407120737, 0.15408299375946322, 0.17998940714169293, 0.32792929708957674, 0.20456336373463274, 0.19959787473392981, 0.19580558583450813, 0.3761523162390579, 0.3768873621216592, 0.13864045188141366, 0.6195840695429415, 0.16073216775048263, 0.15921433622327943, 0.3379646199095684, 0.31569765736348926, 0.15220885605941636, 0.18216874179031167, 0.19570798926676314, 0.3188569830464465, 0.12318974376622853, 0.4526563052553684, 0.21016543030150628, 0.18374166749805831, 0.35847715142493447, 0.19862941936628908, 0.20032023399641427, 0.22947843751440256, 0.36335233854082954, 0.1921214551748469, 0.10873887819082786, 0.5362531916238368, 0.3002444663750274, 0.16651415628425423, 0.14862560503340017, 0.5296604722738266, 0.17910380936005996, 0.16391913754244647, 0.2040705216427644, 0.13411661573477968, 0.2417563913434389, 0.13917133143115648, 0.17658902750394884, 0.15979689670105776, 0.07158756427286009, 0.4604130056594793, 0.2848357756622136, 0.3997335225343704, 0.16557701924839655, 0.3600102306498835, 0.2545890962466642, 0.3331931678278904, 0.402607577208143, 0.1463857163869155, 0.22742168442802685, 0.19199813251152523, 0.22472288760667047, 0.14534543176386727, 0.4784018110581919, 0.15611870678008666, 0.19815306251569254, 0.1619443324263812, 0.2146760822717278, 0.13010960467897045, 0.1410672699625138, 0.2704470986122033, 0.35033304145669236, 0.1632591906580187, 0.12254300382652214, 0.3168781283292693, 0.15418737223482737, 0.3798633726624151, 0.1286812442354858, 0.2746095444065529, 0.25473611431107634, 0.1856984654616099, 0.2035307270474732, 0.12814783990948594, 0.08575221751221365, 0.4213975168910681, 0.20563634242862464, 0.2105961369971434, 0.2542266380197058, 0.15138406503413404, 0.24814304630208878, 0.23884719454993802, 0.1855636326582136, 0.22957129242519536, 0.09139963790075853, 0.3194323864299804, 0.4302511546450357, 0.1474990921704808, 0.1891153414600662, 0.1989047170350594, 0.17637344012404546, 0.1417404970044599, 0.15959840490527094, 0.48430052953993985, 0.21640964639594867, 0.33309558484747653, 0.34254680798621845, 0.21178047494305408, 0.19744655295896033, 0.26639729683451796, 0.16085685702661673, 0.08787984653996925, 0.6635717276197213, 0.33756768849367896, 0.47280741383632024, 0.1588953625702975, 0.22088966891169548, 0.36901009945930646, 0.32991615099211535, 0.48040630434240617, 0.197349732247055, 0.219292615519255, 0.3133380361522238, 0.22601823285222053, 0.18167329362283152, 0.28203909856577714, 0.18957321209212144, 0.16537407465899984, 0.22568244928649317, 0.2932920873359156, 0.27469920402344983, 0.14270110246725382, 0.2318267282741588, 0.5175658693271024, 0.307022001254454, 0.5206636488437653, 0.35399850917359194, 0.43791954702400904, 0.34096563650438416, 0.3504213418101981, 0.3205040540812271, 0.3137241216376424, 0.31114898464427543, 0.17796673675378163, 0.4133411435676473]
2025-12-20 11:25:38 - feda2 - INFO - loss data:
2025-12-20 11:25:38 - feda2 - INFO - [0.6181840683023134, 0.6150970424214999, 0.4015711163913812, 0.2829681450190643, 0.4872170267626643, 0.5683689062993619, 0.4551139540756897, 0.4968500730271141, 0.5503886046508948, 0.24023422456941465, 0.6967367120204738, 0.2996647424947519, 0.2804461675272747, 0.6837226185229762, 1.0555232409613602, 0.16680802672377065, 0.2982480929349549, 0.2677414893897043, 0.25582393612421583, 0.1913397888950486, 0.6143628157173785, 0.21330453484673248, 0.5453936818263779, 0.3043729630121518, 0.19213860696440355, 0.2176607733551738, 0.35337893236428497, 0.1636021197094427, 0.23371448158286512, 0.2500343951396644, 0.1230891441150258, 0.46627881200137467, 0.11190763551179164, 0.5034660704415104, 0.3340205996840571, 0.15051550054461887, 0.2867545107069115, 0.25746992889505166, 0.14849675531214518, 0.3748956825584173, 0.1959603325656093, 0.08755098567642215, 0.43915469800480283, 0.21407608389854432, 0.22621907738170455, 0.1803135335833455, 0.16116580211867887, 0.21677768992866198, 0.16153631099538568, 0.17213051012755992, 0.19546798385087064, 0.2296086102568855, 0.21558146690352797, 0.20468924253840337, 0.23277464758774097, 0.27123845646468303, 0.14426323018657666, 0.1489450002865245, 0.1188531495967052, 0.19464287888258694, 0.12366184799272256, 0.5208862684384892, 0.20940348302856798, 0.21773909780507283, 0.3123535086799945, 0.2449598696477937, 0.19737103189317845, 0.11097438194750188, 0.22217219250853215, 0.11464167078180859, 0.24503756632598545, 0.1975554871197758, 0.2052271221736668, 0.15028848628668734, 0.2503793794864353, 0.1866561138470258, 0.165353031095583, 0.14467595093883573, 0.09387828458178167, 0.1979666870397826, 0.14253803282287358, 0.1611229338217527, 0.26102221342443954, 0.2750307000397394, 0.17887660801421762, 0.2045295128598809, 0.18091905663313812, 0.18139962833730452, 0.31552864298944105, 0.1432404333518611, 0.19362221809868246, 0.13881715469397024, 0.2184967346977265, 0.11816820645436757, 0.17734192931093273, 0.2286451934526364, 0.27721320601323474, 0.12935905698832356, 0.10695743690788125, 0.2414106553277144, 0.14522921428498295, 0.3303691889092858, 0.15308469053771762, 0.27178277405486867, 0.0412522358609648, 0.734276100261403, 0.1899181682616472, 0.2512597886047193, 0.10451172996933261, 0.7196974490740986, 0.24203359497533666, 0.08299149212220477, 0.24710766397571812, 0.22347120577912954, 0.2149547459642318, 0.1309283216015458, 0.23992776382448416, 0.25227116301123587, 0.18554017246878218, 0.23064349675789858, 0.11772748587619779, 0.2637290038450649, 0.20528885583570672, 0.2901068713649043, 0.25176649701527576, 0.1215519652410876, 0.5963958801988225, 0.20055218635437388, 0.18529358971299548, 0.36133485158077544, 0.24326861260289495, 0.218203460254396, 0.352247143847247, 0.17775626104428538, 0.27801869132302026, 0.2027073861255, 0.10495238786744368, 0.5209979620018993, 0.1577905605236689, 0.3544354772816102, 0.21916263427754695, 0.17778922740775996, 0.24538034888294835, 0.17224305144821606, 0.15396366253909138, 0.1960725280883101, 0.3115623883592586, 0.12294842704061673, 0.5929336841218174, 0.22951716759329677, 0.1835358996823844, 0.23003501805166404, 0.26934058833867314, 0.1768307409961597, 0.24723248649388552, 0.1716740395992048, 0.15605382573169968, 0.36798169823984306, 0.19049032748973166, 0.16467772545292975, 0.18866046704351902, 0.18312438934420544, 0.17088828848279786, 0.21331652088297737, 0.21097099050089263, 0.299148505700357, 0.22907871364039323, 0.21754452048076522, 0.26207018994177, 0.2638416638738955, 0.22197294561192393, 0.23322445002074044, 0.3199621099047363, 0.26637491039423783, 0.296684826289614, 0.2274756610727845, 0.21052461881190537, 0.21772731655380795, 0.20867637085417906, 0.13970611612312495, 0.2563516307415234, 0.43293969680865607, 0.259044771703581, 0.3436984732747078, 0.16548808058723807, 0.25885768012764554, 0.22236891749004523, 0.23591656566464475, 0.22478114006419977, 0.24601703522992985, 0.14947991802667576, 0.24339621731390554, 0.22322683424378434, 0.29769628858193753, 0.13774231468948225, 0.16325814001602196, 0.19286485749429888, 0.28232003308719755, 0.13040000245802932, 0.13005330693752815]
2025-12-20 13:42:14 - feda2 - INFO - loss data:
2025-12-20 13:42:14 - feda2 - INFO - [0.395769314467907, 0.8194307803207046, 0.5652920555036802, 0.3690163766387505, 0.41630660504029665, 0.29338369640797657, 0.3048982937734022, 0.20524299130775034, 0.30960673835749425, 0.29173949306400926, 0.30078647726525864, 0.19108502759048954, 0.2833472068063342, 0.16702185483465048, 0.27276122408608594, 0.11201764266868984, 0.38876568488776686, 0.0715041706284463, 0.2896654861580048, 0.22305388274387672, 0.22363357515766835, 0.06494771788086466, 0.35297799767592014, 0.1596700117799143, 0.18294350676535542, 0.27463660618433583, 0.21225686352102993, 0.044953033387902436, 0.30537858597265605, 0.17514841076917947, 0.18586146539131945, 0.2760460842897494, 0.2626605260496338, 0.07709606661609052, 0.5723305718441094, 0.12333453376598369, 0.5618619479238987, 0.20914022603081356, 0.21782746045492019, 0.24185443216313918, 0.14542856008371857, 0.29502391926944255, 0.16373506043358552, 0.25278486465342725, 0.14857194322782258, 0.09175790471468914, 0.23470894935733388, 0.27055286142975093, 0.17794608978294385, 0.17412207225228057, 0.06084858669821794, 0.021431090950311586, 0.5199884766091903, 0.24602849275733418, 0.22295161026219526, 0.11357521378711143, 0.2770298098524412, 0.3106871346756816, 0.2941607799684067, 0.15655971865635365, 0.1457609159818952, 0.18018256776810934, 0.166010052744532, 0.44187557833130187, 0.21563991164167723, 0.1193205343442969, 0.10135021122588553, 0.12004637264898824, 0.3003821496334341, 0.22488699522357258, 0.1645606686923645, 0.1181555620705088, 0.24902325520912805, 0.14008694551022793, 0.19712697368115187, 0.12450238659473446, 0.024216603587577722, 0.29074476619975437, 0.2417199798859656, 0.11542813880189967, 0.16969866223442248, 0.10953294643334596, 0.1141042462663534, 0.13119947404135018, 0.1093049462758175, 0.24972796935874683, 0.1899425787577296, 0.39239729675242585, 0.13531207626003158, 0.34153733653399876, 0.15835213441419982, 0.231463844787616, 0.21371276730384964, 0.23909814523246425, 0.15306222337441378, 0.1376499252424886, 0.13707820280823702, 0.12151468885616243, 0.1586033821455203, 0.18849205450417522, 0.11679372330351423, 0.2651566421879189, 0.05234956649792755, 0.27569979168474673, 0.17569328052923083, 0.14597484755019347, 0.19755667101126165, 0.2179169500628725, 0.107465850484247, 0.5014530054604014, 0.08775675386647122, 0.1981676757132682, 0.08937003926257603, 0.30761332077284653, 0.14892781050720563, 0.23711309967658076, 0.2413746843321456, 0.18843896047522624, 0.17497563057889542, 0.23625291222706435, 0.19141307080474992, 0.25225997728606064, 0.22288288229721642, 0.19958116148765653, 0.21375696895910162, 0.16507536068869133, 0.21687245042994618, 0.21787003971532815, 0.21917967133705024, 0.2162544559687376, 0.21428337938104491, 0.10970056664664299, 0.14237904183056135, 0.23991224863208255, 0.13872717222115263, 0.18587827803567053, 0.21411176340964932, 0.4120876742009487, 0.20111242585760705, 0.20557757187634706, 0.17566936543101774, 0.23067296504353482, 0.2435178115280966, 0.18967188778592067, 0.15905701268153885, 0.20232063753840823, 0.13004671660872796, 0.18263118341565132, 0.1453662446556756, 0.18912138118265343, 0.19256182264329658, 0.17880644978215104, 0.1906799511983991, 0.11864281110027726, 0.20146944100180497, 0.17299802594173413, 0.17852488502074837, 0.17750117741180238, 0.1322549254357539, 0.21894734093608953, 0.2758273594389853, 0.23157187502969195, 0.1663649260128538, 0.21528769000122944, 0.15949128623813008, 0.17299199059772757, 0.2710266798854065, 0.21784977143009504, 0.18519697411862368, 0.23947447299694594, 0.12767345653501927, 0.13716041448836525, 0.2458231273686322, 0.26537128128111365, 0.26321805572758117, 0.1818066608781616, 0.23999309958165715, 0.16449590019114754, 0.09854902116133382, 0.2998701713123776, 0.2374772847443819, 0.22645202789593627, 0.19470621321705125, 0.11039981794164136, 0.31578979916161015, 0.14415893846501907, 0.1309980232392748, 0.32531328207502763, 0.10543075258395186, 0.15165136403852592, 0.3895337660116358, 0.36933501049971734, 0.17162556560710074, 0.17642600445076823, 0.14487062141518384, 0.24127892420555538, 0.2709270366777976, 0.27306362775464854, 0.20939085091679144, 0.259231639901797]
2025-12-20 15:26:29 - feda2 - INFO - loss data:
2025-12-20 15:26:29 - feda2 - INFO - [0.34765553820346085, 0.3828344472994407, 0.22709093975524108, 0.9262153856190187, 0.5668196980531017, 0.5659634175399939, 0.4330603144974226, 0.34300246586402255, 0.2757290644927279, 0.29859851584769787, 0.18700750554756573, 0.7949646552512935, 0.2511628924122695, 0.24813524501902673, 0.22425130906825264, 0.11175252250950074, 0.3638717749272473, 0.1008380943122098, 0.20213465022582872, 0.2967259395449685, 0.16230478124378028, 0.5410878399298304, 0.12440852899148705, 0.37821700771922595, 0.27266250610643744, 0.1722790343555971, 0.24200286843836127, 0.5001519490033388, 0.13742495836922897, 0.25763566852159175, 0.26129363735851185, 0.2704079241802295, 0.21489539282740136, 0.11307199837950369, 0.07988954656902933, 0.1968478897145312, 0.13730674545513466, 0.3036041019689659, 0.19050011196218075, 0.24369355414208826, 0.31197974135478335, 0.1571809013063709, 0.2665734318861117, 0.22507399138218412, 0.46159276937445004, 0.31289079194539227, 0.1904817165088995, 0.25696402074148256, 0.1869687107982687, 0.1666045040047417, 0.13054390002507715, 0.39380250638350844, 0.271594399566363, 0.1457109222654253, 0.2585913112642718, 0.29149865489453075, 0.2912385825804629, 0.27073554608872846, 0.12305033248703694, 0.3226442492489976, 0.16890957246844968, 0.15370201952367402, 0.16437896793442114, 0.14586457248244966, 0.20784255910354354, 0.299259606252114, 0.2595919622152689, 0.22023514814985296, 0.17784984801740694, 0.35640404363603967, 0.41084002462380076, 0.1577295400741461, 0.7916921325560127, 0.16932920567495258, 0.16199445130381113, 0.40432645577626924, 0.291487026354298, 0.16539669908427945, 0.19089550655113444, 0.19945554587369163, 0.28892955157373634, 0.1403561165872296, 0.5309173200745135, 0.21226406008598014, 0.1840538300340995, 0.36309227123856547, 0.2346148467427041, 0.21500600628593625, 0.2284052670831816, 0.41664516318495537, 0.18861342305436923, 0.10724110383695612, 0.5356541794591716, 0.3096713387185619, 0.1774610148432354, 0.1934687425038733, 0.6054567149529855, 0.19435225621508878, 0.1809711949356521, 0.2245352627399067, 0.14209946470549867, 0.24752182434534742, 0.14276505127738237, 0.1879950739243733, 0.1737377094880988, 0.0865142145210744, 0.4593145620555764, 0.3091661789920181, 0.4180602003199359, 0.20214751066090778, 0.40101409223861995, 0.2743206108487876, 0.3580019838797549, 0.42999324216865575, 0.16209565221797675, 0.23139462397963392, 0.21356543351693036, 0.2464950753065447, 0.1653408138181216, 0.518579254368026, 0.16982693897249798, 0.21136277470005943, 0.19719467341507735, 0.24418780429377443, 0.1553361587304001, 0.16800296736182646, 0.3132612550475945, 0.42098146173007345, 0.15962551041018394, 0.1378557726601269, 0.3972532345577773, 0.15883567832643167, 0.3722513586903612, 0.14215951406707367, 0.2833097397278135, 0.3044047852534624, 0.2075341297876245, 0.22395019593338172, 0.12508178141017978, 0.09845150296779391, 0.4798325355438625, 0.21071738355926106, 0.23304069808994732, 0.29641934064372133, 0.165288617759056, 0.26293938716544824, 0.29217487486700217, 0.2040687735801689, 0.2749966316235562, 0.10699640832996618, 0.39398096821581324, 0.49178066092232864, 0.17107850578835324, 0.18693755482811303, 0.22414927454665304, 0.20808899401270442, 0.15823808033201917, 0.17036567915984918, 0.5550772055628753, 0.2174072893824251, 0.40677948949104614, 0.39873055775339405, 0.2483582969024485, 0.23498307390448947, 0.27190993715296774, 0.1878339177928865, 0.11401672242985418, 0.6621857493542708, 0.3724546540528536, 0.4646919570863247, 0.18464906456350694, 0.29473755504004656, 0.40819247283174526, 0.3695873195926348, 0.5948321812919208, 0.21401444901865754, 0.25113770415231046, 0.35512319579720497, 0.25674837523450456, 0.19617896008615693, 0.3409335812553763, 0.20161945488126504, 0.18225605293132718, 0.25143777766885855, 0.25984324181918056, 0.2972090696438383, 0.15165313528850674, 0.27905819012473027, 0.5646433548203537, 0.33343599610880276, 0.5610314338867153, 0.3831002543369929, 0.4757420015572519, 0.35206272854254794, 0.39497569187854725, 0.38013373212001866, 0.35096821058541533, 0.3747043195538796, 0.20131581464471915, 0.49286179138081415]
