2025-11-12 17:10:31 - feda2 - INFO - loss data:
2025-11-12 17:10:31 - feda2 - INFO - [11.776457965373993, 0.7426550533622502, 0.44302589893341066, 0.3827393386512995, 0.37069746404886245, 0.37180457413196566, 0.3628255967050791, 0.34028316214680676, 0.34930360969156027, 0.3299939505755901, 0.32529085855931045, 0.3723802886903286, 0.3430463969707489, 0.3106916297227144, 0.36182708516716955, 0.3161478266119957, 0.3386878024786711, 0.34148346558213233, 0.3465947110205889, 0.3481671327725053, 0.3340755017474294, 0.3551376398652792, 0.3451682820916176, 0.33734679874032736, 0.34660403840243814, 0.3175071367993951, 0.32879974134266376, 0.3141342043876648, 0.33876571282744405, 0.3422420799732208, 0.3556679219007492, 0.32824615463614465, 0.3282385284081102, 0.29347521867603066, 0.31638845037668945, 0.3073101095855236, 0.31112441420555115, 0.3217755263671279, 0.3396467390470207, 0.32830251641571523, 0.344916907325387, 0.33549522161483764, 0.31878321804106236, 0.31731554344296453, 0.3565381094813347, 0.3006967294961214, 0.34250115752220156, 0.312260701879859, 0.32011281736195085, 0.3429666589945555, 0.34493429996073244, 0.3417951360344887, 0.3156865268945694, 0.34391022510826585, 0.32452873289585116, 0.3082484523765743, 0.3118265628814697, 0.34393280036747453, 0.29828091375529764, 0.348051780089736, 0.31519936546683314, 0.31996813602745533, 0.32943238094449045, 0.29933217354118824, 0.34576081708073614, 0.31383314616978164, 0.34071459788829084, 0.30790399461984636, 0.3276219252496958, 0.3253060441464186, 0.3131749089807272, 0.31730414368212223, 0.32528031766414645, 0.28290566261857747, 0.3200765497982502, 0.33865619562566285, 0.30589111763983967, 0.3075404193252325, 0.3285819958895445, 0.30720618832856417, 0.3278419271111488, 0.30548660848289727, 0.3055009555071593, 0.29078756272792816, 0.325682582706213, 0.32241320200264456, 0.33533762246370313, 0.3048176536336541, 0.3235309893265367, 0.32451222017407416, 0.3162316657602787, 0.29890782553702594, 0.32061522323638203, 0.32152964621782304, 0.32738931402564053, 0.31370563991367817, 0.33254082752391695, 0.31138961426913736, 0.33435037825256586, 0.29844425879418846, 0.3243406595662236, 0.30829419624060395, 0.3108146626502275, 0.3322215821594, 0.341367288120091, 0.3282754387706518, 0.2888483822345734, 0.288245371542871, 0.3061158075928688, 0.3280581489205361, 0.30342317577451466, 0.31747125647962093, 0.3249611534178257, 0.3214312128722667, 0.30326160937547686, 0.3387692738324404, 0.3095231229439378, 0.3142400037497282, 0.30496940640732645, 0.3004849700257182, 0.3227836325764656, 0.3255436610430479, 0.3277619514614344, 0.3097532358020544, 0.30844712201505897, 0.31132387965917585, 0.3217843882739544, 0.33394190901890397, 0.3098868718370795, 0.31673518419265745, 0.3233773296698928, 0.3000267557799816, 0.3262375302612781, 0.31170370876789094, 0.3049947155639529, 0.30109528712928296, 0.3116855688393116, 0.30313978902995586, 0.31511167585849764, 0.30024144388735297, 0.28429962862282987, 0.3047095127403736, 0.29435849674046044, 0.30966475047171116, 0.3087355099618435, 0.3001112140715122, 0.31493849121034145, 0.2977615121752024, 0.3102999456226826, 0.3203163754194975, 0.3274648919701576, 0.30899420119822024, 0.32046673931181435, 0.3161869483999908, 0.31644180361181495, 0.326684133335948, 0.3245622910559177, 0.35223644226789474, 0.31477947980165477, 0.32213940322399137, 0.3074820570647716, 0.32137209121137855, 0.29623832944780587, 0.2855980532243848, 0.3160899471491575, 0.32075521573424337, 0.30493093915283676, 0.29620252083987, 0.29614158123731615, 0.31446290109306574, 0.33913654536008836, 0.33166865073144436, 0.28416707683354614, 0.30271365866065025, 0.2994105573743582, 0.33529026340693235, 0.32336178589612247, 0.3068260308355093, 0.3377382196485996, 0.309781988337636, 0.32029095068573954, 0.3263155952095985, 0.29591146409511565, 0.2847744831815362, 0.32132141627371313, 0.2997367657721043, 0.3169359086081386, 0.3048261012881994, 0.32570821046829224, 0.3004141394048929, 0.2910989608615637, 0.31313783675432205, 0.3480254663154483, 0.31669333651661874, 0.2826686689630151, 0.30426378063857556, 0.30014203004539014, 0.3369397912174463, 0.3264811161905527, 0.30804428867995737]
2025-11-13 07:25:13 - feda2 - INFO - loss data:
2025-11-13 07:25:13 - feda2 - INFO - [11.54034997522831, 0.8514792017638684, 0.44831662364304065, 0.368259708955884, 0.31948372554033994, 0.3556519139558077, 0.3485318360850215, 0.3516957450658083, 0.33376658521592617, 0.3305900044739246, 0.34331647902727125, 0.3628566939383745, 0.32536931820213794, 0.32185266148298974, 0.3429729476571083, 0.30429627597332, 0.3666015200316906, 0.32882472686469555, 0.29820306720212103, 0.32752116695046424, 0.33811293356120586, 0.3158233739435673, 0.33088019900023935, 0.3429263142868877, 0.33132469439879064, 0.34596546664834027, 0.33879346735775473, 0.3222941590473056, 0.3250844821333885, 0.329171908646822, 0.30287269186228516, 0.33982443138957025, 0.3204936858266592, 0.3378247873857617, 0.30023007802665236, 0.3107035972177982, 0.3595721036195755, 0.31419841311872004, 0.33350729681551455, 0.33492142111063006, 0.3428176395595074, 0.30764462798833847, 0.3391291623935103, 0.34189644306898115, 0.3337158586829901, 0.31126176267862316, 0.30411169975996016, 0.30563446246087556, 0.3408635037951171, 0.3266586814075708, 0.3289150454103947, 0.28976252153515814, 0.33797221444547176, 0.3065235950052738, 0.3103832583874464, 0.3126632571220398, 0.31518464256078005, 0.34051983933895824, 0.305734259262681, 0.33081285692751405, 0.33286855146288874, 0.33492559827864166, 0.3472685173153877, 0.3131974598392844, 0.34254485331475737, 0.32076857797801495, 0.3182669978588819, 0.33160746321082113, 0.3242174215614796, 0.3394327383488417, 0.31572701651602986, 0.2953311402350664, 0.33726893533021207, 0.3330062609165907, 0.31276901923120026, 0.3084437042474747, 0.2914026379585266, 0.29353237207978966, 0.3252100234851241, 0.3074710395187139, 0.3194131508469582, 0.3058248158544302, 0.3161054778844118, 0.28564289258792996, 0.29972702227532866, 0.3113074466586113, 0.3304020117968321, 0.32248096279799937, 0.32162045240402226, 0.33280298653990026, 0.3091055205091834, 0.29462049920111893, 0.3233031338080764, 0.32745067179203036, 0.27634046599268913, 0.3233865829184651, 0.3322610899806023, 0.3025923661887646, 0.3107586197555065, 0.26991201546043153, 0.3080339375883341, 0.3250453341752291, 0.29150234907865524, 0.2981280583888292, 0.3000012744218111, 0.3072684977203608, 0.29096151851117613, 0.3160664031282068, 0.3093054686672986, 0.31062334105372424, 0.30992682110518216, 0.33628143146634104, 0.30467192661017184, 0.30814714916050434, 0.2798252450302243, 0.30463417917490004, 0.3145858583971858, 0.2877524055540562, 0.2998209338635206, 0.3094186197966337, 0.2904858622699976, 0.3292338643223047, 0.3077457282692194, 0.31999722123146057, 0.3167033206671476, 0.3169927716255188, 0.30283015891909604, 0.2902291540056467, 0.31429099254310133, 0.32807164900004865, 0.3462489727884531, 0.32537058694288135, 0.3347227148711681, 0.3196638161316514, 0.30864605978131293, 0.29950549360364676, 0.30570600610226395, 0.3047911196947098, 0.3151294320821762, 0.2903612652793527, 0.3431804828345776, 0.2992521982640028, 0.3209473121911287, 0.327799067273736, 0.3175772164016962, 0.31389852501451965, 0.2874948468059302, 0.3124049544334412, 0.3068243972957134, 0.3081730864942074, 0.3062167625874281, 0.3096799673512578, 0.32555137369781734, 0.3278203532099724, 0.3278121060691774, 0.3015742368996143, 0.2884158102795482, 0.3100229158997536, 0.30251965969800954, 0.2886832458898425, 0.30979473814368247, 0.3256545592099428, 0.31271470692008735, 0.32081644870340825, 0.32885022889822724, 0.3166630964726209, 0.30559112038463354, 0.3138216271996498, 0.2980946386232972, 0.28592712376266716, 0.2914901552721858, 0.30781442411243914, 0.31248600482940675, 0.3040818993002177, 0.3061312139034271, 0.3250915244221687, 0.3086461555212736, 0.30007623620331286, 0.3225769195705652, 0.32625865638256074, 0.29355554319918153, 0.3221723765134812, 0.30307505261152984, 0.33913639597594736, 0.31538566425442693, 0.3042142340913415, 0.3106189206242561, 0.2929597703740001, 0.3294531492516398, 0.29010224528610706, 0.32609950192272663, 0.31003844477236275, 0.3183080337941646, 0.343248314037919, 0.27787233851850035, 0.3099800182506442, 0.30349741056561474, 0.27081713955849407, 0.2874057969078422, 0.2996397539973259]
2025-11-13 11:30:22 - feda2 - INFO - loss data:
2025-11-13 11:30:22 - feda2 - INFO - [12.1304419785738, 0.7687773615121841, 0.44252476245164873, 0.3947163451462984, 0.32727976348251103, 0.3476931720972061, 0.3518028423190117, 0.31297970525920393, 0.37422182671725746, 0.37292025052011013, 0.34325379952788354, 0.364406007155776, 0.36857029385864737, 0.35918095875531436, 0.32012283317744733, 0.35767277851700785, 0.35695172622799876, 0.36821556389331817, 0.33736610095947983, 0.3397070877254009, 0.3108469098806381, 0.3333337690681219, 0.3563061727210879, 0.3512740969657898, 0.332405923679471, 0.3258383050560951, 0.3342279909178615, 0.3197290197014808, 0.30027278028428556, 0.31783482506871225, 0.32213893346488476, 0.30011987686157227, 0.34065066315233705, 0.3274759162217379, 0.33007736019790174, 0.30937091931700705, 0.3529030837118625, 0.31989676766097547, 0.327211232110858, 0.29804533533751965, 0.316710115596652, 0.30035244841128583, 0.34181949086487295, 0.33837852664291856, 0.31654672138392925, 0.3751143118366599, 0.3212897207587957, 0.35293892193585635, 0.31683101169764993, 0.2910068556666374, 0.31005196236073973, 0.33915986493229866, 0.33338676765561104, 0.31991085074841974, 0.32669846192002294, 0.3149851743131876, 0.31718371864408257, 0.31855915263295176, 0.3068790884688497, 0.35051299147307874, 0.33504453748464585, 0.31986353136599066, 0.30928140301257373, 0.2791847730055451, 0.2914382876828313, 0.3214673064649105, 0.3260229527950287, 0.30769014190882443, 0.302216986566782, 0.30589879732578995, 0.31761426925659175, 0.3583416445180774, 0.3325069919228554, 0.28515311852097514, 0.3299906708300114, 0.31581444665789604, 0.3139472048729658, 0.33566121868789195, 0.3084936659783125, 0.31386398598551746, 0.32437358759343626, 0.30880009233951566, 0.3300317173823714, 0.30954640060663224, 0.3368883468210697, 0.27847761046141384, 0.32891119197010993, 0.3337752316147089, 0.3011456083506346, 0.3397574082016945, 0.31514411605894566, 0.31205849032849076, 0.3279144749045372, 0.3379474554210901, 0.3371883487328887, 0.3208954526111484, 0.29319142922759056, 0.2899901868775487, 0.32234093360602856, 0.2783618295565248, 0.28963457569479945, 0.31539203934371474, 0.2934642612934113, 0.3334829844534397, 0.30546032786369326, 0.32861883044242857, 0.3063144847750664, 0.3176468227058649, 0.31602396070957184, 0.3055927027016878, 0.31052219215780497, 0.33710611350834374, 0.2995607635006309, 0.34804821014404297, 0.3287668598815799, 0.2970115179196, 0.32232394516468044, 0.3014714106917381, 0.3291633384302258, 0.29150171056389806, 0.3143588351085782, 0.2978970106691122, 0.33515993133187294, 0.329949383251369, 0.30960794538259506, 0.3063413184136152, 0.3096510972827673, 0.31517270021140575, 0.31560965813696384, 0.34373204521834855, 0.31900910679250954, 0.3159379031509161, 0.3170267542824149, 0.33404250591993334, 0.3056960545480252, 0.2947297528386116, 0.30029686614871026, 0.3313048057258129, 0.30119075775146487, 0.32105821929872036, 0.3083068495616317, 0.3283738952130079, 0.30926620662212373, 0.31814070269465444, 0.29253829307854173, 0.328078496735543, 0.32669203691184523, 0.30007917433977127, 0.32089093029499055, 0.3075043484568596, 0.31234259270131587, 0.32429700195789335, 0.2978264600038528, 0.31358642335981135, 0.3013950245454907, 0.32912878356873987, 0.2845135136507452, 0.3172419255599379, 0.3093047408387065, 0.3097276635468006, 0.3239124909043312, 0.31638950798660515, 0.29391784928739073, 0.31047757565975187, 0.32818601503968237, 0.29783968478441236, 0.310520301759243, 0.31771673932671546, 0.31014137975871564, 0.2678761137649417, 0.3311498027294874, 0.27566561959683894, 0.3055903110653162, 0.2979255441576243, 0.3138216747902334, 0.3025287695229053, 0.34772546626627443, 0.3067358218133449, 0.29352012686431406, 0.2989664005115628, 0.2977863786742091, 0.30896204672753813, 0.3400065269321203, 0.2798745930194855, 0.2854966901242733, 0.3076117247343063, 0.28681437484920025, 0.2757283633574843, 0.3135302539914846, 0.30406589191406963, 0.3058674968779087, 0.2955434473231435, 0.29444139264523983, 0.29677370171993966, 0.3151353523135185, 0.28214443754404783, 0.3246922859922051, 0.3325898442417383, 0.3126887849532068, 0.279931678250432]
2025-11-26 08:25:39 - feda2 - INFO - loss data:
2025-11-26 08:25:39 - feda2 - INFO - [11.499764478206634, 0.7021270908415318, 0.4290156334638595, 0.39773011319339274, 0.3505259729921818, 0.36956305578351023, 0.3465407591313124, 0.33120202980935576, 0.35628727711737157, 0.3183108109980821, 0.34859698805958034, 0.3068332388997078, 0.3538241803646088, 0.33370450139045715, 0.354477958753705, 0.3784055234864354, 0.334189348295331, 0.3384203087538481, 0.35678909346461296, 0.33073423281311987, 0.35321056768298154, 0.3078682944178581, 0.3510335711762309, 0.32089291103184225, 0.3382130302488804, 0.3364025767892599, 0.3369152180850506, 0.3349363820627332, 0.33242001459002496, 0.2927807416766882, 0.32577100619673727, 0.3225195642560721, 0.317943436652422, 0.3424593878909945, 0.3167880177497864, 0.3392754565924406, 0.33694166801869874, 0.33123663254082203, 0.3175261072814465, 0.29320425242185594, 0.30434840098023414, 0.3387599978595972, 0.34757084511220454, 0.29760309122502804, 0.32680151276290414, 0.32840971983969214, 0.2917358182370663, 0.2864891368895769, 0.3442436888813972, 0.31425097677856684, 0.30921877417713406, 0.3198013659566641, 0.28697765674442055, 0.3096504956483841, 0.29290599673986434, 0.35855839438736437, 0.2771652404218912, 0.2876502450555563, 0.3210335118696094, 0.29907005969434974, 0.3365290023386478, 0.3344366461038589, 0.32143156304955484, 0.32954695224761965, 0.32447771411389115, 0.3197550274431705, 0.3204916298389435, 0.32965993098914625, 0.33450409695506095, 0.3141358939930797, 0.3266046762466431, 0.3276826422661543, 0.31313553676009176, 0.3327476289123297, 0.332493644952774, 0.3214662605896592, 0.34257967956364155, 0.3419191738590598, 0.2915269274264574, 0.3092912247404456, 0.3355879496783018, 0.3284969463944435, 0.3058379335328937, 0.337393281981349, 0.3245447870343924, 0.3156785055994987, 0.30375316794961693, 0.2933725122362375, 0.3411134272813797, 0.330965094640851, 0.320279392041266, 0.32393124494701625, 0.3064765000715852, 0.30886631086468697, 0.32605021446943283, 0.31892665904015305, 0.32896815296262505, 0.29984743017703297, 0.3041824042797089, 0.3009091012179852, 0.3278354028239846, 0.32420108169317247, 0.33478657007217405, 0.30777012854814534, 0.33115492002107205, 0.2698919912800193, 0.30194366108626125, 0.3433632228523493, 0.28670010883361097, 0.3156585531309247, 0.3245004337280989, 0.29762914795428513, 0.30159446150064473, 0.3054364824667573, 0.30760391987860203, 0.30430290084332223, 0.33289695251733065, 0.30122229270637035, 0.32377384379506113, 0.29165230710059403, 0.3199193783104419, 0.324810816347599, 0.28133529182523487, 0.2872464524582028, 0.2911649286746979, 0.2993385918438435, 0.28725446444004776, 0.3326126549392939, 0.33056745734065773, 0.3289111040532589, 0.3144013401120901, 0.3120783377438784, 0.32236595042049887, 0.28583554159849883, 0.3286268185824156, 0.3302445253357291, 0.32992583569139244, 0.33054662011563773, 0.30652065947651863, 0.30830719135701656, 0.3048638585954905, 0.2993023646995425, 0.30531805790960787, 0.29097545705735683, 0.29438497461378577, 0.29731547944247727, 0.3013685969635844, 0.30182738937437537, 0.3446332275867462, 0.3176281627267599, 0.3047009203583002, 0.3014096587896347, 0.3130377048626542, 0.2972131758928299, 0.3312990369275212, 0.31335745062679055, 0.3375330630689859, 0.34377392027527093, 0.31999513767659665, 0.32876424603164195, 0.32463801130652425, 0.30420829318463805, 0.30701019596308465, 0.3280793905258179, 0.3153669126331806, 0.29679577350616454, 0.3182151077315211, 0.2839890049770475, 0.30545678418129685, 0.3036474775522947, 0.29563748091459274, 0.29260241724550723, 0.30032805986702443, 0.3250672148540616, 0.32249867003411054, 0.32054271847009663, 0.3125704947859049, 0.30938384160399435, 0.2847603037953377, 0.29558057691901923, 0.3038289248943329, 0.29424828831106425, 0.2777016706764698, 0.29688979461789133, 0.3445869293063879, 0.3232834607362747, 0.29596436824649575, 0.273686152510345, 0.3125183422118425, 0.3146691290661693, 0.32201146706938744, 0.297709209471941, 0.31977136470377443, 0.30730606615543365, 0.3055413097143173, 0.2979250118136406, 0.2886264882981777, 0.29537396505475044, 0.3023666379973292, 0.30436303764581685]
2025-12-07 06:02:15 - feda2 - INFO - loss data:
2025-12-07 06:02:15 - feda2 - INFO - [16.292379808425903, 15.855490398406982, 14.601213359832764, 7.471016734838486, 0.6911059066653251, 0.4159549500793219, 0.40799468867480754, 0.3747303500771523, 0.3998119205236435, 0.32263800986111163, 0.352802973985672, 0.3435783881694079, 0.3454323910176754, 0.3505258444696665, 0.33173591513186695, 0.34343851879239085, 0.32904580347239976, 0.3513819143176079, 0.3330385234206915, 0.32365571707487106, 0.3235532449558377, 0.344868135266006, 0.3427463598549366, 0.316264009103179, 0.33834665790200236, 0.3306780934333801, 0.3152035646140575, 0.3249540403485298, 0.33202913627028463, 0.32411436922848225, 0.3460296235978603, 0.28631973508745434, 0.3217967860400677, 0.30709663685411215, 0.34285617321729656, 0.32804505378007887, 0.32800000086426734, 0.32802392803132535, 0.319399150647223, 0.31856447607278826, 0.31481078378856187, 0.32084013726562266, 0.3445211073383689, 0.3278160661458969, 0.3488621409982443, 0.3238859366625547, 0.33275575898587706, 0.3013134839013219, 0.30423249695450066, 0.2889664526097476, 0.32170273102819924, 0.32203509844839573, 0.33003373369574546, 0.3054237002506852, 0.3116424404084682, 0.3214051006361842, 0.32919466830790045, 0.3478003446012735, 0.3284290546551347, 0.32873409856110813, 0.3234022871591151, 0.31876304410398004, 0.34021872952580456, 0.33437086306512354, 0.3197628203779459, 0.3559058655053377, 0.3195296853780747, 0.3057230573147535, 0.31687594056129453, 0.32786044124513863, 0.3449767351150513, 0.30686791948974135, 0.3606876455247402, 0.34054811876267194, 0.3472505293786526, 0.34262421242892743, 0.32132483553141356, 0.332929365336895, 0.3554585047066212, 0.3324657160788774, 0.302348193526268, 0.32737816087901594, 0.29966807141900065, 0.2982175501063466, 0.3077728996053338, 0.31166904903948306, 0.32019304353743794, 0.32117621283978226, 0.2897902289405465, 0.3111672069877386, 0.33086256831884386, 0.32513502091169355, 0.30984686836600306, 0.3284729328006506, 0.31571080051362516, 0.3336160995066166, 0.30432458966970444, 0.32778650820255284, 0.3190106969326735, 0.29377433732151986, 0.3028442945331335, 0.30336695797741414, 0.28856625631451605, 0.31799800582230087, 0.3560833834111691, 0.31711136382073163, 0.3226087285205722, 0.30205799974501135, 0.31095295064151285, 0.3262370513752103, 0.30494245160371064, 0.3118198439478874, 0.30403187945485116, 0.2900537189096212, 0.28077796660363674, 0.2977550020441413, 0.3330604262650013, 0.3287729356437922, 0.3136428756639361, 0.3182855861261487, 0.3192446505650878, 0.33247127160429957, 0.29093964397907257, 0.32521054819226264, 0.31953985057771206, 0.29638479873538015, 0.34098868928849696, 0.3332789018750191, 0.31686128079891207, 0.3251398591324687, 0.3335318922996521, 0.3220353953540325, 0.3152222272008658, 0.28837450426071887, 0.31832808069884777, 0.3029231430962682, 0.30776519877836106, 0.26984300948679446, 0.32704631350934504, 0.2761721970513463, 0.2941078947857022, 0.3198456887155771, 0.3167105715721846, 0.33446515705436464, 0.30827315859496596, 0.32364686354994776, 0.30875312425196166, 0.31648867297917604, 0.3257769191637635, 0.2880324798636138, 0.3096264762803912, 0.3186706034466624, 0.3130233887583017, 0.32148763723671436, 0.35135797820985315, 0.30698372777551414, 0.2993868439923972, 0.2856742817908525, 0.2805015847086907, 0.3138925328850746, 0.3008343750610948, 0.2935714922845364, 0.30202386509627105, 0.3041957149282098, 0.28932206649333236, 0.33170004226267336, 0.32135430648922925, 0.30172144528478384, 0.30248021241277456, 0.30264372900128367, 0.334178421087563, 0.30119413547217844, 0.3165922064334154, 0.2946861876174808, 0.31237881146371366, 0.3014783987775445, 0.3188390448689461, 0.30928131472319365, 0.33523486703634264, 0.31864912025630476, 0.308544722571969, 0.3225511254742741, 0.28966648411005735, 0.3175331730395555, 0.34224088918417694, 0.31575555391609667, 0.32151968628168104, 0.31897057965397835, 0.29535040631890297, 0.3162842381745577, 0.3173386637121439, 0.3157034181058407, 0.34462522752583025, 0.3008924096822739, 0.3103308163583278, 0.3143875878304243, 0.30068356860429046, 0.3270800983533263, 0.30572513891384, 0.29236204642802477]
2025-12-07 09:36:54 - feda2 - INFO - loss data:
2025-12-07 09:36:54 - feda2 - INFO - [16.170968651771545, 16.241399741172792, 14.690461325645447, 7.190611761808396, 0.6804676979780198, 0.4074851587414742, 0.3820555964484811, 0.3812476579099894, 0.33961834479123354, 0.37162863835692406, 0.34828578010201455, 0.36273478232324124, 0.35801401808857913, 0.3727008685469627, 0.33472873941063885, 0.34746487215161326, 0.32948665432631974, 0.3437113156542182, 0.33522825688123703, 0.33484067730605604, 0.3389057215303183, 0.33683130033314224, 0.35398011393845086, 0.34036917537450795, 0.33819298446178436, 0.35410995297133924, 0.32256389036774635, 0.34218389187008147, 0.3439258301630616, 0.3346591545268893, 0.34523280449211596, 0.3343142993748188, 0.293547678925097, 0.3299914259463549, 0.329747905395925, 0.30437640734016896, 0.32917298227548597, 0.322802110388875, 0.34483158178627493, 0.3059063365682959, 0.31310428194701667, 0.3526245091110468, 0.34682351276278495, 0.32735438253730537, 0.355231286585331, 0.329382355324924, 0.3165073378011585, 0.35820413678884505, 0.32661180198192596, 0.3351769372820854, 0.3228885684162378, 0.33792623318731785, 0.34412150382995604, 0.315899657830596, 0.32338454481214285, 0.2845679711550474, 0.323264654353261, 0.30138794239610434, 0.32094783801585436, 0.29223685599863525, 0.3277882970869541, 0.3428116414695978, 0.31590513363480566, 0.3325045637786388, 0.3327294163405895, 0.3338590107858181, 0.3233717707917094, 0.26824195627123115, 0.32996851690113543, 0.316046255081892, 0.3071309158578515, 0.34826605319976806, 0.33382237553596494, 0.31084013059735294, 0.3193972408771515, 0.3369083043187857, 0.30986076407134533, 0.30978336203843354, 0.33397576697170733, 0.3099777588620782, 0.32077338378876447, 0.2959223262965679, 0.31921298429369926, 0.31738257557153704, 0.32111931033432484, 0.3281847801059484, 0.3181518534198403, 0.31373959667980666, 0.3291912553831935, 0.35344128496944904, 0.2932294387370348, 0.3003107439726591, 0.30469400212168696, 0.31155242398381233, 0.29320190884172914, 0.28891944978386164, 0.3067357268184423, 0.3166761355474591, 0.34085632860660553, 0.31029610708355904, 0.3136230768635869, 0.2940259262919426, 0.3159644102677703, 0.3026876544579864, 0.31155977081507447, 0.3073353216052055, 0.350010197982192, 0.34491204731166364, 0.3097358151338995, 0.3128744697198272, 0.3101675512269139, 0.3137538403272629, 0.30236749155446885, 0.3360877733677626, 0.3335173066705465, 0.2865393631160259, 0.30767487809062005, 0.30147379557602105, 0.3268459625542164, 0.36743598952889445, 0.3156666876748204, 0.30593105144798755, 0.30705048609524965, 0.289903374761343, 0.3112907532602549, 0.3377701465040446, 0.3200881242752075, 0.32328138314187527, 0.3289476349949837, 0.3152698095887899, 0.2994952439330518, 0.33294016141444444, 0.33349455781280996, 0.3167068663984537, 0.3164142116904259, 0.29979551695287227, 0.3241682302206755, 0.2659474045038223, 0.284049750957638, 0.2780574945732951, 0.3052036825567484, 0.3059772167354822, 0.2864390600472688, 0.30086448714137076, 0.30637865178287027, 0.33172506242990496, 0.29026089403778316, 0.2938536752015352, 0.3314666826277971, 0.3155815940350294, 0.3084482669830322, 0.306686831638217, 0.27265877639874814, 0.2993111770600081, 0.3104168871417642, 0.30024707950651647, 0.31758131794631483, 0.2778296709060669, 0.2941215611994267, 0.2843742609024048, 0.3191961794160306, 0.28971348255872725, 0.29419053718447685, 0.26487929951399564, 0.3716184601187706, 0.33490561936050656, 0.2998849406838417, 0.303492683544755, 0.323078303784132, 0.3174283986911177, 0.28781238570809364, 0.3102857239544392, 0.3071852151304484, 0.32942347042262554, 0.30489372219890354, 0.29761545173823833, 0.3199970243498683, 0.3238039288669825, 0.31532291043549776, 0.32280815988779066, 0.3113155569881201, 0.29583227932453154, 0.31873670443892477, 0.3400076732039452, 0.3114221772179008, 0.30920702442526815, 0.3149518523365259, 0.3168691240251064, 0.28827326325699687, 0.30537329576909544, 0.3328403145074844, 0.29612410850822923, 0.2977209039032459, 0.3134191492572427, 0.328753599151969, 0.3244017958641052, 0.2888117393478751, 0.3291463777422905, 0.3157212158665061, 0.31826557852327825]
