2025-11-05 10:49:55 - feda2 - INFO - loss data:
2025-11-05 10:49:55 - feda2 - INFO - [17.000569301843644, 0.3216747442260385, 0.03839605409884825, 0.00285302709962707, 0.0029289674363099038, 0.002872945734998211, 0.0030080043070483953, 0.0025818658497883005, 0.002741731406422332, 0.0026587581582134586, 0.0027733736322261395, 0.002769115898991004, 0.0028536971658468246, 0.0027500278083607554, 0.0026289622008334847, 0.0027577420143643392, 0.002764666877919808, 0.002678986775572412, 0.0026625206985045223, 0.0025064229790586977, 0.002383498757262714, 0.002467576035996899, 0.0027149107569130137, 0.0023183576617157088, 0.002467371211969294, 0.002453464508289471, 0.002587249610223807, 0.0023008767078863453, 0.0023483063123421744, 0.002032403173507191, 0.003012491166009568, 0.0020735141501063478, 0.0023070211347658185, 0.00216824600356631, 0.0022003494697855784, 0.0022484903282020243, 0.002309850018355064, 0.001983483992808033, 0.0020662365830503406, 0.0019356458404217846, 0.0019629273301688954, 0.0017027598049025982, 0.0018340543829253875, 0.0018202841238235123, 0.0017221443060407183, 0.0018402184614387807, 0.0017646795677137561, 0.0017864836539956742, 0.0016779803816461937, 0.001448249243549071, 0.0015255342368618585, 0.0015181527829554397, 0.0016205778156290762, 0.0014108187046076638, 0.0015422282143845224, 0.0013241357242804951, 0.0013411363659542985, 0.0013739625974267256, 0.0015428679529577495, 0.001426144570723409, 0.0014402451226487756, 0.0013543949396989774, 0.0014066780197026674, 0.00118252863176167, 0.001392358179873554, 0.0014163030729832824, 0.0012429847796738614, 0.0012584925701958128, 0.0011818915347248547, 0.0011081756772910014, 0.0012248363127582707, 0.0012591197977599223, 0.0012644195903703803, 0.0011826048947114033, 0.0012949083422427066, 0.0011102942953584716, 0.0012469424218579661, 0.00135701857652748, 0.0012869833994045622, 0.0010362018056184752, 0.0008718572121324542, 0.0011610653076786549, 0.0012345231707513449, 0.0008784218782238896, 0.0011460066732979614, 0.0009333677531685679, 0.0010782042725622886, 0.0013421138290141245, 0.0009826441366385553, 0.0012380695379761164, 0.0011638215975835918, 0.0012434854583261768, 0.0011381050178897567, 0.0010290431542671285, 0.0011407426063669845, 0.0011072445635363693, 0.0008620117167083663, 0.0011160080761328573, 0.0009844881940807681, 0.0010542909978539683, 0.0010918865675193957, 0.0008903091138563468, 0.0007721747520918143, 0.0010556447285125616, 0.0012162220482423436, 0.0009947050150003634, 0.0010545688499405516, 0.0011809361634732341, 0.0010718684687162751, 0.001141834040390677, 0.0010607506130327236, 0.0011867983026604633, 0.0010432404538732953, 0.0010097935504745693, 0.0010091673131682908, 0.0008427396543993382, 0.0010088604089105503, 0.0010559541413385886, 0.001262556762594613, 0.0009310864039434819, 0.000884951681473467, 0.0012102562312065858, 0.0011694273411194446, 0.000945506804418983, 0.000992221281558159, 0.0009793505185371032, 0.0007882480715124985, 0.0007728095191851025, 0.0006529531127853261, 0.0010455707773871837, 0.0008342975948835374, 0.00096941870469891, 0.0008232265394326532, 0.0008834111600663164, 0.0009674385393736884, 0.0010842866762686755, 0.0010202626577665796, 0.0005896309674426447, 0.0009185374361550203, 0.0006590976288862293, 0.0008640000389277703, 0.0009070474192412803, 0.000792127151544264, 0.0010376083982919226, 0.0008568701587137184, 0.0009457092653974541, 0.000899658934577019, 0.0007907121684183948, 0.0009223653573826596, 0.0006382568307344627, 0.000722782139746414, 0.0009293731633533753, 0.0006681425776150718, 0.0007388358178104682, 0.000743343602061941, 0.0009447095260838978, 0.0008143422832290526, 0.0007934796458357596, 0.0008954979073678259, 0.0008577877969401015, 0.0008876227841028595, 0.0004726536215457599, 0.0006531869214086328, 0.0006119905958257732, 0.0008420817096521204, 0.0008607081666013983, 0.0006051088096683088, 0.0008776652606684365, 0.0008104089222797483, 0.0006476199530879966, 0.000908433159293054, 0.0006222479380085133, 0.0008593070360802813, 0.0006174406882564654, 0.0006692954318168632, 0.0007236313567773323, 0.0009846232240306562, 0.0009301692653934879, 0.0008520322815002146, 0.0006419327847197564, 0.0008216237039960105, 0.0007415134847178706, 0.0006983055640830571, 0.0007006267311680858, 0.0007426991399370308, 0.0006643683943366341, 0.000662050598384667, 0.0006135050698958366, 0.0009944017305315357, 0.0008513945649610832, 0.0006910612780302472, 0.0006444472320708884, 0.0007519713718465937, 0.0007448196206041758, 0.0005784361682344752, 0.0007086635184805345, 0.0008243189222866931, 0.0009979800446672017, 0.0009768032881765976, 0.0009545098424496245]
2025-11-06 05:40:41 - feda2 - INFO - loss data:
2025-11-06 05:40:41 - feda2 - INFO - [16.95547322332859, 0.4447781480848789, 0.0791810667142272, 0.006425477348966525, 0.002977665432263166, 0.0026981360191712152, 0.002949053578777239, 0.002719968883320689, 0.002839712635613978, 0.0026547759276581927, 0.002793563672457822, 0.00260287563141901, 0.002824100898578763, 0.0027509122708579527, 0.002791868458734825, 0.002693563682259992, 0.0024734609469305724, 0.0026697104593040423, 0.0026884716004133224, 0.0025520216411678122, 0.002436614769976586, 0.0024045799422310666, 0.0024155124061508108, 0.0023393462703097615, 0.002357343072071671, 0.002292231275350787, 0.0025040948472451418, 0.002294341061497107, 0.002201683045132086, 0.0021640322665916756, 0.0022000639131874774, 0.002081215917132795, 0.001962886175897438, 0.0020958805005648175, 0.0019655845608212985, 0.00194625529111363, 0.002058785711415112, 0.0017901294646435416, 0.001891391008393839, 0.0018558493145974353, 0.0018929737583675888, 0.0017274370926315895, 0.0018752192190731876, 0.00165513988758903, 0.0016285653269733301, 0.001627800692222081, 0.0014684534893603996, 0.0017973325651837514, 0.0016322853924066294, 0.0012666516777244397, 0.001665662173036253, 0.001343091563467169, 0.0015933494236378466, 0.0014274639121140353, 0.0016132920703967103, 0.00141694445774192, 0.0014814892434515058, 0.0017218625289388, 0.0015232449128234292, 0.0013088825267914216, 0.0012823046563426033, 0.0012161846847448033, 0.0014435879405937158, 0.0013378466093854513, 0.0015449300144609879, 0.001310050032043364, 0.0012891377067717259, 0.0010186447161686374, 0.001173002884388552, 0.0012297404722630746, 0.001406499715449172, 0.0012407520513079361, 0.0013841259868058843, 0.0012557651498354971, 0.0014558029142790474, 0.0011563650252355727, 0.0013910551264416427, 0.0012460986828955356, 0.0012322468246566132, 0.0012714994827547343, 0.0013170597143471242, 0.0012252077900484436, 0.0011434208041464443, 0.0010311651009033084, 0.001132670769584365, 0.00100746213538514, 0.0011913522821487277, 0.0013591617625934305, 0.0012760414858348668, 0.0009179451049931231, 0.001156380568500026, 0.0008693632418726337, 0.0011239003983064323, 0.0012330012305028504, 0.0012262380409083563, 0.0009869911482383031, 0.0011335071329085622, 0.0009632213575969217, 0.001109382588401786, 0.0010333091435313691, 0.0010320335251890356, 0.0008771921708103036, 0.0009054757732883446, 0.001155884625040926, 0.001188012200873345, 0.001057058667356614, 0.0008525892266334267, 0.0012814072801120347, 0.0010394876288046361, 0.0010554388023592764, 0.000976779731354327, 0.0010289898087648907, 0.000989169422427949, 0.000903018925782817, 0.0009662456650403328, 0.0010030013989307917, 0.0011284129217528972, 0.0009533141041174531, 0.0011653895187919263, 0.0007055416052025975, 0.0008694987230228434, 0.0010059900735541307, 0.0011388105722289765, 0.0011056694303988477, 0.0009597015514373197, 0.0007550282001830055, 0.000857920530870615, 0.0006010390396113507, 0.0009114174113165063, 0.00088216414424096, 0.0009510886064163061, 0.0010412316467409257, 0.0008117065890473896, 0.0008168919757736148, 0.0012715641854811111, 0.0009041839322890155, 0.0008875962770616752, 0.0006312287341643241, 0.001009285756481404, 0.0007749509284622035, 0.0006095212495893065, 0.0009128726903327334, 0.0010101468322318396, 0.0009897754154735594, 0.0009006381760627846, 0.0008560055803172872, 0.000808797859281185, 0.0007050992030599446, 0.0009705480684715439, 0.0009366365478854277, 0.0006887688286951743, 0.0008145275061906432, 0.0006767655112525972, 0.0009508343815468834, 0.0007558043408153025, 0.0010976827079502982, 0.0007510486039791431, 0.0006626391237659846, 0.0006377604420322314, 0.0006075370187318186, 0.0009548366441777035, 0.0006978449962389277, 0.0008465267623250838, 0.0007978073584581579, 0.0008092449130344902, 0.0006015301572006137, 0.0006612877986754029, 0.0006056632037143572, 0.0007097120615071617, 0.0006337632548820693, 0.0006233643155610479, 0.000587661165263853, 0.0008673478078890185, 0.0006745775249783037, 0.0004852807984207175, 0.0006874019682072685, 0.0006875482148643641, 0.0007476568322090316, 0.0008821400773740606, 0.0009641540169468499, 0.0007686717709475488, 0.000809479236795596, 0.0004813777364688576, 0.000908924944633327, 0.0008277588545752224, 0.0007824478363090749, 0.0008674652389345284, 0.0007698871024331311, 0.0006562778573425021, 0.0004312660090818099, 0.0005906951388624293, 0.0004734845689199574, 0.000793594846072665, 0.0009272445780879934, 0.0007945246317831334, 0.0005740870956287836, 0.0007146383380131737, 0.0006219549382876721, 0.0008038424844471592, 0.0010248129564388365]
2025-11-06 13:51:14 - feda2 - INFO - loss data:
2025-11-06 13:51:14 - feda2 - INFO - [16.941583150625227, 0.26426267847418783, 0.02571499883197248, 0.002998554491205141, 0.00309469155035913, 0.00257237610348966, 0.0028990559105295686, 0.002685305167688057, 0.0028164721967186782, 0.0027482927282107992, 0.0028279298654524613, 0.002714423550060019, 0.002657498244661838, 0.0027567774261115117, 0.0025772697990760207, 0.0027623890433460477, 0.0026536072138696907, 0.002440965094137937, 0.0025141762162093073, 0.0023667679080972446, 0.0024049880128586667, 0.002124248078325763, 0.0022578127827728167, 0.0019289221410872415, 0.0024142587528331204, 0.0022721903602359816, 0.0022857003699755297, 0.0020598876231815665, 0.002223931900516618, 0.001975777684128843, 0.0022711842786520718, 0.0019435435591731221, 0.002213160596147645, 0.002001467358786613, 0.0021137896241270934, 0.00193515885330271, 0.0020519383542705327, 0.0019533891027094796, 0.0019387392298085616, 0.0018813783273799345, 0.0019055931159527972, 0.0016752032810472884, 0.0018230512956506572, 0.0015164270713285076, 0.0018790811736835167, 0.0015396102782688102, 0.001611355367640499, 0.0016439042243291623, 0.0015432888707437088, 0.0014051381120225416, 0.0015818157175090165, 0.0016647172305965796, 0.0016920390611630865, 0.0013134977656591219, 0.0015984284957085038, 0.0014314023850602099, 0.0015210137928079346, 0.0013436038949294015, 0.0012839962117141112, 0.0014108136056165677, 0.0012356763072602917, 0.0014355150211486033, 0.0014684652633150108, 0.0012304985939408652, 0.0014321907379780895, 0.0012191289279144257, 0.0013786438059469218, 0.0013721938892558682, 0.0014348375792906155, 0.0013619459095934872, 0.0012674684330704622, 0.0011625149665633215, 0.0011731682676327181, 0.0010212699497060384, 0.0012763583436026238, 0.0010591880559331912, 0.001187816955643939, 0.001364693366122083, 0.0013096158912958345, 0.0009664849399996455, 0.0013178858273022343, 0.0010566036922682541, 0.0013308503410371486, 0.0011861531973409003, 0.0012996738849324174, 0.00109291801454674, 0.0011814345767561462, 0.0012905499173939462, 0.0011271610226685881, 0.0009497097467829008, 0.0011144984269776614, 0.001227038104843814, 0.000923792329376738, 0.0009262047902666382, 0.0011732972703612176, 0.0011633847912889904, 0.001042587154006469, 0.000907089038992126, 0.0010578833011095413, 0.0009593416067218641, 0.0010110372917552014, 0.001089117296578479, 0.001116166583597078, 0.0010833124122655135, 0.0011896906420588494, 0.0010269634185533505, 0.0010040661101811566, 0.0009070820384295075, 0.0007915771837360807, 0.0009416073775355472, 0.0011785024629716646, 0.00092218896443228, 0.0008774277695920319, 0.0009715683387184981, 0.0009922659073708928, 0.0009862567996606231, 0.0008066353654385238, 0.001157015025455621, 0.0009540353223201237, 0.0009273206382204081, 0.001147451062570326, 0.0009392180660142913, 0.0008442192836128015, 0.0008806028245999186, 0.0009749047230798169, 0.0010141685808775947, 0.0010580560054222587, 0.0010107061432790944, 0.0007819171532901237, 0.0010424796575534856, 0.0009540445575112244, 0.001061315118931816, 0.000974323511491093, 0.0009932612234479165, 0.0009794419042009395, 0.0009013836594021995, 0.0007518783845171129, 0.0006792633429995476, 0.0008140152885971474, 0.0007600051553708909, 0.0007389144977878459, 0.0008184775928384624, 0.0009086591002414934, 0.0007530810191383353, 0.0007564555296994512, 0.0008521735529939179, 0.0008705245221790393, 0.000840118157066172, 0.0009861988000920974, 0.0008198631836421554, 0.0008503526252752636, 0.0007130238358513452, 0.0008483282002998749, 0.0010014650293669546, 0.0007350741427444518, 0.0008179154832760105, 0.0008643450240924722, 0.0008329812125339232, 0.0009141060629190178, 0.0007033612832856306, 0.0007964587067363027, 0.0006959650842873089, 0.0006835900743681122, 0.0009379586064824252, 0.0007532122351221915, 0.0008952224081440364, 0.0008291595178889111, 0.0007912035487606772, 0.0010194343355578895, 0.0008405629412663984, 0.0008031284123717342, 0.0009615161839064967, 0.0006416737766357984, 0.0007729448976533604, 0.0005789389693745761, 0.0007354100834618294, 0.0006581569778973062, 0.0007680163099394121, 0.0008927012682761414, 0.0008638434699605568, 0.0008685172177138156, 0.0005611642763142299, 0.0007892498567343865, 0.0006148027902781906, 0.0006920913814610685, 0.0008781622265814804, 0.0006624731942793006, 0.0009142217740190972, 0.0008752427055014778, 0.0006913836431522213, 0.001094282629128429, 0.0007380458582701976, 0.0006933492020834819, 0.0009443062722311879, 0.0007398518615445937, 0.0009667296937095672, 0.0006826245260526775, 0.0006730161543600843, 0.0007596347482831333, 0.0006546406270899752]
2025-11-23 03:58:51 - feda2 - INFO - loss data:
2025-11-23 03:58:51 - feda2 - INFO - [16.91586830615997, 0.34471321702003477, 0.026198769424809143, 0.0029880653746658936, 0.0029023538168985396, 0.0026798878156114366, 0.002843822879367508, 0.002667552695493214, 0.003010259466827847, 0.0027512803615536542, 0.0027627601812127978, 0.0027474781789351256, 0.0026796866877702996, 0.0026484073168830946, 0.002454125712392852, 0.002566506146104075, 0.0027106170688057317, 0.00236180106876418, 0.0025715678842971102, 0.0023195288900751624, 0.0023640191182494165, 0.0022196424077264966, 0.002281656695413403, 0.00231766095967032, 0.002036288898671046, 0.002137005259282887, 0.002097121541737579, 0.002044746887986548, 0.001982561784097925, 0.0019653152266982943, 0.0019612744072219357, 0.0017812473088270053, 0.00205049391661305, 0.0019855415856000038, 0.0019525737094227224, 0.0017256695078685879, 0.0017457107285736128, 0.0016163328895345331, 0.0018006312973739113, 0.0016612014995189385, 0.0015870006958721206, 0.0016661070578265936, 0.001693173754028976, 0.0016869957180460915, 0.0017855312005849555, 0.0015461129522009287, 0.0016482089449709747, 0.0012392143566103187, 0.0019274176185717807, 0.001346608957828721, 0.0014806380015215837, 0.00153429458514438, 0.001337356155272573, 0.0012941880188009234, 0.0016631777842121666, 0.0013825614318193403, 0.001456123386742547, 0.0015178128647676203, 0.0015916327785816973, 0.0011015177416993536, 0.0014749553818546703, 0.0013792415600619278, 0.0014101001070230268, 0.001352187963493634, 0.0013934959803009405, 0.001141249348438578, 0.0015126011807296892, 0.001234655419102637, 0.0012613415303349028, 0.0011970022809691728, 0.0010701020357373634, 0.0011404084536479786, 0.0013913816190324725, 0.0011885782951139845, 0.0012994026437809225, 0.0012966441820026374, 0.0013258733597467653, 0.0011290304697467945, 0.0012133989006542834, 0.0010499155960133066, 0.0012264484314073341, 0.0011981310715782458, 0.0010177908476180163, 0.0011050871788029328, 0.0011343751437379978, 0.001153956595226191, 0.001389403807115741, 0.0010822370320966003, 0.0009218251399943256, 0.001174483612703625, 0.001067453900941473, 0.001097605456561723, 0.0010262299696478295, 0.000856445889803581, 0.001040969821769977, 0.0010542641804931916, 0.0011790348973590879, 0.000978587256395258, 0.0010488443509530042, 0.0008565232888940954, 0.0010603149643429789, 0.0011742185923139914, 0.0010582279013760854, 0.0009784840513930248, 0.0009865632233413634, 0.0008720509966224199, 0.0011020276018825826, 0.0007937523969303584, 0.0010022266518717516, 0.0007945489791381988, 0.0009564415327986353, 0.0010243876682579866, 0.0007992266981091233, 0.0009788984556507786, 0.0009848974712440394, 0.0009749936270964099, 0.0011021894875739235, 0.001125597967620706, 0.0008396525496209506, 0.000967656682132656, 0.0010691141145798611, 0.0007033733681964804, 0.0007510486570026843, 0.0007554632074970868, 0.0008353462391823996, 0.0008743642738409108, 0.0008361844684259268, 0.000874447035312187, 0.0009022394859130146, 0.0007306030907784589, 0.0008198476787583786, 0.0007426186552038416, 0.0010723781117121687, 0.0006583340493307333, 0.0010217735842161346, 0.0006265402060307678, 0.0009849107838817873, 0.0007530306800617836, 0.0009885393310469226, 0.0007413766154058977, 0.0006886236429636482, 0.000886467272630398, 0.0009252281426597619, 0.0007075300964061171, 0.0011028821187210268, 0.0007545499183834181, 0.0010343839949200628, 0.0007234786673507188, 0.0008806141413515434, 0.0007157568594266194, 0.000705582673799654, 0.0007522577991494472, 0.0005714408314815955, 0.0006678545563772786, 0.0006870372658909218, 0.000860157347005952, 0.0009195821707180585, 0.0007845476723559841, 0.0007255157080180652, 0.0009825813209317857, 0.0006344267684198712, 0.0009349195617687656, 0.0006949063557840418, 0.0006790437015524731, 0.0009102761389840453, 0.0007914856588286056, 0.0008003713357084052, 0.0007592091132210045, 0.0006555687901254714, 0.0008000592862117628, 0.0006711990051371686, 0.0006157318795203537, 0.0007347526035573538, 0.0009477720544964542, 0.0006062222088985437, 0.0006835188980403473, 0.0006492180864370312, 0.0007043149487799382, 0.0005083418793219608, 0.0005289770984745701, 0.0007646131209185115, 0.0005273245349371791, 0.0007619694183631509, 0.0005935743916779757, 0.0006884179637154375, 0.0006539083528878109, 0.000799773226299294, 0.0008536685651961306, 0.0006428866901842412, 0.0007053905623251921, 0.0009158049727375329, 0.0006062902783014578, 0.000699876256112475, 0.0006303640386704501, 0.0007428444778270205, 0.0008856338242594575, 0.0006613145641495067, 0.0006443697564463946, 0.0007423408295835543, 0.0008314056092785904]
2025-11-23 07:21:07 - feda2 - INFO - loss data:
2025-11-23 07:21:07 - feda2 - INFO - [17.044555696845055, 0.39294133130460973, 0.04618602652335539, 0.003104270264157094, 0.0030552507378160954, 0.0026941803516820073, 0.002855434734374285, 0.002695118627161719, 0.0026481960027012973, 0.002831008774228394, 0.0027134087606100364, 0.0026801352069014683, 0.0027839136251714084, 0.002679709388758056, 0.0027294988016365097, 0.0026870891510043294, 0.0026425494666909802, 0.002607246377738193, 0.0026816937315743417, 0.0024537299002986403, 0.0025165096623823045, 0.0022319117939332504, 0.0023957981262356046, 0.0022922047151951123, 0.002564333047484979, 0.0024681217095348985, 0.0021549330340349115, 0.0020099529676372184, 0.0022633070417214184, 0.0019782591582043095, 0.0018517486387281679, 0.001871439351089066, 0.0020001311699161303, 0.00182502125389874, 0.0017840016895206644, 0.0017806667790864596, 0.001874672593839932, 0.0016723160617402755, 0.0016620396767393687, 0.0018034977867500855, 0.0017865261412225663, 0.0015645930528989994, 0.0014777516160393133, 0.0015232688463584054, 0.0019227774420869537, 0.0016465276319650001, 0.0014721523246407741, 0.0016319202812155708, 0.001483852625824511, 0.001294954381592106, 0.001549814365716884, 0.0015896336975856685, 0.0015251911179802846, 0.0013674080139026046, 0.0014943306268833112, 0.0013507414143532513, 0.0013244158973975573, 0.0013300741949933581, 0.0014702011168992613, 0.0013125821682479, 0.0014660402965091634, 0.0013040352154348512, 0.0013909768793382681, 0.001285195391756133, 0.001234214815485757, 0.001751435730693629, 0.0014490835390461143, 0.0011991982908512002, 0.0014549957581039053, 0.0010492792309378274, 0.0013080236836685798, 0.0013819084095302969, 0.0013173700586776248, 0.0012081336037226718, 0.0011676926958898548, 0.0011416815821576165, 0.0014993095348472705, 0.0011593103750783484, 0.0013611448492156343, 0.0011530179930559826, 0.0011077568949986018, 0.0012468597051338293, 0.0008029052511119517, 0.0008612966208602302, 0.0009843784620898076, 0.0015893308889644686, 0.0011657194399958826, 0.0011808690927864519, 0.001045801734471752, 0.0013476313932187624, 0.0009780919111108234, 0.001086298481823178, 0.0010741931893790025, 0.0012898579119791976, 0.0011318786013816862, 0.0012096547579858452, 0.0009817411322728732, 0.0010222341239568777, 0.001260412237388664, 0.0010685164419555805, 0.0009124734746364993, 0.0009003987775940914, 0.000745361838289682, 0.0009744131940351508, 0.0012543990444100926, 0.0010436325657792623, 0.0011175291881954765, 0.0009332837766123703, 0.0009556360539136222, 0.000924631294401479, 0.0008721388549020048, 0.0010282306360750227, 0.0010151770562515593, 0.0013551659334552824, 0.000968826549797086, 0.0008797607079031877, 0.000989011284764274, 0.0008968565334726009, 0.0009773856028004956, 0.000985432098786987, 0.00088387716023135, 0.00093781087489333, 0.0011410672366764629, 0.001059158455245779, 0.0010294744344719218, 0.0009041967776283854, 0.0008113413157843751, 0.001164177334703709, 0.0007875499475630931, 0.0009376460373459849, 0.0009720820205984637, 0.0008519044215063332, 0.0005443465990538244, 0.000593207920542227, 0.0011063440952057135, 0.0008766457987803733, 0.0008294614381156862, 0.0008839948510285466, 0.0008760658420214895, 0.0007937528661841498, 0.0009775934207027605, 0.0010058781363113667, 0.0008878439000909567, 0.0008332265184435528, 0.0010198652897088322, 0.0008208516253944253, 0.00091610263716575, 0.0007254427768202732, 0.000993497534727794, 0.0008143053517414955, 0.0007884298318458604, 0.0008075198692495179, 0.0008862863668582578, 0.0007901384738943307, 0.0007861185229558032, 0.0007725502924586181, 0.0006990171496909169, 0.0008298896425912971, 0.0007786203066643793, 0.0010909284574154299, 0.001010396629499155, 0.0010658050659912988, 0.00070958729143058, 0.0007978818384799524, 0.001161033633434272, 0.0008442899312285589, 0.0010079396560286114, 0.0008451477281596453, 0.0007932550621262635, 0.0005828688755173062, 0.0008616262261966767, 0.0008309888458825299, 0.0007164145272327005, 0.0007150845939577266, 0.0006787956137941364, 0.0008541099364265392, 0.000982316293539043, 0.0006714141609336366, 0.0008281389185867738, 0.0006055763185941032, 0.0005760389517490694, 0.0008455422679617187, 0.0007403701821203867, 0.0006468444754318625, 0.0006369137452793439, 0.0008388269408897032, 0.0009602689196071879, 0.0007526884583967331, 0.0006273245137435879, 0.0008936143331084168, 0.0005844490493018383, 0.0008923785941078676, 0.0008359845854101877, 0.00078299943197635, 0.0005124911000166321, 0.0006645390984886036, 0.0007165586504470412, 0.0007406236927636201, 0.0008598744285336579, 0.0007173099210376676]
2025-11-23 10:01:02 - feda2 - INFO - loss data:
2025-11-23 10:01:02 - feda2 - INFO - [16.72872285246849, 0.34696125034242864, 0.02969967913813889, 0.0028521405998617414, 0.002801047108368948, 0.0027315043465932828, 0.0027770186919951812, 0.0027062397566623986, 0.0027983541745925326, 0.0027501957258209584, 0.0026803290093084797, 0.0027177454554475843, 0.0025644781795563175, 0.002735755767207593, 0.0028955946676433083, 0.0027692582400050013, 0.0026156905019888658, 0.002736577985342592, 0.0025719427358126268, 0.002752829378005117, 0.0025757333234651012, 0.002397409762488678, 0.002325350945466198, 0.002355488669127226, 0.0025141089980024846, 0.00220116735144984, 0.002399192399752792, 0.0022429675504099574, 0.0023301246605115012, 0.002212574501754716, 0.0024167507828678934, 0.002123740100068971, 0.002091209444915876, 0.0020220651145791634, 0.001867963968834374, 0.002180182082520332, 0.0020684169663582, 0.0020273762580472975, 0.0019498018838930875, 0.001641334925807314, 0.0018112839898094535, 0.0018356688167841641, 0.0018246566178277135, 0.0017389104832545854, 0.0017504894334706479, 0.0017458942464145368, 0.0016402686669607647, 0.0015643159800674765, 0.0015187524957582356, 0.0015023569190816487, 0.0017211277430760675, 0.0015853847537073307, 0.0013987305199407273, 0.001477289533795556, 0.0016133811470353976, 0.0016933651204453781, 0.0012842138461564901, 0.0013147191784810275, 0.0013507387950085104, 0.0012320830046519404, 0.0015983698362106225, 0.0015043091560073664, 0.0014478534641966688, 0.0014966476279369089, 0.0015696523965743835, 0.0013474453829985578, 0.0010975118205351464, 0.0013203757636802036, 0.0016146936378390818, 0.0013130458137311507, 0.0014637264313932972, 0.0012774514871125575, 0.001173428905531182, 0.0012969196242920587, 0.0015004717632109532, 0.0010459203429491026, 0.0014066142437513917, 0.0012343782385869418, 0.0013371368953812635, 0.0012788251267920713, 0.0011959376070080907, 0.001236387245262449, 0.0011661717981041875, 0.0009697851062810514, 0.0012917208641738398, 0.0009780166958080372, 0.0013242390185041588, 0.0013258521918032783, 0.0009835805740294745, 0.0011767846772272605, 0.0008410558877585573, 0.0007452485657267971, 0.0011503451562020928, 0.0012837473488616523, 0.0012307250704907346, 0.000941197913925862, 0.000978357217172743, 0.0008091772739135195, 0.0008984891677755514, 0.0009918708499753847, 0.0010964687262458028, 0.0011139360551169375, 0.0012246051155671012, 0.0012646256560401524, 0.0009251150746422353, 0.0009189302696540836, 0.0012170901423814938, 0.0012143436848418786, 0.0010798488288855878, 0.0010125793149200035, 0.0009588390043063556, 0.0009133072533586528, 0.0012828759776311927, 0.0008042432298680068, 0.0013212265621405095, 0.0010284259777108673, 0.0009856112399575067, 0.0008496662965626455, 0.0010261878531309778, 0.0008921826192818116, 0.0008697104000020772, 0.0011383608849428128, 0.0009700040005554911, 0.0009340975750092185, 0.0011889464920386674, 0.0008917290346289519, 0.0009109974002058152, 0.000993641990407923, 0.0009878347670564836, 0.0010664426914445357, 0.0010236880596494302, 0.001007061398559017, 0.0008821160268780659, 0.0011708822741638867, 0.0009448285063626827, 0.0007251411976540112, 0.0008804423219771707, 0.0010605863613818655, 0.0011538046764144384, 0.0008900488439394394, 0.0009285255189752206, 0.001019034163255128, 0.0009773393039722578, 0.0006563197282957844, 0.0009132415711064824, 0.0008102900311314443, 0.0010701648370741168, 0.001046547009173082, 0.0008039570337132318, 0.0008291744537928025, 0.0009809260503971019, 0.0009350920228825999, 0.0006999423948855111, 0.0007405955799185903, 0.0008540275555787957, 0.0008752946280765173, 0.0008302005599034601, 0.00087614466829109, 0.0007583293639072508, 0.0008256566137788469, 0.0009514712819509441, 0.0010335513952668407, 0.0007527199792093596, 0.0008183621686839615, 0.0007984167232280015, 0.0007551076650997857, 0.0007064133879794099, 0.0007732831711109612, 0.0010922404033408386, 0.0005899157060412108, 0.0010016116924816743, 0.0007320867852740776, 0.0007811167950421804, 0.0009369618118398648, 0.0008308858583404799, 0.0006827208097092807, 0.000674404410256102, 0.0006690581516522798, 0.00048270441061504243, 0.0009117900358432962, 0.0009370369661155565, 0.0009058715832907182, 0.0007169186755163537, 0.0011376407079296768, 0.0009994131412895512, 0.0007324923993110132, 0.0007713848102866905, 0.0007517890921917569, 0.000704793189152042, 0.0007779229412335553, 0.0008275495364614472, 0.0007314145253076276, 0.0007950417959364132, 0.0006965011798456544, 0.0008907423196433228, 0.000692486785192159, 0.0007881282394237132, 0.0008340837612195173, 0.0008053977340750862, 0.0009862240453003325]
2025-11-23 13:00:42 - feda2 - INFO - loss data:
2025-11-23 13:00:42 - feda2 - INFO - [16.91586830615997, 0.34471321702003477, 0.026198769424809143, 0.0029880653746658936, 0.0029023538168985396, 0.0026798878156114366, 0.002843822879367508, 0.002667552695493214, 0.003010259466827847, 0.0027512803615536542, 0.0027627601812127978, 0.0027474781789351256, 0.0026796866877702996, 0.0026484073168830946, 0.002454125712392852, 0.002566506146104075, 0.0027106170688057317, 0.00236180106876418, 0.0025715678842971102, 0.0023195288900751624, 0.0023640191182494165, 0.0022196424077264966, 0.002281656695413403, 0.00231766095967032, 0.002036288898671046, 0.002137005259282887, 0.002097121541737579, 0.002044746887986548, 0.001982561784097925, 0.0019653152266982943, 0.0019612744072219357, 0.0017812473088270053, 0.00205049391661305, 0.0019855415856000038, 0.0019525737094227224, 0.0017256695078685879, 0.0017457107285736128, 0.0016163328895345331, 0.0018006312973739113, 0.0016612014995189385, 0.0015870006958721206, 0.0016661070578265936, 0.001693173754028976, 0.0016869957180460915, 0.0017855312005849555, 0.0015461129522009287, 0.0016482089449709747, 0.0012392143566103187, 0.0019274176185717807, 0.001346608957828721, 0.0014806380015215837, 0.00153429458514438, 0.001337356155272573, 0.0012941880188009234, 0.0016631777842121666, 0.0013825614318193403, 0.001456123386742547, 0.0015178128647676203, 0.0015916327785816973, 0.0011015177416993536, 0.0014749553818546703, 0.0013792415600619278, 0.0014101001070230268, 0.001352187963493634, 0.0013934959803009405, 0.001141249348438578, 0.0015126011807296892, 0.001234655419102637, 0.0012613415303349028, 0.0011970022809691728, 0.0010701020357373634, 0.0011404084536479786, 0.0013913816190324725, 0.0011885782951139845, 0.0012994026437809225, 0.0012966441820026374, 0.0013258733597467653, 0.0011290304697467945, 0.0012133989006542834, 0.0010499155960133066, 0.0012264484314073341, 0.0011981310715782458, 0.0010177908476180163, 0.0011050871788029328, 0.0011343751437379978, 0.001153956595226191, 0.001389403807115741, 0.0010822370320966003, 0.0009218251399943256, 0.001174483612703625, 0.001067453900941473, 0.001097605456561723, 0.0010262299696478295, 0.000856445889803581, 0.001040969821769977, 0.0010542641804931916, 0.0011790348973590879, 0.000978587256395258, 0.0010488443509530042, 0.0008565232888940954, 0.0010603149643429789, 0.0011742185923139914, 0.0010582279013760854, 0.0009784840513930248, 0.0009865632233413634, 0.0008720509966224199, 0.0011020276018825826, 0.0007937523969303584, 0.0010022266518717516, 0.0007945489791381988, 0.0009564415327986353, 0.0010243876682579866, 0.0007992266981091233, 0.0009788984556507786, 0.0009848974712440394, 0.0009749936270964099, 0.0011021894875739235, 0.001125597967620706, 0.0008396525496209506, 0.000967656682132656, 0.0010691141145798611, 0.0007033733681964804, 0.0007510486570026843, 0.0007554632074970868, 0.0008353462391823996, 0.0008743642738409108, 0.0008361844684259268, 0.000874447035312187, 0.0009022394859130146, 0.0007306030907784589, 0.0008198476787583786, 0.0007426186552038416, 0.0010723781117121687, 0.0006583340493307333, 0.0010217735842161346, 0.0006265402060307678, 0.0009849107838817873, 0.0007530306800617836, 0.0009885393310469226, 0.0007413766154058977, 0.0006886236429636482, 0.000886467272630398, 0.0009252281426597619, 0.0007075300964061171, 0.0011028821187210268, 0.0007545499183834181, 0.0010343839949200628, 0.0007234786673507188, 0.0008806141413515434, 0.0007157568594266194, 0.000705582673799654, 0.0007522577991494472, 0.0005714408314815955, 0.0006678545563772786, 0.0006870372658909218, 0.000860157347005952, 0.0009195821707180585, 0.0007845476723559841, 0.0007255157080180652, 0.0009825813209317857, 0.0006344267684198712, 0.0009349195617687656, 0.0006949063557840418, 0.0006790437015524731, 0.0009102761389840453, 0.0007914856588286056, 0.0008003713357084052, 0.0007592091132210045, 0.0006555687901254714, 0.0008000592862117628, 0.0006711990051371686, 0.0006157318795203537, 0.0007347526035573538, 0.0009477720544964542, 0.0006062222088985437, 0.0006835188980403473, 0.0006492180864370312, 0.0007043149487799382, 0.0005083418793219608, 0.0005289770984745701, 0.0007646131209185115, 0.0005273245349371791, 0.0007619694183631509, 0.0005935743916779757, 0.0006884179637154375, 0.0006539083528878109, 0.000799773226299294, 0.0008536685651961306, 0.0006428866901842412, 0.0007053905623251921, 0.0009158049727375329, 0.0006062902783014578, 0.000699876256112475, 0.0006303640386704501, 0.0007428444778270205, 0.0008856338242594575, 0.0006613145641495067, 0.0006443697564463946, 0.0007423408295835543, 0.0008314056092785904]
2025-11-23 15:38:25 - feda2 - INFO - loss data:
2025-11-23 15:38:25 - feda2 - INFO - [17.044555696845055, 0.39294133130460973, 0.04618602652335539, 0.003104270264157094, 0.0030552507378160954, 0.0026941803516820073, 0.002855434734374285, 0.002695118627161719, 0.0026481960027012973, 0.002831008774228394, 0.0027134087606100364, 0.0026801352069014683, 0.0027839136251714084, 0.002679709388758056, 0.0027294988016365097, 0.0026870891510043294, 0.0026425494666909802, 0.002607246377738193, 0.0026816937315743417, 0.0024537299002986403, 0.0025165096623823045, 0.0022319117939332504, 0.0023957981262356046, 0.0022922047151951123, 0.002564333047484979, 0.0024681217095348985, 0.0021549330340349115, 0.0020099529676372184, 0.0022633070417214184, 0.0019782591582043095, 0.0018517486387281679, 0.001871439351089066, 0.0020001311699161303, 0.00182502125389874, 0.0017840016895206644, 0.0017806667790864596, 0.001874672593839932, 0.0016723160617402755, 0.0016620396767393687, 0.0018034977867500855, 0.0017865261412225663, 0.0015645930528989994, 0.0014777516160393133, 0.0015232688463584054, 0.0019227774420869537, 0.0016465276319650001, 0.0014721523246407741, 0.0016319202812155708, 0.001483852625824511, 0.001294954381592106, 0.001549814365716884, 0.0015896336975856685, 0.0015251911179802846, 0.0013674080139026046, 0.0014943306268833112, 0.0013507414143532513, 0.0013244158973975573, 0.0013300741949933581, 0.0014702011168992613, 0.0013125821682479, 0.0014660402965091634, 0.0013040352154348512, 0.0013909768793382681, 0.001285195391756133, 0.001234214815485757, 0.001751435730693629, 0.0014490835390461143, 0.0011991982908512002, 0.0014549957581039053, 0.0010492792309378274, 0.0013080236836685798, 0.0013819084095302969, 0.0013173700586776248, 0.0012081336037226718, 0.0011676926958898548, 0.0011416815821576165, 0.0014993095348472705, 0.0011593103750783484, 0.0013611448492156343, 0.0011530179930559826, 0.0011077568949986018, 0.0012468597051338293, 0.0008029052511119517, 0.0008612966208602302, 0.0009843784620898076, 0.0015893308889644686, 0.0011657194399958826, 0.0011808690927864519, 0.001045801734471752, 0.0013476313932187624, 0.0009780919111108234, 0.001086298481823178, 0.0010741931893790025, 0.0012898579119791976, 0.0011318786013816862, 0.0012096547579858452, 0.0009817411322728732, 0.0010222341239568777, 0.001260412237388664, 0.0010685164419555805, 0.0009124734746364993, 0.0009003987775940914, 0.000745361838289682, 0.0009744131940351508, 0.0012543990444100926, 0.0010436325657792623, 0.0011175291881954765, 0.0009332837766123703, 0.0009556360539136222, 0.000924631294401479, 0.0008721388549020048, 0.0010282306360750227, 0.0010151770562515593, 0.0013551659334552824, 0.000968826549797086, 0.0008797607079031877, 0.000989011284764274, 0.0008968565334726009, 0.0009773856028004956, 0.000985432098786987, 0.00088387716023135, 0.00093781087489333, 0.0011410672366764629, 0.001059158455245779, 0.0010294744344719218, 0.0009041967776283854, 0.0008113413157843751, 0.001164177334703709, 0.0007875499475630931, 0.0009376460373459849, 0.0009720820205984637, 0.0008519044215063332, 0.0005443465990538244, 0.000593207920542227, 0.0011063440952057135, 0.0008766457987803733, 0.0008294614381156862, 0.0008839948510285466, 0.0008760658420214895, 0.0007937528661841498, 0.0009775934207027605, 0.0010058781363113667, 0.0008878439000909567, 0.0008332265184435528, 0.0010198652897088322, 0.0008208516253944253, 0.00091610263716575, 0.0007254427768202732, 0.000993497534727794, 0.0008143053517414955, 0.0007884298318458604, 0.0008075198692495179, 0.0008862863668582578, 0.0007901384738943307, 0.0007861185229558032, 0.0007725502924586181, 0.0006990171496909169, 0.0008298896425912971, 0.0007786203066643793, 0.0010909284574154299, 0.001010396629499155, 0.0010658050659912988, 0.00070958729143058, 0.0007978818384799524, 0.001161033633434272, 0.0008442899312285589, 0.0010079396560286114, 0.0008451477281596453, 0.0007932550621262635, 0.0005828688755173062, 0.0008616262261966767, 0.0008309888458825299, 0.0007164145272327005, 0.0007150845939577266, 0.0006787956137941364, 0.0008541099364265392, 0.000982316293539043, 0.0006714141609336366, 0.0008281389185867738, 0.0006055763185941032, 0.0005760389517490694, 0.0008455422679617187, 0.0007403701821203867, 0.0006468444754318625, 0.0006369137452793439, 0.0008388269408897032, 0.0009602689196071879, 0.0007526884583967331, 0.0006273245137435879, 0.0008936143331084168, 0.0005844490493018383, 0.0008923785941078676, 0.0008359845854101877, 0.00078299943197635, 0.0005124911000166321, 0.0006645390984886036, 0.0007165586504470412, 0.0007406236927636201, 0.0008598744285336579, 0.0007173099210376676]
2025-11-23 18:19:16 - feda2 - INFO - loss data:
2025-11-23 18:19:16 - feda2 - INFO - [16.72872285246849, 0.34696125034242864, 0.02969967913813889, 0.0028521405998617414, 0.002801047108368948, 0.0027315043465932828, 0.0027770186919951812, 0.0027062397566623986, 0.0027983541745925326, 0.0027501957258209584, 0.0026803290093084797, 0.0027177454554475843, 0.0025644781795563175, 0.002735755767207593, 0.0028955946676433083, 0.0027692582400050013, 0.0026156905019888658, 0.002736577985342592, 0.0025719427358126268, 0.002752829378005117, 0.0025757333234651012, 0.002397409762488678, 0.002325350945466198, 0.002355488669127226, 0.0025141089980024846, 0.00220116735144984, 0.002399192399752792, 0.0022429675504099574, 0.0023301246605115012, 0.002212574501754716, 0.0024167507828678934, 0.002123740100068971, 0.002091209444915876, 0.0020220651145791634, 0.001867963968834374, 0.002180182082520332, 0.0020684169663582, 0.0020273762580472975, 0.0019498018838930875, 0.001641334925807314, 0.0018112839898094535, 0.0018356688167841641, 0.0018246566178277135, 0.0017389104832545854, 0.0017504894334706479, 0.0017458942464145368, 0.0016402686669607647, 0.0015643159800674765, 0.0015187524957582356, 0.0015023569190816487, 0.0017211277430760675, 0.0015853847537073307, 0.0013987305199407273, 0.001477289533795556, 0.0016133811470353976, 0.0016933651204453781, 0.0012842138461564901, 0.0013147191784810275, 0.0013507387950085104, 0.0012320830046519404, 0.0015983698362106225, 0.0015043091560073664, 0.0014478534641966688, 0.0014966476279369089, 0.0015696523965743835, 0.0013474453829985578, 0.0010975118205351464, 0.0013203757636802036, 0.0016146936378390818, 0.0013130458137311507, 0.0014637264313932972, 0.0012774514871125575, 0.001173428905531182, 0.0012969196242920587, 0.0015004717632109532, 0.0010459203429491026, 0.0014066142437513917, 0.0012343782385869418, 0.0013371368953812635, 0.0012788251267920713, 0.0011959376070080907, 0.001236387245262449, 0.0011661717981041875, 0.0009697851062810514, 0.0012917208641738398, 0.0009780166958080372, 0.0013242390185041588, 0.0013258521918032783, 0.0009835805740294745, 0.0011767846772272605, 0.0008410558877585573, 0.0007452485657267971, 0.0011503451562020928, 0.0012837473488616523, 0.0012307250704907346, 0.000941197913925862, 0.000978357217172743, 0.0008091772739135195, 0.0008984891677755514, 0.0009918708499753847, 0.0010964687262458028, 0.0011139360551169375, 0.0012246051155671012, 0.0012646256560401524, 0.0009251150746422353, 0.0009189302696540836, 0.0012170901423814938, 0.0012143436848418786, 0.0010798488288855878, 0.0010125793149200035, 0.0009588390043063556, 0.0009133072533586528, 0.0012828759776311927, 0.0008042432298680068, 0.0013212265621405095, 0.0010284259777108673, 0.0009856112399575067, 0.0008496662965626455, 0.0010261878531309778, 0.0008921826192818116, 0.0008697104000020772, 0.0011383608849428128, 0.0009700040005554911, 0.0009340975750092185, 0.0011889464920386674, 0.0008917290346289519, 0.0009109974002058152, 0.000993641990407923, 0.0009878347670564836, 0.0010664426914445357, 0.0010236880596494302, 0.001007061398559017, 0.0008821160268780659, 0.0011708822741638867, 0.0009448285063626827, 0.0007251411976540112, 0.0008804423219771707, 0.0010605863613818655, 0.0011538046764144384, 0.0008900488439394394, 0.0009285255189752206, 0.001019034163255128, 0.0009773393039722578, 0.0006563197282957844, 0.0009132415711064824, 0.0008102900311314443, 0.0010701648370741168, 0.001046547009173082, 0.0008039570337132318, 0.0008291744537928025, 0.0009809260503971019, 0.0009350920228825999, 0.0006999423948855111, 0.0007405955799185903, 0.0008540275555787957, 0.0008752946280765173, 0.0008302005599034601, 0.00087614466829109, 0.0007583293639072508, 0.0008256566137788469, 0.0009514712819509441, 0.0010335513952668407, 0.0007527199792093596, 0.0008183621686839615, 0.0007984167232280015, 0.0007551076650997857, 0.0007064133879794099, 0.0007732831711109612, 0.0010922404033408386, 0.0005899157060412108, 0.0010016116924816743, 0.0007320867852740776, 0.0007811167950421804, 0.0009369618118398648, 0.0008308858583404799, 0.0006827208097092807, 0.000674404410256102, 0.0006690581516522798, 0.00048270441061504243, 0.0009117900358432962, 0.0009370369661155565, 0.0009058715832907182, 0.0007169186755163537, 0.0011376407079296768, 0.0009994131412895512, 0.0007324923993110132, 0.0007713848102866905, 0.0007517890921917569, 0.000704793189152042, 0.0007779229412335553, 0.0008275495364614472, 0.0007314145253076276, 0.0007950417959364132, 0.0006965011798456544, 0.0008907423196433228, 0.000692486785192159, 0.0007881282394237132, 0.0008340837612195173, 0.0008053977340750862, 0.0009862240453003325]
2025-12-08 09:21:18 - feda2 - INFO - loss data:
2025-12-08 09:21:18 - feda2 - INFO - [23.649760293960572, 23.65673851966858, 20.968113565444945, 9.926720511913299, 0.2158716155681759, 0.008627756760688499, 0.0031176035583484916, 0.002674136674613692, 0.003237651954987086, 0.0027414912241511048, 0.002836809304426424, 0.0027515413967194036, 0.002713518054224551, 0.002656664149253629, 0.002524674142478034, 0.00255030810367316, 0.002749527269043028, 0.002390639125951566, 0.0027131956565426664, 0.002564220325439237, 0.002493291007704101, 0.002249783411389217, 0.0024715940991882233, 0.002271563932299614, 0.002105585328536108, 0.00214614154829178, 0.002182996913325042, 0.0020656471300753766, 0.0020513868614216333, 0.0019114465860184282, 0.0019414764261455274, 0.0017104226702940651, 0.002157985513622407, 0.0019663051527459173, 0.0019518721863278187, 0.0016685990078258326, 0.0018103365146089345, 0.0015711745349108242, 0.0018338723908527756, 0.0016323326533893125, 0.0016180182472453454, 0.0017053201183443887, 0.001694578673050273, 0.0016913172192289494, 0.0018031809071544559, 0.0015021360923128668, 0.001701321553264279, 0.0013048151333350686, 0.0018442760854668451, 0.001331354429567, 0.0015266368784068618, 0.0016150279072462582, 0.0013873659539967776, 0.0013006624209083383, 0.001592706666997401, 0.0013900662888772786, 0.0015326073233154602, 0.0015453437983524055, 0.0015345220468589104, 0.0011129244645417201, 0.0014898652851115912, 0.001365157031978015, 0.0013894091876863967, 0.0013671083266672212, 0.0014049831981537864, 0.0010389495953859295, 0.0015007830705144444, 0.0012424712331267074, 0.0012663687077292707, 0.001231923129307688, 0.0010596470256132307, 0.0011396759255148936, 0.0013700969171623, 0.0011944667428906543, 0.0012354268576018513, 0.001320625415246468, 0.0013401302006968764, 0.001103010543738492, 0.0012575338119859224, 0.0010002553623053244, 0.0012956246377143544, 0.001207729458110407, 0.0010114278982655378, 0.001113286561303539, 0.0011793385296186899, 0.0012215021462907314, 0.0013273769727675244, 0.0011655031608825083, 0.0009595229299520724, 0.0011985034980170894, 0.0011468784538010367, 0.0010537911621213425, 0.0009967735739337515, 0.0009021668913192116, 0.0010660268013452877, 0.0010613747708703158, 0.001141471034497954, 0.000978310062419041, 0.0010492543373402442, 0.0008259308069682447, 0.0010722490476837265, 0.001183165940528852, 0.00099540287264972, 0.0010533974893405683, 0.0009607362064343761, 0.0009501664830168012, 0.0010845500662981066, 0.0007937609498185338, 0.001018159532941354, 0.0008066825800597144, 0.0009130630164690956, 0.0011152679451697624, 0.0008577934429922606, 0.0009115027594816638, 0.0009594861887308071, 0.0009808075268665562, 0.0010905374692811165, 0.001133625554939499, 0.0008180508411896881, 0.0009919565063682967, 0.0010757630350781257, 0.0006936014126040391, 0.0007325477861741092, 0.0007740655476482061, 0.0008083452293249138, 0.0008674489118220662, 0.000857590385749063, 0.0008725603434868389, 0.0009151122723778827, 0.000680420112257707, 0.0008244960954471026, 0.0006987388584093424, 0.0010671101030311548, 0.0006509150271085673, 0.0009644279170970549, 0.0006907355185830965, 0.0010277925703121582, 0.0007431506772263674, 0.001007291601399629, 0.0007799178783898242, 0.0007195417921138869, 0.0008666206345878891, 0.000843816888936999, 0.0006857375490653794, 0.0010621352565067354, 0.0007568479192741507, 0.0011263498334301405, 0.0007693500669120113, 0.000887897862776299, 0.0007153485452363384, 0.0006939719155980128, 0.0007587216248793993, 0.0005393110489421815, 0.0007049533514418727, 0.0006617303037501187, 0.0009086072139552926, 0.0008004736698239868, 0.0007616472769768734, 0.0007511188679245606, 0.0010273547547058116, 0.0006020393992912433, 0.0008783628162063906, 0.0007028909345535794, 0.0007276218560946291, 0.0009226100045452767, 0.0007435150509991217, 0.0009064443379429576, 0.0007152009930905479, 0.0006146445752165164, 0.0007914519277619548, 0.0006890766841934238, 0.0005954881944489898, 0.0007114379154245399, 0.0009129356058110716, 0.0005640996497731976, 0.0006480867926256905, 0.0006805415841881768, 0.0007584251290609246, 0.0005794778516246879, 0.0005659721192841972, 0.0008097521001673158, 0.0005875838764040964, 0.0007916665957054647, 0.0005235224397438287, 0.0007353410003588579, 0.0006855328430901864, 0.0007742355763184605, 0.0009114895052334759, 0.0007158857544254715, 0.0007073740517625993, 0.000906548722559819, 0.0006540009996570007, 0.0006947469189981347, 0.0006505696233944036, 0.000691700317838695, 0.0009043204087902267, 0.0005643641584356374, 0.0006125595317371334, 0.0007403871855785837, 0.0008333753594342852]
2025-12-08 11:58:22 - feda2 - INFO - loss data:
2025-12-08 11:58:22 - feda2 - INFO - [23.655153942108154, 23.649635219573973, 21.12901101112366, 10.405884766578675, 0.2394411431159824, 0.008018389041535557, 0.004091607558075338, 0.0027220177842536943, 0.0027298764092847706, 0.002844073390588164, 0.0027560496906517073, 0.0026502321707084775, 0.003145639938884415, 0.0027197294402867556, 0.002772241260390729, 0.002753183330059983, 0.0027649686904624104, 0.0027490672480780633, 0.0027628271956928073, 0.0025887513067573307, 0.0027117965219076723, 0.0024067787919193505, 0.0024403687566518784, 0.002409347746288404, 0.002483975383802317, 0.002257552303490229, 0.002321672046673484, 0.002151094021974132, 0.002406408041133545, 0.00200227937893942, 0.001942293278989382, 0.0019355359938344916, 0.002098666924575809, 0.0018839613418094813, 0.0019057032390264793, 0.0018459814818925224, 0.0019530956866219639, 0.001797939877724275, 0.0016646782496536616, 0.0017862509019323624, 0.001869378854462411, 0.0015266572852851825, 0.0015337495919084177, 0.001639753964263946, 0.002048193990776781, 0.0016542962635867297, 0.0015219449429423547, 0.0016326870274497197, 0.001523619666841114, 0.0013803242181893438, 0.001740733578481013, 0.0017037576661095954, 0.001613490656018257, 0.0014604439602408092, 0.0015173430620052386, 0.0013263010674563701, 0.0014094876161834691, 0.0013269892042444553, 0.0013958405870653223, 0.0014192177251970862, 0.0016250324108114, 0.0014092806814005598, 0.0013551160258430174, 0.0013734429634496338, 0.0012205131009977777, 0.0016847801984113176, 0.0015407514802063815, 0.0012691044539678842, 0.0013505352697393393, 0.0011092491218732902, 0.00135213012326858, 0.001439528472837992, 0.001347459176759003, 0.0012355510098132072, 0.0012175051720987539, 0.0011770432982302738, 0.0013812517834594473, 0.0011603741008002545, 0.0012753016279020812, 0.001253596309106797, 0.001235750837076921, 0.001262141355618951, 0.0010043550468253671, 0.0008847808665450429, 0.0010361483433371176, 0.0016169425558473448, 0.0012346365885605338, 0.0012486092724429908, 0.00105846922906494, 0.0012969337607501076, 0.0010223548830254003, 0.0011954657398746348, 0.001006314502319583, 0.0013612362754429341, 0.0011403387996324454, 0.001205653281431296, 0.001055858215840999, 0.001050467277127609, 0.0012471056870708708, 0.0011323611135594545, 0.001016616826018435, 0.000952096416403947, 0.0008170342945959419, 0.0009586131435298739, 0.0011881441060722863, 0.000984752503427444, 0.0012145493070420343, 0.0010375135694630443, 0.0010482610668987036, 0.0009755089282407426, 0.0008388226062379545, 0.001042323863657657, 0.0010679215783966356, 0.0012893037255707895, 0.0009801072137634037, 0.0009505921305390074, 0.0010659159475835621, 0.0008968730554443028, 0.0010269221045746237, 0.0011085072121204576, 0.0009643241513913382, 0.0009198005547659705, 0.001170828313115635, 0.0010654971323674546, 0.0010683852764486802, 0.000976349895063322, 0.0008507269036272192, 0.001121190106823633, 0.0008475375019770581, 0.0008871882280800491, 0.0009628953306673793, 0.0008425077059655451, 0.0005538451922461717, 0.0005978698196940968, 0.001070255300601275, 0.0007913593379271333, 0.0008556528842746046, 0.0008145671014062828, 0.0008955096008321562, 0.0008048474065617483, 0.0008838848769755713, 0.0010042696020718723, 0.0009894961342979515, 0.0008417144423219725, 0.00110505959346483, 0.0008470659531667479, 0.0008458293145849893, 0.0007037427176328492, 0.001021792432084112, 0.0008340927386598195, 0.000787037333157059, 0.0007928630278911442, 0.0009411209137397236, 0.0008178843105270062, 0.0007987534154381137, 0.0008350696416528081, 0.000820421302523755, 0.0007898888929048553, 0.0008719497231140849, 0.0010967095287924165, 0.0010261207022267626, 0.0010646631335475831, 0.0006442179709665652, 0.0007287936603461275, 0.0012037959120789312, 0.0007486383899959037, 0.000982659542842157, 0.0008284562856715639, 0.0008306076315420796, 0.0006376487591296609, 0.0009391321863404301, 0.0008345361364263226, 0.0007563970995761338, 0.0006825811207818333, 0.0007287359564543295, 0.0008644509041005222, 0.0008595089377195109, 0.0005748269667492423, 0.0008472210261970759, 0.0006861522237159079, 0.0005992813708871836, 0.0008041852071301037, 0.0008432797001660219, 0.0006244211863304372, 0.0006551330191541637, 0.0008895216302335029, 0.0009211985737238138, 0.0008043048427680334, 0.0006790035939957307, 0.000851858034820907, 0.0006434608407289488, 0.0008710140895345831, 0.0008197575654776302, 0.0008492631146509665, 0.0004988183810837654, 0.000663168066785147, 0.0007897636553025223, 0.000793285725012538, 0.0007827212280972162, 0.0007565904690636672]
2025-12-08 14:38:24 - feda2 - INFO - loss data:
2025-12-08 14:38:24 - feda2 - INFO - [23.64751124382019, 23.641491746902467, 20.90484561920166, 9.64672773182392, 0.15703795048175379, 0.0046218943200074135, 0.003246352940914221, 0.002761042103520595, 0.0028163999813841656, 0.002751601082854904, 0.0027290616562822834, 0.0027302878734190017, 0.0025643521803431213, 0.002777867583790794, 0.0029081353335641325, 0.0027567196637392046, 0.002570345185813494, 0.002676300163147971, 0.002550863765645772, 0.002724690703325905, 0.002612630109069869, 0.0023607273324159905, 0.002281824965029955, 0.0022670573467621583, 0.0024793805438093845, 0.0021439897187519818, 0.002421025435614865, 0.0022374499152647332, 0.0022365779179381205, 0.0021698715310776604, 0.002425981129636057, 0.002045121758419555, 0.0020975598017685115, 0.0019389564200537278, 0.0018125289876479655, 0.002022874771500938, 0.0019540300098014997, 0.0018854014837415888, 0.0019222137387259863, 0.0016136134734551888, 0.0016043385141529143, 0.0017722059703373816, 0.0018257394098327496, 0.0017629823865718207, 0.0017793716135201974, 0.0016753323354350867, 0.0015750662205391563, 0.001513714698376134, 0.0015010200237156822, 0.0014544407691573723, 0.0017238564367289654, 0.0014648124342784286, 0.0014483921935607214, 0.0014064691982639487, 0.0015098470787052063, 0.0016035456501413137, 0.0011818805629445705, 0.0013635588657052722, 0.0012694204266153974, 0.0011544020555447787, 0.0015692672222940018, 0.0015276418918801936, 0.0014059713601454861, 0.0013579304708400742, 0.0015641701305867174, 0.0013708264261367731, 0.001068011426468729, 0.0013261557527584956, 0.0015437919219948525, 0.0012537433744000737, 0.0014358788539539091, 0.0013178250563214535, 0.0012389772731694394, 0.001205861253401963, 0.0014873534921207466, 0.0010462790927704192, 0.0013390956279181409, 0.0011883320577908308, 0.001299222196030314, 0.0012981710679014213, 0.001184315343380149, 0.0012405943283738453, 0.00106180611619493, 0.001101440870843362, 0.0013922641948738601, 0.001009725119365612, 0.0012797150077858534, 0.0012777607786119915, 0.0009347556125248957, 0.001025388517155079, 0.0008745265922698309, 0.0007315890929021408, 0.001093737289920682, 0.001155344595463248, 0.001298993441014318, 0.0008895237748220097, 0.0008637541597636301, 0.000817685896072362, 0.0009609348840967869, 0.001016203918698011, 0.0010682948919566114, 0.0010799981158925221, 0.001197940203201142, 0.0011827811373223084, 0.0008550553964596474, 0.0008239523976953933, 0.0011644935857475502, 0.0011739034693164286, 0.000950266116160492, 0.000993342724905233, 0.0010249418908642837, 0.0008407779539993498, 0.0013333771283214448, 0.0008014080281100178, 0.0012449167043087073, 0.0009414708041731502, 0.001034538289422926, 0.0007854682549805147, 0.000936314757927903, 0.0009049882110048202, 0.0007400507915917842, 0.0012399354440276512, 0.0010182111342146526, 0.0008577095379223465, 0.0012162702732894104, 0.0007988619781826856, 0.0008796457794232992, 0.0008903258238206036, 0.000922720927883347, 0.0009772102755960079, 0.0009206582781189354, 0.0009623938107324648, 0.000923038523978903, 0.0011648358788079348, 0.0009484799511483288, 0.0007330601281864801, 0.0008152041275025113, 0.0010102430735059898, 0.0010559689746060031, 0.0009103622276597889, 0.000862140175740933, 0.0010521166976104723, 0.0009079535499040502, 0.0006566629625922361, 0.0009214911000526627, 0.0008396060828999907, 0.0010165362484258367, 0.0009641629781981464, 0.0007945266321257805, 0.0008089877325801354, 0.0009627641470615345, 0.0009704341330689203, 0.0006578764580353891, 0.0007477052389731398, 0.0008623905683634802, 0.0008556627326470334, 0.0006889839742143522, 0.000941692367041469, 0.0006728809858032037, 0.0007526043276811833, 0.0009025332061355585, 0.0008809432713860587, 0.0007074710356391734, 0.0007692378965657553, 0.0007240344670890409, 0.0006497492493508616, 0.0007276461600213225, 0.0007960477840242674, 0.0011611933688072894, 0.0005659548258336144, 0.0009465320432354928, 0.0006573564770405938, 0.0007833926982129924, 0.0009053501502421568, 0.000771247122065688, 0.0006715118412103038, 0.0006666568632681446, 0.0007152721786042093, 0.00046546996009055874, 0.0008681225711370643, 0.0009238978840585332, 0.0008584281924413518, 0.0006255915470319451, 0.0010974570155667606, 0.0009491048477684672, 0.000707634222908382, 0.0007472032041732745, 0.0007243375041070977, 0.0006188204139107255, 0.0007077458514686441, 0.0007460375325536006, 0.0006769212288418203, 0.0006886760380439228, 0.0006510805435937072, 0.000855449307255185, 0.0006421899091947125, 0.0007236388088131207, 0.000780562488034775, 0.0007946416524646338, 0.0010419154041301226]
