2025-11-06 17:05:07 - fedrand - INFO - loss data:
2025-11-06 17:05:07 - fedrand - INFO - [0.5297665463929826, 0.7612925879657269, 0.6349208654854634, 0.6350855212037763, 0.9825369397934992, 1.996766746044159, 0.6586230452539343, 0.8310331553220749, 0.5994955201943715, 0.4395065935949485, 0.8169594696826405, 0.48373241824182595, 0.49488901985543116, 0.5139280607302983, 0.5055326582355932, 0.6007328381141027, 0.47559082995673335, 0.2563079811110528, 0.8147577941417694, 0.5439824626914093, 0.3880811267428928, 0.646100281427304, 0.3672964982688427, 1.136674900623885, 0.6157315770785013, 0.6686849990351633, 0.4761064254650564, 0.3384576089059313, 1.3305373355480177, 0.2529998275318316, 0.69722409512509, 0.8394157765433192, 0.37470773234963417, 0.5858110650019213, 0.27464427798986435, 0.6628941490004461, 0.4819261436424558, 0.2793860426172614, 0.43672840466553514, 0.4992250967770815, 0.5266110822558403, 0.42254839589198434, 0.5226000616593021, 0.39580041436212404, 0.18168081436306238, 1.823298055678606, 0.21338127073416085, 0.33184043453498324, 0.3746025992388075, 0.4604898914694786, 0.3665554999994735, 0.7092243145135316, 0.3318126381733843, 0.41565641984343527, 0.8222788888961077, 0.4275231882929802, 0.3452447010204196, 0.5121910062364556, 0.29072377796877513, 0.20696357267701793, 0.22315713704253237, 0.19690620037727058, 0.39932446516673975, 0.23097941598721913, 1.2161675747483969, 0.43124948504070443, 0.4312223833468225, 0.2781305587185281, 0.6730924360454082, 0.391039714217186, 0.3758070394396782, 0.41787032286326087, 0.28465323817605775, 0.41683053333254066, 0.8994594793456296, 0.2718805613165552, 0.7220913816920735, 0.48468328081071377, 0.2751638224743532, 0.8588243805699878, 0.30632321858808165, 0.22586188909246935, 0.14341869189083808, 2.1474892385303974, 0.2502049051849595, 0.1382518838683609, 0.9845130627579761, 0.24015543694711394, 0.6308251861482859, 0.3137521743774414, 0.3562026917623977, 0.8699244633316994, 0.4288291707634926, 0.14412708560703322, 0.2811794962006388, 1.6867277934021938, 0.40314381894847706, 0.35552809095348825, 0.750427633523941, 0.5660952441394329, 0.2792239495449596, 0.9073794782161713, 0.21971313621510158, 0.2918595603322804, 3.8912356793880463, 0.8365465212199423, 0.3827730773223771, 0.27329182556131854, 0.449670029005834, 0.6082431133836508, 0.34657303616404533, 0.2109215800310411, 0.2868283756754615, 0.3453170172870159, 0.5993550146619478, 0.2685151987455108, 0.6257511004805565, 0.29716568998992443, 0.29931305005909903, 0.3466160222887993, 0.2764899534735984, 0.743486845607145, 0.17650149586713976, 0.8286362811923027, 0.34361208704384893, 0.3483542234503797, 0.2639766756558057, 0.6262111365795135, 0.43419067561626434, 0.20058713033795356, 0.1961764848587336, 0.9902517024223926, 1.74210279781837, 0.3255299978142527, 0.2504600721731549, 0.21489520409709906, 0.15593107123193997, 0.912517592141574, 0.699006199836731, 0.5674484545985857, 0.4941211845725775, 0.2796460016320149, 0.9567854292690754, 1.0235684995672532, 1.0091904806239265, 0.5094261706214059, 0.512940503538601, 0.40980295091867447, 0.33166555794222013, 0.3598616214262115, 0.3649911910972812, 0.40503934522469837, 0.3755029191573461, 0.27014798764139414, 0.33494187643130624, 0.338999606255028, 0.41918618178793365, 0.43200423941016197, 0.5878570191562176, 0.356625448216914, 0.3071394015780904, 0.45870136842131615, 0.697425534700354, 0.4864047103162323, 0.9942779839038849, 0.21416145296146472, 1.0670373199714556, 0.3916402654644723, 1.0394902599956652, 0.16480134990332385, 0.899365593575769, 1.1629264056682587, 0.6216558530693874, 1.4870568689974872, 0.21157621485846384, 0.2084719046122498, 0.8181236816400832, 0.3628327984362841, 0.3353545255959034, 0.4724041633307934, 0.2315539020313216, 0.5216400745790452, 1.147934463289049, 1.1850428581237793, 0.1431400876181821, 0.6489857672290369, 0.6894563436508179, 0.24621221878462368, 0.5071264647413045, 0.3549110787432818, 0.6155180060728029, 0.6511676612177065, 0.6307363919913769, 0.594340818747878, 0.19409005232155324, 0.8930656537413597, 1.1584955677390099, 0.7491089263930917, 0.15439606122672558, 0.2371459183327499]
2025-11-08 14:54:02 - fedrand - INFO - loss data:
2025-11-08 14:54:02 - fedrand - INFO - [0.5226068462837826, 0.804668627679348, 0.606779244587277, 0.6796928625864287, 1.0235387547378196, 1.733894094824791, 0.5984669978344681, 0.7929872671763103, 0.54102556904157, 0.38707885189602775, 0.6814821718467606, 0.44048071280121803, 0.5063193051942757, 0.4885460113485654, 0.4416991201314059, 0.6256153409679731, 0.4834880096087646, 0.23060270372397182, 0.763568177819252, 0.4907815024434101, 0.35300277546048164, 0.5995225670437019, 0.3626709866027037, 1.1047272607684135, 0.6208407746420966, 0.6115708557719535, 0.4163709269704843, 0.4470288507485141, 1.3968734962067433, 0.2162552350865943, 0.8102676258845762, 0.600035335868597, 0.3440043164624108, 0.5329706082967195, 0.22158180656177656, 0.6876099923004706, 0.4669354217688716, 0.2772778480180672, 0.4042863344604319, 0.4061684887856245, 0.4574909466836188, 0.40386805683374405, 0.4231254136455911, 0.37159713530646904, 0.1491606713583072, 1.5213146199239418, 0.19262234862419841, 0.26184733550656925, 0.33024756593460386, 0.3188403149445852, 0.4657247805657486, 0.7733216885138642, 0.2960502916035087, 0.3603373983254035, 1.0984569527208805, 0.5182001367211342, 0.39069303777068853, 0.4994583187455481, 0.2743805934759703, 0.2102429385866142, 0.20802268249293168, 0.13484368512096503, 0.3851768060239277, 0.18966429002050844, 1.092860458418727, 0.40075062960386276, 0.3917740413712131, 0.27821648706282887, 0.8798860050737858, 0.3749813623726368, 0.4461864084005356, 0.47180238738656044, 0.315061706242462, 0.5122134217584972, 0.9782541342700521, 0.22633144801313226, 0.6172387825155801, 0.17215929552912712, 0.3169726336882873, 0.6903723966744211, 0.3000853377734385, 0.21166158133706492, 0.06908164173801197, 2.222557483748956, 0.23941711382411252, 0.11693665315106046, 1.1359739932372714, 0.2525411630101088, 0.7487449115142226, 0.3848445415496826, 0.1770686116379996, 0.7817718610167503, 0.2774616261012852, 0.1340412868448766, 0.3001609886297956, 1.7052148765457484, 0.356735139848694, 0.29411092900078406, 0.4071258501046234, 0.8458877503871918, 0.2720545062588321, 1.020498812198639, 0.22610772446249472, 0.2683859585847434, 3.8424434065818787, 0.8090531908803515, 0.3946944098505709, 0.26870987761358267, 0.33460135385394096, 0.6013636440038681, 0.3648668440679709, 0.23309934539868243, 0.26113578338514676, 0.29627365127883176, 0.22036133023599783, 0.2545328837904063, 0.4419911541044712, 0.41514379713176325, 0.307718277273197, 0.2413885205363234, 0.29381899285751084, 1.092902272939682, 0.1752069646803041, 0.6098982021212578, 0.2821309952573343, 0.3228342670149037, 0.2402031687511639, 0.354334332048893, 0.46929217129945755, 0.1945152944419533, 0.13638413211301667, 0.7697733512279228, 1.486408617322013, 0.3460618057724787, 0.16829144313087455, 0.21129229096474036, 0.136584274220236, 1.0284595459022305, 0.6660894230008125, 0.2650249575575193, 0.3245539776980877, 0.26476348293945196, 1.3181304782629013, 0.9409852673166564, 1.2629001324198075, 0.5531741196120328, 0.48162840425022063, 0.39702336490154266, 0.33999413145439966, 0.32614885053286946, 0.3870972745459188, 0.2872737590223551, 0.3483320238689581, 0.3294657953083515, 0.3470075604402357, 0.35302024376061225, 0.5245272171284471, 0.5330465842659274, 0.5851635001599789, 0.36306638177484274, 0.3739245474677194, 0.38965318724513054, 0.7694662608206272, 0.5101510461952005, 1.4040350019931793, 0.1597421983256936, 1.091894689740406, 0.4093285634040108, 1.0781145565437549, 0.1561021876166619, 1.303015133159028, 0.9103400558233261, 0.6743892946280539, 1.5649404579942878, 0.17729027143546514, 0.21588655271463925, 0.6441271809691733, 0.3137861520051956, 0.28847220646483557, 0.5144202373921871, 0.21928652865546092, 0.6279048438183963, 1.4082737399472132, 1.2526183873414993, 0.14308346968498967, 0.6840905284678395, 0.4426165297627449, 0.2440299354493618, 0.4914043435361236, 0.4028646198234388, 0.688866757533767, 0.5038793291896582, 0.666332483291626, 0.870215325926741, 0.17089352407492697, 0.8120859377086163, 1.2785356789827347, 0.8176680144599893, 0.10719599037741621, 0.2049198572834333]
2025-11-09 20:09:26 - fedrand - INFO - loss data:
2025-11-09 20:09:26 - fedrand - INFO - [0.5234082132916559, 0.7694317400455475, 0.6250585931720156, 0.5717918885871768, 1.1133540439914213, 1.9348803535103798, 0.6241916691263516, 0.7834137479464214, 0.544062505165736, 0.37678715406606594, 0.8163045412964292, 0.4694724113426425, 0.5109738664967673, 0.5355157280961673, 0.4546041637659073, 0.6310502861936887, 0.48019504979440375, 0.23479576045506154, 0.7551872655749321, 0.48645922852059204, 0.287640358424849, 0.5905565333863099, 0.32884596226116025, 0.8906445157798853, 0.5616923024257024, 0.7270473621108315, 0.4434535597084146, 0.3660687039761494, 1.2827544925468308, 0.24810050121907679, 0.9290847280486063, 0.5443199519068003, 0.31734237571557367, 0.5324683416296135, 0.23658608698419162, 0.6796193321545918, 0.45518731633349074, 0.259425463154912, 0.409190006215464, 0.3975967485457659, 0.48607587814331055, 0.47083861670560306, 0.36138587910681963, 0.45487916017217295, 0.15068395459093153, 1.7207129001617432, 0.1757940899892544, 0.27059384570880374, 0.36510535854507575, 0.3591681395967802, 0.39905220484361054, 0.7110419662838632, 0.2965792417312817, 0.3464495809127887, 0.7610427271574736, 0.4958414410551389, 0.3833038480952382, 0.45960117978128523, 0.23058360848914494, 0.19816558357949057, 0.18841756585364539, 0.08434159607471277, 0.3642913881651681, 0.18491905980876513, 1.0544436816126108, 0.42352791875600815, 0.36780486173099947, 0.3087664624410016, 0.8869811519980431, 0.35504527390003204, 0.48016148060560226, 0.4263109639286995, 0.3556638818544646, 0.5872693131008418, 1.0960260219251117, 0.26257274875586684, 0.7945990491319787, 0.23761168215423822, 0.32041906719519336, 0.8545747647682825, 0.3300171275697057, 0.21686657994695296, 0.0928816772357095, 2.3384901131079956, 0.23686790512927638, 0.15450579742027912, 0.961523332943519, 0.24061615071776843, 0.7507565543055534, 0.42597896605730057, 0.22371206794244547, 0.6215659864246845, 0.3939048433676362, 0.15730837627488653, 0.18295832903822884, 1.8331522848457098, 0.40992612895807107, 0.46931880238381296, 0.4173899381938908, 0.5703774774447083, 0.27424191476570237, 0.7772170603275299, 0.19338455886551828, 0.28506996304592275, 4.495373547077179, 0.7647492591705587, 0.5131124553995, 0.32867589910165407, 0.3132697508803436, 0.705926738679409, 0.35024232789874077, 0.22783672509508002, 0.23541029966013, 0.3386664288965139, 0.39351755008101463, 0.3453217810866508, 0.31087179854512215, 0.30946715959263116, 0.2782156915655212, 0.2566338088363409, 0.2084652744223907, 0.9369272391001384, 0.15336453487786156, 0.7450222745537758, 0.29288500564342196, 0.3063265412513699, 0.24646656226479646, 0.6413714624941349, 0.5400665253400803, 0.21557384717743844, 0.09696245914383325, 1.134185849663724, 1.7389810734370257, 0.2637503559041458, 0.20419510285937575, 0.22203579222162564, 0.1597308581783658, 1.0154224375093526, 0.7746523916721344, 0.3419535656770071, 0.4357065986841917, 0.4004747069440782, 0.9625942092388868, 1.1968517609472786, 0.8796542602192079, 0.6215239451690153, 0.45436136844375774, 0.5599310733377934, 0.4706331746918815, 0.356412342025174, 0.38769015940752893, 0.35180855045715964, 0.4345088849465052, 0.3684360347688198, 0.3306491496041417, 0.307651824835274, 0.39550381100603516, 0.5913206124678254, 0.7040719389915466, 0.3734684001968859, 0.3887759338725697, 0.4862605780363083, 0.8937014605849981, 0.5545875576457807, 1.3561500310897827, 0.183559794879208, 0.7788104272783838, 0.3862955218517325, 1.0699650282886894, 0.17055875604883547, 0.973122545828422, 1.211422860622406, 0.8550984606379644, 1.9159771847453984, 0.1976154837757349, 0.19226458192699486, 0.5803771384737708, 0.4445778574794531, 0.3698341907667262, 0.6116035394370556, 0.20643822444336757, 0.6314669897314161, 1.2148634327782526, 0.9492234289646149, 0.15204677989795096, 0.6638262471692129, 0.5501345619559288, 0.29272815088431037, 0.5820303071755916, 0.43771080158296083, 0.6401712179861285, 0.49204844635512146, 0.7096176259219646, 0.5806228681157033, 0.14594089859165252, 0.930909960065037, 1.3261272013187408, 0.7473832897164605, 0.11588822522511086, 0.19915035358142286]
2025-11-10 18:07:33 - fedrand - INFO - loss data:
2025-11-10 18:07:33 - fedrand - INFO - [0.5234082132916559, 0.7694317400455475, 0.6250585931720156, 0.5717918885871768, 1.1133540439914213, 1.9348803535103798, 0.6241916691263516, 0.7834137479464214, 0.544062505165736, 0.37678715406606594, 0.8163045412964292, 0.4694724113426425, 0.5109738664967673, 0.5355157280961673, 0.4546041637659073, 0.6310502861936887, 0.48019504979440375, 0.23479576045506154, 0.7551872655749321, 0.48645922852059204, 0.287640358424849, 0.5905565333863099, 0.32884596226116025, 0.8906445157798853, 0.5616923024257024, 0.7270473621108315, 0.4434535597084146, 0.3660687039761494, 1.2827544925468308, 0.24810050121907679, 0.9290847280486063, 0.5443199519068003, 0.31734237571557367, 0.5324683416296135, 0.23658608698419162, 0.6796193321545918, 0.45518731633349074, 0.259425463154912, 0.409190006215464, 0.3975967485457659, 0.48607587814331055, 0.47083861670560306, 0.36138587910681963, 0.45487916017217295, 0.15068395459093153, 1.7207129001617432, 0.1757940899892544, 0.27059384570880374, 0.36510535854507575, 0.3591681395967802, 0.39905220484361054, 0.7110419662838632, 0.2965792417312817, 0.3464495809127887, 0.7610427271574736, 0.4958414410551389, 0.3833038480952382, 0.45960117978128523, 0.23058360848914494, 0.19816558357949057, 0.18841756585364539, 0.08434159607471277, 0.3642913881651681, 0.18491905980876513, 1.0544436816126108, 0.42352791875600815, 0.36780486173099947, 0.3087664624410016, 0.8869811519980431, 0.35504527390003204, 0.48016148060560226, 0.4263109639286995, 0.3556638818544646, 0.5872693131008418, 1.0960260219251117, 0.26257274875586684, 0.7945990491319787, 0.23761168215423822, 0.32041906719519336, 0.8545747647682825, 0.3300171275697057, 0.21686657994695296, 0.0928816772357095, 2.3384901131079956, 0.23686790512927638, 0.15450579742027912, 0.961523332943519, 0.24061615071776843, 0.7507565543055534, 0.42597896605730057, 0.22371206794244547, 0.6215659864246845, 0.3939048433676362, 0.15730837627488653, 0.18295832903822884, 1.8331522848457098, 0.40992612895807107, 0.46931880238381296, 0.4173899381938908, 0.5703774774447083, 0.27424191476570237, 0.7772170603275299, 0.19338455886551828, 0.28506996304592275, 4.495373547077179, 0.7647492591705587, 0.5131124553995, 0.32867589910165407, 0.3132697508803436, 0.705926738679409, 0.35024232789874077, 0.22783672509508002, 0.23541029966013, 0.3386664288965139, 0.39351755008101463, 0.3453217810866508, 0.31087179854512215, 0.30946715959263116, 0.2782156915655212, 0.2566338088363409, 0.2084652744223907, 0.9369272391001384, 0.15336453487786156, 0.7450222745537758, 0.29288500564342196, 0.3063265412513699, 0.24646656226479646, 0.6413714624941349, 0.5400665253400803, 0.21557384717743844, 0.09696245914383325, 1.134185849663724, 1.7389810734370257, 0.2637503559041458, 0.20419510285937575, 0.22203579222162564, 0.1597308581783658, 1.0154224375093526, 0.7746523916721344, 0.3419535656770071, 0.4357065986841917, 0.4004747069440782, 0.9625942092388868, 1.1968517609472786, 0.8796542602192079, 0.6215239451690153, 0.45436136844375774, 0.5599310733377934, 0.4706331746918815, 0.356412342025174, 0.38769015940752893, 0.35180855045715964, 0.4345088849465052, 0.3684360347688198, 0.3306491496041417, 0.307651824835274, 0.39550381100603516, 0.5913206124678254, 0.7040719389915466, 0.3734684001968859, 0.3887759338725697, 0.4862605780363083, 0.8937014605849981, 0.5545875576457807, 1.3561500310897827, 0.183559794879208, 0.7788104272783838, 0.3862955218517325, 1.0699650282886894, 0.17055875604883547, 0.973122545828422, 1.211422860622406, 0.8550984606379644, 1.9159771847453984, 0.1976154837757349, 0.19226458192699486, 0.5803771384737708, 0.4445778574794531, 0.3698341907667262, 0.6116035394370556, 0.20643822444336757, 0.6314669897314161, 1.2148634327782526, 0.9492234289646149, 0.15204677989795096, 0.6638262471692129, 0.5501345619559288, 0.29272815088431037, 0.5820303071755916, 0.43771080158296083, 0.6401712179861285, 0.49204844635512146, 0.7096176259219646, 0.5806228681157033, 0.14594089859165252, 0.930909960065037, 1.3261272013187408, 0.7473832897164605, 0.11588822522511086, 0.19915035358142286]
2025-11-11 11:12:48 - fedrand - INFO - loss data:
2025-11-11 11:12:48 - fedrand - INFO - [0.5136758966202086, 0.8007676303386688, 0.6084254578207479, 0.5981321177134911, 1.0098044836660847, 1.676578775048256, 0.5731369250952596, 0.7616624447206657, 0.5190075139204662, 0.33818193934857843, 0.7473917471037971, 0.43839076635512436, 0.5149940231016704, 0.51690840224425, 0.4940058026801456, 0.6893175455431143, 0.5237484466792214, 0.2689373104085186, 0.8975995182991028, 0.5800862017841566, 0.4334797089298566, 0.7982079585393269, 0.43773367131749785, 1.025730587542057, 0.7697868007752631, 0.6239446239037947, 0.481962581325059, 0.40023730260630447, 1.4956067859062128, 0.2734270649296897, 0.8262475684962489, 0.7063675746321678, 0.3953647563854853, 0.719302849336104, 0.3027579348002161, 0.7523827825983365, 0.49458223746882546, 0.29342114073889597, 0.4427645714445548, 0.47078377567231655, 0.6177377444174554, 0.50024520771371, 0.5077835667346204, 0.4129115635795253, 0.19642032717820257, 2.022889856249094, 0.20698175857251044, 0.2985806360163472, 0.39687833325429395, 0.3958475804991192, 0.24608543117841086, 0.7746521146460013, 0.4022584688500501, 0.38817488731195526, 0.7430661898106337, 0.4361470341682434, 0.40302256774157286, 0.4541908594017679, 0.29875004765662283, 0.24757532744357982, 0.25570495510473845, 0.38956584319627535, 0.46471964710890645, 0.2745149575972131, 1.4682843517512083, 0.4559996748963992, 0.437702514231205, 0.4597002756116646, 0.7728091515600681, 0.40890929847955704, 0.47001051902770996, 0.41534773012002313, 0.32545611206442115, 0.5650299625689513, 0.9892541345829765, 0.2507860064506531, 0.7778547318144278, 0.33854061365127563, 0.357101265959103, 1.032262143989404, 0.35511148484453325, 0.2432559266831581, 0.23717107133124954, 1.827017481862144, 0.2729779577861667, 0.15278939651034307, 0.9225093915381215, 0.2712842795480457, 0.8657630439847708, 0.3921912983059883, 0.30664323950186373, 0.9628461748361588, 0.2832129988819361, 0.16201726313593098, 0.3245910220546648, 2.0785301131254528, 0.4702748612811168, 0.29613838357512245, 0.3844628373367919, 0.7821759358048439, 0.31053796431256664, 1.1964831054210663, 0.24162834318298282, 0.2707029134403759, 3.863898605108261, 0.8595486680666605, 0.4863371368911531, 0.3519199507762096, 0.46986428488578114, 0.6503921672701836, 0.4000280896822611, 0.2626745401925984, 0.27419535239989107, 0.33921683105555445, 0.47562496612469357, 0.34102596003900876, 0.671657145023346, 0.2914252227002924, 0.3279804569329061, 0.29581333324313164, 0.3094442256226709, 1.258557568407721, 0.21781861864858204, 0.8781250417232513, 0.347345670177178, 0.37008650281599587, 0.3315368942690618, 0.623789556324482, 0.5222775712609291, 0.26758930436335504, 0.3377228227414889, 0.7868556421351969, 1.690202815682278, 0.4077801507082768, 0.17601309755191324, 0.2271130860561416, 0.1591804115035172, 0.9886353733864697, 0.6959763922625117, 0.49538842091957724, 0.4010447710752487, 0.3496238574075202, 1.2153165563941002, 0.890194042452744, 1.1987076281969036, 0.595276939259334, 0.5368127645776859, 0.46372874081134796, 0.3696480811174427, 0.39010181091725826, 0.4203742896630005, 0.38601555178562796, 0.43039973825216293, 0.5289336871355772, 0.39757837127480244, 0.42300732019874787, 0.5260831500802722, 0.625256972697874, 0.7933636978268623, 0.41114053645401033, 0.6353631937368349, 0.4268681965768337, 0.5509600390990576, 0.8604176651154246, 1.5542376041412354, 0.25006660769383116, 0.8864445049936572, 0.41435873178609955, 1.1711530098785656, 0.1865195277013949, 1.1610863875183794, 1.2219987660646439, 0.5972417569370009, 1.5941409360278738, 0.2222379930317402, 0.24581340617603725, 0.8584640910002319, 0.35960565898567437, 0.30383463736091343, 0.6243808344006538, 0.24020968370272644, 0.6474699489306659, 1.4444208277596369, 1.320475548505783, 0.15839073332470088, 0.7498772371221671, 0.5721157230436802, 0.27713070395920014, 0.6016056302934885, 0.4235400554857084, 0.7603917088020932, 0.7509115367595638, 0.8149591162800789, 0.712679375273486, 0.1929581029806286, 1.0392523976042867, 1.4017938822507858, 0.752637775784189, 0.1446618185689052, 0.25474786288326695]
2025-11-13 18:49:35 - fedrand - INFO - loss data:
2025-11-13 18:49:35 - fedrand - INFO - [0.5075580911202864, 0.8775931820273399, 0.6114007111149604, 0.5844482663397987, 0.9972193402296398, 2.128504663705826, 0.731360549013121, 1.0443422545989354, 0.6354669034481049, 0.3913877969607711, 0.835438282125526, 0.468713988634673, 0.496956111064979, 0.5447628473242123, 0.4650503545999527, 0.687600818152229, 0.4886020206167207, 0.26158377933174826, 0.8751817718148232, 0.5499916014571984, 0.38245925721195007, 0.6953390787045162, 0.4191218204796314, 0.9098238538612019, 0.7259468684593836, 0.7315468466417356, 0.4633272976962605, 0.3799338874717553, 0.9403353929519653, 0.25662994437984055, 0.9782732623544607, 0.7709359787404537, 0.3987049336234728, 0.6082023697143251, 0.2461228719247239, 0.7787076563884814, 0.4562066078540825, 0.3182499568377222, 0.4295048700137572, 0.45619297958910465, 0.5850733543435732, 0.5429180305865076, 0.6078725265605109, 0.40449630681957516, 0.19233844708651304, 1.776944573968649, 0.2095425332929673, 0.2888019853694872, 0.34943982281468133, 0.4123041182756424, 0.28747418373823164, 0.783539361574433, 0.32003204747646424, 0.37549403589218855, 1.0586533956229687, 0.5949277604619663, 0.3955924045294523, 0.42325794544409623, 0.301662343469533, 0.23895340930256578, 0.24489857473721105, 0.1678667728944371, 0.3922391835261475, 0.24388137832283974, 1.5646217875182629, 0.48345979799826944, 0.44243892033894855, 0.340165911508458, 0.7082350440323353, 0.3959531635046005, 0.41173019260168076, 0.5256376465161641, 0.293990777960668, 0.590052148362156, 1.0844746451824903, 0.2607224244963039, 0.7483221903781999, 0.3291571605950594, 0.32087385312964517, 0.9042312126192782, 0.33745487894685494, 0.24041892322046415, 0.10630744389345637, 2.3988401750949295, 0.24988160736816512, 0.1498059017932974, 0.8793366624776161, 0.25923908967524767, 0.7530262616928667, 0.5171515494585037, 0.33289006709431607, 0.8638310581445694, 0.37408666871488094, 0.15332137651130323, 0.24852451259212102, 1.6721001204956945, 0.44488740978496416, 0.5004320163279772, 0.36366366263892913, 0.6785153970122337, 0.31814433013399446, 0.9315588623285294, 0.2283591354886691, 0.35868243672982014, 3.25636288523674, 0.8381347681085268, 0.5348471717702018, 0.3808798944519367, 0.4403129315802029, 0.6354784425348043, 0.3842471639315287, 0.2805214280942603, 0.2715458907186985, 0.3537550306116993, 0.4748220394055049, 0.32126109200445085, 0.6097892299294472, 0.26620078224434773, 0.35077090629391255, 0.3359477333724499, 0.24188836489047388, 0.9623557080825169, 0.22444372562070689, 0.8734084516763687, 0.3582805310460654, 0.3701498545706272, 0.3171739045982108, 0.5964389964938164, 0.5020172409713268, 0.22689482672140002, 0.1964634353091242, 0.8357989576717955, 1.756228833971545, 0.36577120250634226, 0.18654442211263814, 0.22577506712238704, 0.17314169735514692, 1.0477970777587458, 0.6327179935243394, 0.46903695662816364, 0.40765645913779736, 0.3656481636688113, 1.2723963111639023, 1.0101789605936833, 1.0684588123112917, 0.5856567975133657, 0.5675201440850894, 0.45635417103767395, 0.3914847512330328, 0.3631355365117391, 0.4128349858590148, 0.39622537543376285, 0.42683140602376723, 0.44821183383464813, 0.38648023539119297, 0.3907390327917205, 0.46048836942229954, 0.549185698851943, 0.6977580487728119, 0.39884291260273425, 0.5472373799844221, 0.406255267560482, 0.47984283467133837, 0.5650847144424915, 1.2376220524311066, 0.23450619913637638, 1.1416041503349939, 0.4665618059432341, 1.2212670093232934, 0.1706553339958191, 1.1271361460288365, 1.1464827954769135, 0.7192443061154336, 1.579746286977421, 0.24248375211443218, 0.2522257479528586, 0.7760900689119643, 0.2974047530442476, 0.3222872662757124, 0.5808970779180527, 0.23972743563354015, 0.6406204423867166, 1.2434371958176296, 1.1082139611244202, 0.16955591472131865, 0.7040767449546944, 0.7400269284844398, 0.30404430213901734, 0.5146649830508977, 0.45375760573716395, 0.6635084416378628, 0.6269793337477105, 0.7448019869625568, 0.6685355716695388, 0.2210696977097541, 1.0446986425668001, 1.2632062882184982, 0.8452279283241793, 0.14515589525302253, 0.25528917009277]
2025-11-14 08:40:57 - fedrand - INFO - loss data:
2025-11-14 08:40:57 - fedrand - INFO - [0.528281907466325, 0.7983621135354042, 0.6240201533367538, 0.6202754620462656, 1.1234634202904998, 2.239299938082695, 0.7357109978117726, 1.0445252855618794, 0.6100632598002751, 0.4020655394221345, 0.7376638824741046, 0.4863526902415536, 0.4945729507931641, 0.5117317487796147, 0.44357619840990414, 0.7405305511007706, 0.5022330503490391, 0.2809633379943217, 0.7909036949276924, 0.5741023343233835, 0.4102372783753607, 0.7785390863815944, 0.46913831060131395, 0.8542715189131823, 0.8750081964664989, 0.7888161407952958, 0.4740179987116293, 0.3732672690724333, 1.2270845504743713, 0.24766087638480322, 0.8295425207100131, 0.859325647354126, 0.4160541163550483, 0.517699907110496, 0.18995981237718038, 0.6828086295475562, 0.49889631640343435, 0.3045694354389395, 0.4535272449932315, 0.4668561387807131, 0.5030935646759139, 0.4757402357127931, 0.5881286800972053, 0.45220540876367266, 0.18871504619407156, 1.5374781154096127, 0.22172400495868974, 0.32805305787108163, 0.37912033938548784, 0.48473121474186576, 0.3693575161198775, 0.7522721984847025, 0.3353292465326376, 0.35121071996788183, 0.9664891324937344, 0.5447587445378304, 0.3825920354574919, 0.5251564576544545, 0.29459851641546597, 0.2358106140875154, 0.24145322715242704, 0.18567069185276827, 0.4122480232682493, 0.24711864308587142, 1.5534728989005089, 0.5231063378353913, 0.466662984341383, 0.33702677035970346, 0.6627400144934654, 0.42153608053922653, 0.39561595022678375, 0.4740221972266833, 0.3356805481016636, 0.5630943489202764, 1.2862427930658062, 0.2825073650614782, 0.7954595908522606, 0.46061654202640057, 0.32928182495701497, 0.9524818733334541, 0.3293721619993448, 0.24681280778309744, 0.173745177971432, 2.295106815343553, 0.24497315234462308, 0.14857525876141153, 1.029315833228104, 0.2536713484881653, 0.9509410187602043, 0.6044392287731171, 0.3709920750930905, 0.995833083987236, 0.4669199734926224, 0.11958145942480769, 0.4203616535713081, 1.4385893969253327, 0.40902945251455386, 0.6644878814166242, 0.44008365356259876, 0.6186583358794451, 0.3477471884753969, 0.7143553644418716, 0.27529684070384863, 0.292421468704318, 3.448342025279999, 0.8345769743124644, 0.4582848809659481, 0.3209234140435001, 0.4870114385017327, 0.6074186880141497, 0.41646539916594827, 0.23866355837514952, 0.27496008507230063, 0.31115455891598354, 0.5374098047614098, 0.331066604365002, 0.7997957915067673, 0.41599245140836993, 0.34370689738600974, 0.33142455108463764, 0.28037061960591625, 0.8662007521424029, 0.21867829302532804, 0.9424383640289307, 0.35233376920223236, 0.39864761302513735, 0.3318394414628997, 0.7351549714803696, 0.4987024590373039, 0.2096817966317758, 0.1504668944660807, 1.033406813480542, 1.8911099527133046, 0.2729551859277611, 0.1972139242425328, 0.2261211665369393, 0.17277918560430408, 1.0110986286943608, 0.6342067122459412, 0.49741259465614956, 0.48143141344189644, 0.3382160690923532, 1.0759517773985863, 1.0996746849268675, 0.9496696620647396, 0.625574351881038, 0.5051428342740687, 0.522922933101654, 0.3621163304362978, 0.3952171376181974, 0.4287856282158331, 0.45354210833708447, 0.3950482714507315, 0.36919968761503696, 0.3517272372005714, 0.3745613114701377, 0.4000220522284508, 0.5025307921071848, 0.508799534291029, 0.39438838073862836, 0.4089084548706358, 0.5424665808677673, 0.5949464446554581, 0.5224982462823391, 0.9878466129302979, 0.21533415820449592, 1.0797496553924348, 0.46621794095262886, 1.1534455944642876, 0.17497323717744578, 0.9962012672589885, 1.3270268738269806, 0.7742646404076368, 1.7264375280250204, 0.23107809626630374, 0.21626554232918554, 0.8423787335103208, 0.2861813305877149, 0.2961584199885172, 0.5532892979681492, 0.24723217423473084, 0.5867580948397517, 1.1434284001588821, 1.133043259382248, 0.1633509862325376, 0.7163570015267892, 0.6678221859037876, 0.27419867676993215, 0.5089371601119638, 0.5038304307631084, 0.7015027471564033, 0.7276742021952356, 0.6297293901443481, 0.6067613082006573, 0.19270541612058878, 0.892444059252739, 1.4072405397891998, 0.8111573897979476, 0.16767564962307613, 0.27332544708180995]
2025-11-14 18:01:19 - fedrand - INFO - loss data:
2025-11-14 18:01:19 - fedrand - INFO - [0.5258469540964473, 0.8634019196033478, 0.6189008586560235, 0.6820049147432049, 1.0277956761885434, 2.3335553407669067, 0.7321938931038885, 1.1253260175387065, 0.6037034044663112, 0.36563880018269024, 0.7583328584829967, 0.47765369713306427, 0.4979339396314962, 0.5184646099805832, 0.443171812729402, 0.6849779859185219, 0.4675788042678808, 0.2505483625061584, 0.8401088640093803, 0.5298330431715363, 0.3705282799071736, 0.6738911829888821, 0.3814123167345921, 0.7672430317510258, 0.6390080178777376, 0.7043362957510081, 0.4663030913833416, 0.38143334724009037, 1.07068097697837, 0.2501597146370581, 0.9728274491022934, 0.7560179308056831, 0.3196604467100567, 0.5987210653044961, 0.33290320288922104, 0.9972765532632668, 0.424783537666949, 0.3212211837193796, 0.38270120187239215, 0.4981701150536537, 0.48834801092743874, 0.5236301504903369, 0.4448955897241831, 0.5314959016229425, 0.12335550505667925, 1.859667896758765, 0.19252511531937802, 0.2749478965997696, 0.359531730921431, 0.4093754026624892, 0.32295239220062893, 0.7542439973489805, 0.3157638335096029, 0.34636413302893443, 1.0633491426706314, 0.6323325907190641, 0.4928754884749651, 0.5594546517187899, 0.26873957839879126, 0.21602450487100416, 0.23854949114223323, 0.09924545476678759, 0.41284099996390966, 0.24215847785983768, 1.4557003416121006, 0.6252695073684056, 0.41127530650960076, 0.3052875372980322, 0.8457310125231743, 0.3909057527780533, 0.5010736584663391, 0.5242872287829717, 0.3794543928001076, 0.5832418287667679, 1.2888044195715338, 0.26913452351635153, 0.8576531708240509, 0.36354537680745125, 0.3221124515925167, 0.76603771166669, 0.33783686264521545, 0.2484810541492778, 0.10041323222685605, 2.442921120334755, 0.24437051613772798, 0.1669778008683352, 0.9643352879493525, 0.26004740240880186, 0.8653281861916184, 0.7269050627946854, 0.26833264507974186, 0.7488546781241894, 0.5416464395821095, 0.14779658458137418, 0.15117387799255083, 1.7558602951661062, 0.40919493035309845, 0.3936327819458463, 0.4743714001443651, 0.7124354038387537, 0.3261873680684302, 0.9761722683906555, 0.2138556744338888, 0.29768097899795976, 3.696896195411682, 0.8069939646455977, 0.5169948848585287, 0.39616167145431974, 0.2910057638904878, 0.7842943221330643, 0.40569313863913214, 0.26625514840559356, 0.2385501912371679, 0.36199202896519145, 0.4421783859531085, 0.35362317717888136, 0.42869484052062035, 0.3528544550592249, 0.31401775248112185, 0.3069050020227829, 0.28149606389924886, 1.3088029498855274, 0.20451971490143075, 0.82978081330657, 0.33607605285942554, 0.38373090020780054, 0.29716009432167717, 0.7968652993440628, 0.6035902313888073, 0.25777452930342404, 0.09862084443448112, 0.7990649404683305, 1.9370597430417547, 0.3083157220389694, 0.18827579577628056, 0.22760230894422248, 0.17967704934999346, 1.1077758663079955, 0.7187616237335734, 0.38555950919787085, 0.5875060334801674, 0.39811294280613463, 1.083645524457097, 1.2414400866255164, 0.9829865901597908, 0.6440684968097643, 0.5221961687008541, 0.48479315638542175, 0.4496285298040935, 0.37077157851308584, 0.41799339922991663, 0.33718780924876535, 0.45580169310172397, 0.3966239206492901, 0.39738414581451154, 0.3693644578258196, 0.4403445731316294, 0.519980177283287, 0.695512767881155, 0.3916175654520849, 0.41729610396379774, 0.4975932277739048, 0.7999184720218182, 0.5688104629516602, 1.119843304157257, 0.19279646783446272, 0.9487129845139053, 0.4462979626453792, 1.1676518549822799, 0.18057629605311723, 0.9865039736032486, 1.2002554833889008, 0.869781113229692, 1.8345638716762718, 0.1955216314111437, 0.2076960170848502, 0.7006144723431631, 0.3085622977465391, 0.30570920397128376, 0.6495180204510689, 0.22067468041288002, 0.648347147135064, 1.1610268205404282, 1.126975178718567, 0.17969062726589896, 0.7106340693479235, 0.5072633735835552, 0.3182713795039389, 0.6534548845142126, 0.5061122238458622, 0.6526204293424432, 0.47374539795730797, 0.7276320178061724, 0.6393046405166387, 0.15072334040887653, 0.9631676762364805, 1.5404319763183594, 0.8618213893337683, 0.1351285608485341, 0.20245183378990209]
2025-11-23 10:44:15 - fedrand - INFO - loss data:
2025-11-23 10:44:15 - fedrand - INFO - [0.5135431693955547, 0.1375867079885211, 3.1785291514613414, 0.4412501354585402, 0.9065741693713899, 0.5357329909915499, 0.4035828781003753, 0.7540069613605738, 0.6216959113255143, 0.6172607863942782, 0.48085114670296514, 0.7202353777053455, 0.3349747014542421, 0.25720669134949714, 0.6153181939313709, 0.2110482044304566, 0.3152520616560997, 0.21999034117907285, 0.8130771680069822, 0.4427955599191288, 0.45837354846298695, 0.20490670744620731, 1.1921459002575527, 0.7827792927208874, 0.49563996252362374, 0.38115693566699826, 0.5524019666085089, 0.2672582610754208, 0.7684213483395675, 0.6527040014819552, 0.14327165468906364, 1.1993996453238651, 0.23907319241358588, 0.7317503050646998, 0.434304671920836, 0.2773906328671035, 0.3771882612932602, 1.0948965042829513, 0.175115703092888, 0.324394580174272, 0.25310243212928374, 0.4496159048130115, 0.7360374126583338, 0.29170814325722555, 0.5792359664866871, 0.279299977219974, 0.34394627921283244, 0.19930920388239126, 0.5360152245033533, 0.4965216239914298, 0.6912823062390089, 0.5174932820722461, 0.30526203244966876, 0.5517930978288254, 0.2677310253687513, 0.08923512375137457, 1.6193225661462003, 0.31000600194727834, 0.49543673793474835, 0.3144990207538718, 0.3068203730508685, 0.3773581969749295, 0.4551287060383996, 0.17444630794403754, 0.18498814706690608, 0.30897451674417503, 0.13861580557810765, 0.11336991631415212, 0.220497725221018, 0.5143088476732374, 1.0544577971100808, 0.3823130078613758, 0.7786352341666956, 0.299237506559549, 0.18540706740071378, 0.7776223357766867, 0.3481990355066955, 0.2814859548859574, 0.4166580258417084, 0.37171128413185084, 0.4031865916680545, 0.3515450174010105, 0.43879340852921206, 0.26698031402775085, 0.5482050105007753, 0.8329979743394587, 0.4621060977379481, 0.6002351214488347, 0.37293327774739626, 0.3381047062575817, 0.4452737483449958, 0.3683536252938211, 0.5384996055879376, 0.19376893376465887, 0.15916689151587585, 0.935619020058463, 0.3011847148063006, 0.30464879030893954, 0.11217463906602158, 0.18255913980926075, 0.41598596906772367, 0.32417373871430755, 0.32353150844573975, 0.34447995319285174, 0.17433395434054547, 0.7276322067235454, 0.5992446727488704, 0.06134761172773627, 1.682575147152723, 0.18320919331163169, 0.3442062437082782, 0.41335194141914444, 0.6269941419096929, 0.30811239359900355, 0.5830926764756441, 0.40256041210765636, 0.21902566887265829, 0.4059034840514263, 0.4182285754518076, 0.3909561475738883, 0.41004292971708556, 0.2688219755887985, 0.4206855962984264, 0.4273117697430831, 0.15539387609654418, 1.7281616601092673, 0.5536943304352462, 0.5577027514754307, 0.24096538388125954, 0.48437073099471273, 0.3249993341354033, 0.4164037723094225, 0.24734130039578306, 0.6766960320373376, 1.1772087626159191, 0.2510045824882885, 0.8706224307417869, 0.5865834070990483, 0.526718977217873, 0.19152503432705997, 0.6107850815169513, 0.14306478975233675, 0.4512310437631843, 1.3409764155745507, 0.5017026411369443, 0.2970309200506933, 0.3800485385581851, 0.6539639402801791, 0.5881868135735945, 0.5487932271013657, 0.4662846831026776, 0.5219420067965984, 1.0796163327991963, 0.3876183968488917, 0.40694904029369355, 0.4818778298795223, 0.5165339683332405, 1.093795326600472, 0.6219074184244329, 0.4787768553942442, 0.14468054951479037, 0.5080147699102179, 0.5210107297015687, 0.3697070722952295, 0.46529892125787836, 1.6261825462182364, 1.197195729240775, 0.13339450212661177, 0.8802201825892553, 2.438322017590205, 0.09948535178167124, 1.0763695267113773, 0.14034966726776682, 0.17107962355948986, 0.9259060036856681, 0.21981291670263522, 0.1063508307770023, 0.6704160224025448, 0.6980351694307669, 0.8093046024530417, 1.1766775677149945, 0.6722341466695071, 0.6561297686149677, 1.1754862318436303, 0.6272458421066404, 0.9981124005985982, 0.23319499877591926, 0.8287332169884057, 0.6843112437901171, 0.33357831090688705, 0.6525348230744853, 0.2544111133242647, 0.42611386897889053, 0.6814000240781091, 0.5941367519312891, 0.6129350040107966, 0.791515921563324, 0.46855940911918875, 0.21246549822390082, 0.27131512472084884]
2025-11-23 12:34:15 - fedrand - INFO - loss data:
2025-11-23 12:34:15 - fedrand - INFO - [0.41253501265808673, 0.8112941256871349, 0.2326256952255516, 0.41370848953904893, 0.47140569002790883, 0.568123083169523, 0.31357251045604545, 0.7788281016983092, 0.6704777628183365, 0.3979428290492959, 0.29657372200979326, 0.2761751226770381, 0.3587589107538363, 0.580583785350124, 0.37267148626657826, 0.49815407444859716, 0.344667567871511, 0.46840191001311926, 0.324701538238497, 0.42476902465498156, 0.3935994694295984, 0.312303600967106, 0.43331454911579687, 0.20126859481549925, 0.48000472945730305, 0.3852751233121928, 0.5080827852444989, 0.39893025755100736, 0.2849230416798188, 0.5674755599881922, 0.40350523235445673, 0.25113347338628955, 0.10231323667588489, 0.33986662951342406, 0.48770240985118507, 0.13137833938623467, 0.08683106926036999, 0.49914365091963725, 0.2733668913909545, 0.498036542145366, 0.11833915823265828, 0.43077973945706033, 0.2764327173008696, 0.1712102367143546, 0.3661676552470049, 0.18394850832503704, 0.18069803006311794, 0.3615662885668338, 0.31417532813114424, 0.1832605691988168, 0.5913128984944993, 0.26822387018196636, 0.3120176490300741, 0.27332650806703085, 0.5852336883544922, 0.26014447783267025, 0.35353193956574325, 0.42199093290898754, 0.38542526587843895, 0.2684038980713228, 0.31506814778087633, 0.6751640914008021, 0.2377413818320515, 0.4630117993801832, 0.42852229438722134, 0.49340824211959716, 0.31124269030988216, 0.3941418083727752, 0.2005942433274218, 0.4597681994465264, 0.3425125237789494, 0.3773621954023838, 0.22708888765838411, 0.08989150741087672, 0.1558719408832283, 0.16489437012184324, 0.3896039774510683, 0.4570956655911037, 0.3011154597081865, 0.21701924347837034, 0.031824651094696794, 0.38471797543371355, 0.45871790048891103, 0.34542859908348567, 0.4326818015958582, 0.24918836030798652, 0.013075869244598184, 1.437680531121876, 0.5081089659871763, 0.4153397581700621, 0.42972311556485354, 0.279656373157173, 0.46468891477898544, 0.1736597785963498, 0.04192240532574942, 0.3361199478664047, 0.22418517500825616, 0.15158776690562567, 0.47348013480326956, 0.3515903768129647, 0.5283474216301893, 0.2511011026738408, 0.2759038826993977, 0.20043125013605906, 0.31921774613471166, 0.27805255353450775, 0.3293080526655928, 0.40194046818133855, 0.22376925524024827, 0.7379045354505185, 0.5580305067511897, 0.34008528978416797, 0.24659444720141196, 0.38498567996932, 0.37220785441694026, 0.2800766451495328, 0.31539744116492907, 0.4367172461660469, 0.41860852556835326, 0.2788187139212413, 0.3151409259633343, 0.23895942283025573, 0.28502097861195463, 0.35488296160296007, 0.3456629711133977, 0.4150621868256066, 0.38959470903500915, 0.35666824291859356, 0.21171768863374987, 0.61800633041809, 0.21367279760953453, 0.40063532376727023, 0.22172428573877817, 0.42563699766816127, 0.26119003293054005, 0.39479696160803235, 0.2237680058615903, 0.4645448554191364, 0.36786268644321424, 0.3981360745983142, 0.41751397028565407, 0.3117432041492845, 0.38828430916456613, 0.2465031895165642, 0.2765708194422693, 0.27434219973848056, 0.16425968908394376, 0.36279823553437984, 0.3141811977894533, 0.36219445026169217, 0.2907928162695546, 0.5079336737593015, 0.3470683286244842, 0.7228470755120118, 0.36747196102086666, 0.3708449660130499, 0.34566112780910835, 0.42124312836676836, 0.33185404807067753, 0.34186276979744434, 0.31426532259758777, 0.23669686845943821, 0.24655984342098236, 0.36012611498141234, 0.5297826817259192, 0.39472834230596276, 0.2534912431169124, 0.2085706821953257, 0.3055859536010151, 0.27772422223351895, 0.33552877449740964, 0.15949465764256623, 0.7302436480441918, 0.15132928150705993, 0.42928855610080063, 0.16572699267775393, 0.5883170755482033, 0.6930989014605681, 0.3741522456652352, 0.40798723202368076, 0.2640233275791009, 0.42300154991886196, 0.5085329369332526, 0.2736220597743224, 0.5358140926187237, 0.31359391411145526, 0.6233694792414705, 0.20322304892425352, 0.3930161724912754, 0.4691887254349324, 0.24262740504410532, 0.22470585800086457, 0.36143362655336086, 0.19476841535549938, 0.2217076721911629, 0.5677040201125158, 0.5165727449559617, 0.3657366325901378, 0.38748824956516426, 0.9894275658217997]
2025-11-23 15:32:56 - fedrand - INFO - loss data:
2025-11-23 15:32:56 - fedrand - INFO - [0.45827353186905384, 1.282063903287053, 0.4683774047013786, 1.094117917948299, 0.3963465647228683, 1.9156155695517858, 0.18175661268178372, 1.5366612755590014, 0.2973461518995464, 1.8573143780231476, 0.9704732733468215, 0.6191815589037206, 0.5427769501383106, 0.388509473230718, 0.716513050099214, 0.34695695164070156, 1.7788545719037454, 0.46382326927656925, 0.5574544891503386, 0.5748123392773171, 1.6542168458302815, 0.5077394617100557, 0.26980532238570354, 0.4447769220504496, 0.21145148575047237, 0.4826822047846185, 0.10022759633138775, 1.5708479821681975, 0.44924780084855026, 0.3814984727650881, 0.17096985261111208, 0.15986698811563352, 0.5662803632103734, 0.4320977323740307, 0.24680286822258496, 0.8214477496221662, 0.4768863273784518, 0.4177210945636034, 0.6372812102652259, 0.5235039728383224, 0.5313035100698471, 0.19352865028971183, 0.3826659842394292, 0.6726716421544552, 0.3774692154256627, 2.1693685054779053, 0.6416023895144463, 0.24061536625182878, 0.4984408596530557, 0.24197282920746754, 0.28960763946589496, 0.252509541856125, 0.5870969492528174, 0.5069688707590103, 0.3905490756034851, 0.25375091555761176, 0.7154733471572399, 0.33789989864453673, 0.5086717531085014, 0.3259090233283738, 0.7674752754392102, 0.27763963732092334, 0.5156354897655546, 0.4338282600045204, 0.45963978602343963, 0.2053504268206054, 0.45735570948777926, 0.43503356133587656, 0.9216504187090322, 0.8518841999272505, 0.2656936764130175, 0.7747686208070567, 0.6630522205183903, 0.24528170421641943, 0.5710861245461274, 0.45717469732044264, 0.4427022524178028, 0.28196835700972855, 0.17492985273323333, 0.35395064955163336, 0.2376959577901289, 0.30526083654717007, 0.15062346692429857, 1.2829195261001587, 1.1231805086135864, 0.3902749133606752, 0.34124423066775, 0.2103329779075769, 0.3471636406611651, 0.6106644799001515, 0.19723225494575064, 0.2608078782446682, 0.6230202500009909, 0.2592722207614315, 0.6452096803204009, 1.5013690134510398, 1.5204419390194945, 0.21875751454887601, 1.2175431540130044, 1.1827437777460243, 0.4070430549068583, 0.2605500335339457, 0.24194167916324327, 0.9694009844097309, 0.792054328446587, 0.25747687364928423, 0.705527825653553, 0.8623937517404556, 0.19072608222874501, 0.3885323622574409, 0.28161250092089174, 0.9321687593571065, 1.0994496953631328, 0.4634072142963608, 0.4354354587344763, 1.2421961514887192, 0.33788756070037684, 0.3601057986935807, 0.8206956119587024, 0.261815450260077, 0.45000173102339935, 0.29888349571732153, 0.38387808260611367, 0.20026862237912912, 0.8449929480751356, 0.5752896416104503, 0.45528205335140226, 0.23649740035180003, 0.7045331937260926, 0.4516167051721519, 0.3732646484859288, 0.2107386199136575, 0.8529556827826632, 0.43634569707016146, 0.3335046942501018, 0.5642598461049299, 0.8360335776996282, 0.3955196557411303, 0.5358291159694393, 0.2163251117285755, 0.8867525305185053, 0.3438960777518029, 1.2547828906526168, 0.5351196431244414, 0.7356806667521596, 0.24369942953603135, 0.35434138514230856, 0.45140958310415347, 0.21158086809604854, 1.1703506055288018, 0.780817830725573, 0.21919030072943618, 1.1638164512036988, 0.21357665579998866, 0.2194777773693204, 1.1958255641576316, 0.5083419742994011, 0.6844352078106668, 0.35437461361289024, 0.2838196564931422, 0.24111465699970722, 0.5653729954113562, 0.2924654939211905, 0.5733680938680967, 0.3860282510556657, 0.5274111195594411, 0.5276473907598604, 0.8166066244244575, 0.7896556404729684, 0.4143443740904331, 0.4264699131250381, 0.3111944645549161, 0.49518799607952435, 0.4037424816439549, 0.4083353975787759, 0.5264185439795256, 0.4833361491560936, 0.4226316286250949, 0.4894466209846238, 0.7058124530552463, 0.4262516097424345, 1.5939574614167213, 0.7557609512781104, 1.2811855926281877, 0.6823062308485423, 0.20444919301274544, 1.214987481633822, 0.391312399516917, 0.5027502144997319, 0.7162634637206793, 0.6089106800655524, 0.3854614088518752, 0.2525846005332741, 0.5513047334427634, 0.8491071400543053, 0.8382740914821625, 0.7622740802665551, 0.33789073340594766, 0.9796112105250359, 0.8286993006865184]
2025-11-26 18:51:20 - fedrand - INFO - loss data:
2025-11-26 18:51:20 - fedrand - INFO - [0.499173843257484, 0.14152880791613523, 3.30924944173206, 0.46760255955935764, 0.9164875407223448, 0.4870869696958724, 0.4029765316595634, 0.7971486075160403, 0.6725024332602819, 0.7073312650124232, 0.5104857744028171, 0.754946145384262, 0.3816171746701002, 0.3072924211847616, 0.6936037924002718, 0.250926619147261, 0.34685824415646493, 0.2751207960769534, 1.0623897427604312, 0.4407983431149097, 0.5694565009325743, 0.2266759445599746, 1.2284219370534024, 0.9443550136078287, 0.5228229656263634, 0.4030688485130668, 0.630909090226999, 0.2857643553721053, 0.7747436803765595, 0.7916776691563427, 0.1578793567450096, 1.15968498296376, 0.2640371176258971, 0.8025279248302633, 0.41528281942009926, 0.272726198780306, 0.42580023921126947, 1.1835638344287873, 0.2144951199647039, 0.3033576211115966, 0.24955406704296668, 0.4864688640460372, 0.83767673249046, 0.2925540362174312, 0.5620129533638858, 0.31480238686005274, 0.37657752133285005, 0.2263709787124147, 0.693017373420298, 0.41928945382436117, 0.7376609552962085, 0.544065997377038, 0.3255582256327299, 0.5327409313370784, 0.2956680589316723, 0.09916167093712527, 1.795247507366267, 0.3561075758555848, 0.5585430699090164, 0.34901078823687776, 0.36357998941093683, 0.40518329738723957, 0.4546131462686592, 0.1774072117702072, 0.19654255674686283, 0.33311421354751064, 0.1533599024793754, 0.13216156464327, 0.22822329068245986, 0.6417640240552525, 0.9811424255371094, 0.367039764393121, 0.9021503899227051, 0.3143488923006578, 0.21542381929854554, 0.8130712926387786, 0.36780001781880856, 0.3367327850105034, 0.4153548684112276, 0.38058842984200625, 0.5051288358867169, 0.33077672498554667, 0.4659095487246911, 0.32020727910955127, 0.6547830561011021, 0.9731155218384056, 0.4908569140980641, 0.5006248558561007, 0.39234140262741485, 0.39428849970163016, 0.48095580156553874, 0.40021984186023474, 0.5038117229035406, 0.21091192321619018, 0.16125587505909306, 0.9556807581404293, 0.337415581845023, 0.35150684852685243, 0.13202629455287632, 0.20084554495600362, 0.403387123004351, 0.3793150335550308, 0.3864703979343176, 0.3594939982179891, 0.21378724991809578, 0.7485505001563014, 0.5989170013926923, 0.0691154543911883, 1.7765135933683875, 0.19233400872908532, 0.38397911628426024, 0.4788975238179167, 0.6055897215647357, 0.37816382717962066, 0.5729982951655984, 0.39662186801433563, 0.23216896368949502, 0.39604142804940545, 0.445251486856829, 0.4205694282870917, 0.43894467960027134, 0.3260412233881652, 0.41279652807861567, 0.44156306371036347, 0.20579148563944424, 1.4465332486908191, 0.5437379663189252, 0.6004378300692355, 0.2892398894099253, 0.5555440572400888, 0.35299349995329976, 0.4454789496958256, 0.2919555050786585, 0.6595501489316424, 1.181952491402626, 0.3162677098802912, 0.8253310814499855, 0.6897597532719374, 0.5677689059327046, 0.2152545866246025, 0.7764566844950119, 0.1366147299447022, 0.4809577803851505, 1.4507748484611511, 0.5091427592560649, 0.371427447554069, 0.4035038612782955, 0.49639571035901703, 0.6007427838113573, 0.5383043498214748, 0.4868183200857763, 0.543894057162106, 0.8873345844447613, 0.3926759055730971, 0.4496295290067792, 0.5142163786416253, 0.4779719515735733, 1.1597027429689963, 0.7674051421609791, 0.5202462468296289, 0.16510416224288443, 0.5445117661104542, 0.5388688491346936, 0.4748874543062833, 0.5202632839015374, 1.7459465066591897, 1.2207798324525356, 0.14297975762747228, 0.902695163168634, 2.306399290760358, 0.1238653025434663, 1.1134430623867295, 0.13457354866289373, 0.20479786364982527, 0.9665172483461598, 0.25797512750363066, 0.1120924859115019, 0.8290511256704728, 0.7354272637430027, 0.8646306342755755, 1.1903330622748896, 0.6686173686136803, 0.6999619935328761, 1.1400665392478309, 0.6546592012047768, 0.9296306405555118, 0.2049390516864757, 0.9155118029081711, 0.7939415882256897, 0.3591113453730941, 0.7005126496607608, 0.2552887790525953, 0.39774981852282176, 0.7848784666169774, 0.5942080953511698, 0.6463735431432724, 0.8683786485758093, 0.5423123548428217, 0.21469488497823475, 0.24264569008915587]
2025-11-26 20:33:10 - fedrand - INFO - loss data:
2025-11-26 20:33:10 - fedrand - INFO - [0.43299643718637526, 0.8208737514520946, 0.2408235089943562, 0.412504439690878, 0.4972078370946375, 0.5596676799223611, 0.3371555401829251, 0.9105628125059109, 0.6919363556163651, 0.48114969912502503, 0.3319822730232473, 0.3474453349752973, 0.4046387808394641, 0.6103308474024136, 0.4067398671371241, 0.5532736005196413, 0.40416200396915275, 0.5744222412732514, 0.4415308779415985, 0.4905080797248765, 0.4711037426948166, 0.3723674465804116, 0.4975496580203374, 0.2954716028438674, 0.6046801618584949, 0.4049928779987728, 0.5406258509804804, 0.43864293809380983, 0.30100499514567974, 0.5858441455112327, 0.3996594026684761, 0.3234698182121584, 0.10956372330353285, 0.36159917769495337, 0.533030839244786, 0.145290622949445, 0.08863626919790274, 0.5418726880030305, 0.2617844839890798, 0.5484408634912336, 0.13594318568033892, 0.4301523842162105, 0.30533479360843097, 0.18738537782891873, 0.38398376008909607, 0.17838060461508576, 0.18486907462461089, 0.36308633606454166, 0.36108674354230363, 0.1830451088836308, 0.6806336983205064, 0.27377732642704533, 0.3426250391759169, 0.28956300514336264, 0.6111092648158472, 0.283482369464381, 0.3608697804442623, 0.4634691531720915, 0.39592174192269647, 0.2695770890066593, 0.29383687204163933, 0.8903817310929298, 0.2769199989932388, 0.5856476007029414, 0.4079212211072445, 0.5014006271474547, 0.3672432027136286, 0.41848572294570896, 0.2240846891044861, 0.5108523121199451, 0.3222768124889093, 0.3746178140863776, 0.2673361662050916, 0.08238319201128824, 0.16405149301097385, 0.1814151453835466, 0.42922757847005866, 0.45920421302850756, 0.34965922618284817, 0.23511823329040668, 0.03746391767635941, 0.40336343038957456, 0.4704558743998922, 0.46722610381298835, 0.427249056420156, 0.26245880136266353, 0.020296798428240607, 1.3145355956050855, 0.6010619213706568, 0.4399255276497068, 0.4781886032216397, 0.30272463012952355, 0.5244454749320683, 0.1811458828659462, 0.04505107225272768, 0.3539954956530439, 0.24437789668882984, 0.16166780882498674, 0.5548709607017892, 0.3281876342371106, 0.6444946664931446, 0.2716155862313156, 0.31955539534489313, 0.22620493267925507, 0.3619494935128129, 0.2971238789281675, 0.3605743564628132, 0.41431910461849636, 0.2198924499264519, 0.5775375383369294, 0.6550831623996297, 0.30317885350239904, 0.2717271394488451, 0.40890912991017103, 0.40725027380935974, 0.32778285934676976, 0.3481522658416493, 0.4442288833005088, 0.46760919756655184, 0.3130910116058767, 0.3350751263919104, 0.24844252143705647, 0.3048822701024605, 0.38698978071775414, 0.38282310789596363, 0.4823402345387472, 0.3247759249061346, 0.3895346000790596, 0.242444379751881, 0.66672217650339, 0.25375072070811355, 0.4508052254681821, 0.2700537227939857, 0.42616444205244386, 0.27562739956766147, 0.5123531512725048, 0.2512157448877891, 0.48399477489470866, 0.3897571395366238, 0.4315027523447167, 0.4073239634744823, 0.30985033911253723, 0.4061297601198449, 0.28628492986576426, 0.401798696163437, 0.31405035484778254, 0.20052671672678307, 0.43445937894284725, 0.34017040252330755, 0.4148815652976433, 0.2968106066906139, 0.49874800754090154, 0.3560133671024065, 0.7094502436618011, 0.4095288313946676, 0.425703205187854, 0.3829344978163901, 0.4748264600594456, 0.38171332102399647, 0.3844063916864494, 0.2983277075577016, 0.27133700689607926, 0.2701730969184566, 0.40105614504008963, 0.5089883741668679, 0.41491365701961913, 0.27045060577137126, 0.272926759844025, 0.30253800470381975, 0.31978409495204685, 0.30812560860067606, 0.17608226687671283, 0.7414595998393801, 0.15761826661311917, 0.3928208174183965, 0.17053804924496663, 0.7751957616238503, 0.7130220776630772, 0.4050992616407928, 0.44911965262144804, 0.24347072777648765, 0.47692921491605894, 0.6015297261467322, 0.27718896188606057, 0.6060166923950115, 0.31833656256397563, 0.7046908186748624, 0.21351355008589917, 0.43168655162056285, 0.4910164605982664, 0.26031573551396525, 0.256725440112253, 0.41160045211252416, 0.20892979098451242, 0.20113962398221097, 0.6240527233163227, 0.5779676077801776, 0.418083317098873, 0.39934846458158324, 1.0919418257885964]
2025-11-26 21:31:52 - fedrand - INFO - loss data:
2025-11-26 21:31:52 - fedrand - INFO - [0.44914546329528093, 1.234980526380241, 0.4789248613744146, 1.2709671606620152, 0.41276656989163407, 2.094492551125586, 0.1929091045943399, 1.4357607753740416, 0.2989757141564041, 1.8132606148719788, 0.9655182796219985, 0.6558649659156799, 0.56160278574874, 0.45253268378843187, 0.8060164865520265, 0.43236695767845956, 1.998236375550429, 0.6340318457223475, 0.4575001073323868, 0.7128763467616712, 1.9666254557669163, 0.6992966608454784, 0.36887640596056975, 0.59365891934269, 0.24784210410693452, 0.5767013755937417, 0.1241088834091594, 1.80235595703125, 0.5172549595849382, 0.4922050939251979, 0.3336914729637404, 0.141269547775543, 0.8725841214828607, 0.5069543348832263, 0.2213608355494216, 0.9027566810448965, 0.4388841837644577, 0.39898766530677676, 0.6457561455253098, 0.5655105842484368, 0.5445007048547268, 0.20262963652300336, 0.4265771382022649, 0.7290227150544524, 0.5016650107378761, 2.3171693459153175, 0.7603146508336067, 0.26434390156064186, 0.5634769950062036, 0.3017250017845072, 0.3336387897427711, 0.2899923328543082, 0.5148771063114206, 0.5871902406215668, 0.43319911435246466, 0.3000101721457516, 0.7185058776289225, 0.3751870173340043, 0.6085682563483715, 0.3463862278149463, 0.8020709577249363, 0.3386230104408848, 0.536071642395109, 0.47410397976636887, 0.5351690214437743, 0.1866911265580454, 0.49940871332979037, 0.49576282044872644, 1.0606249282679832, 0.9118819280217092, 0.39988327550236136, 0.6707531874068081, 0.6705348634471496, 0.2905878886871505, 0.6335414250021462, 0.461192671670061, 0.45842113997787237, 0.2546145992713388, 0.18583659962556945, 0.4240558175370097, 0.27913253295700996, 0.3125239874193953, 0.16713082996429873, 1.4212421029806137, 1.48617385327816, 0.5720097832381725, 0.38183973977963126, 0.2401625952217728, 0.29501860288437454, 0.6462292116833851, 0.27269645881218213, 0.30029844315722587, 0.6430887107271701, 0.3237822994130208, 0.5439844311792209, 1.6947062241961248, 1.5371963518361251, 0.24593442818149924, 1.249685509490188, 1.362260881252587, 0.42995024793263936, 0.30108618130907416, 0.281180581698815, 1.0830533660482615, 0.8737450841193398, 0.32906910190358757, 0.7875838160514832, 0.9962706565856934, 0.22338538441496592, 0.45249514343837893, 0.30669939927756784, 0.8486459139191235, 1.3555955416734584, 0.508116146735847, 0.30246443883515894, 1.5230165152913995, 0.36112540507068236, 0.37898017907411685, 0.8296723552048206, 0.21724932693706994, 0.547961149778631, 0.3741653114085238, 0.4256065568058855, 0.21760119511745868, 0.9453434447447459, 0.764110378921032, 0.5028398431837559, 0.2960165829708179, 0.7783627218256394, 0.534422831195924, 0.4221319580864575, 0.24565325959119946, 0.8139093084053861, 0.4451845486958822, 0.3909817991260853, 0.6422403786331415, 0.7454690804187623, 0.4290807036838184, 0.577707606057326, 0.27045366190270415, 0.8395247463550832, 0.35866300463676454, 1.1664889983832836, 0.5350412230938673, 0.7019888566392991, 0.2986064359338747, 0.3982254183825312, 0.5272360350936651, 0.17490417057309637, 1.1760414458268011, 0.9331206062265361, 0.26370480840172, 1.1754688020174702, 0.25373537263367324, 0.21469441964291036, 1.2438448054922953, 0.6359043623010318, 0.5748448734068208, 0.39314553514122963, 0.2970893199866017, 0.3256037227809429, 0.5361427754784625, 0.323078499486049, 0.5817400768399239, 0.4336911532839741, 0.49013093193484975, 0.5196048162256678, 0.8064313598908484, 0.8220606186737617, 0.46256203369961846, 0.5102192224934697, 0.3415050558049721, 0.5553127194444338, 0.5055154234998755, 0.4389001216739416, 0.5156367047379414, 0.40487534962594507, 0.5254929548129439, 0.7457407801722487, 0.6743954973295331, 0.45198407936841245, 1.4967399388551712, 0.758070383235022, 1.2375994051496189, 0.7294395864207411, 0.23070080334631105, 1.3105235775311788, 0.4131413872431343, 0.556353954029166, 0.7429438751811783, 0.6192607648256753, 0.45262504575981033, 0.27270812658085064, 0.6080615094552437, 0.9653813441594441, 0.8439466133713722, 0.8924180169900258, 0.35648532062768934, 0.9981128349900246, 0.893377460539341]
2025-12-18 09:33:44 - fedrand - INFO - loss data:
2025-12-18 09:33:44 - fedrand - INFO - [0.6671519964933396, 0.36836086940020324, 0.5742822146043182, 0.5367961383890361, 0.7357613444328308, 0.3837307079695165, 0.7275151623568187, 0.7109370313584804, 0.49439057459433877, 0.5402982857078313, 0.7082968681740264, 0.4137172982096672, 0.310304461652413, 0.9917242728173733, 0.4495634725317359, 0.3326954041374847, 0.3169372977068027, 0.9556518293917179, 0.5864309519529343, 0.6209675036370754, 0.35729647101834416, 1.3347646018179753, 1.2011507980525493, 0.7601580791175365, 0.49512419402599334, 0.8008899003267289, 0.5326785132288934, 0.6884513689825932, 0.8398590803456802, 0.19713716206606477, 1.313398025103379, 0.2897489093942568, 0.9444002501666546, 0.5256355609744787, 0.3068499693647027, 0.4861652021296322, 1.1455806165933609, 0.21631082161329687, 0.3104600912425667, 0.41928471239904563, 0.5377775946632029, 0.9535702007512251, 0.31625730850889033, 0.8195238679647445, 0.3413029314484447, 0.44320211205631493, 0.22808716280851513, 0.7903634393587708, 0.6124425686895847, 0.8021072114817798, 0.6686605172231793, 0.33334282920695846, 0.6408214040100575, 0.5030706904828548, 0.16388208494754508, 1.5469695396721364, 0.3710163098759949, 0.5709971189498901, 0.34479155304531256, 0.3815398793667555, 0.43419890161603686, 0.4226016741245985, 0.2627277327235788, 0.2874154140474275, 0.4332043178146705, 0.15390144125558436, 0.1398007997001211, 0.2545032542198896, 0.5643362352624536, 0.7545572333037853, 0.3754214655142277, 0.9506961919367314, 0.4727738665416837, 0.23327406775206327, 0.9838324546813965, 0.37718736100941896, 0.4237362930551171, 0.4242042250931263, 0.32712393030524256, 0.4761809130199254, 0.3606415762798861, 0.47484150823826593, 0.30509841620223593, 0.28785723857581613, 0.4128763961140066, 0.8015622114141783, 0.4611740815142791, 0.4086662534624338, 0.40793675482273106, 0.5160002343356609, 0.3315863716416061, 0.5772680035481851, 0.27453857595101, 0.14162836390702677, 1.295887840539217, 0.3568246871232986, 0.43402372412383555, 0.15820763702504337, 0.23026227133814245, 0.4699612904340029, 0.29639259089405334, 0.3553648128484686, 0.3539755791425705, 0.2519630684982985, 0.45340010039508344, 0.42106679850257933, 0.08246341814519838, 1.5017723989052076, 0.20370440827682615, 0.4395655404776335, 0.38366439174860717, 0.48342353850603104, 0.29988979231566193, 0.42239435911178586, 0.4411080077290535, 0.25862117670476437, 0.4253505878150463, 0.41496966741979124, 0.43717163484543564, 0.4336427416652441, 0.2728516853414476, 0.509185153990984, 0.4682287510484457, 0.1834408824176838, 1.307329428444306, 0.3513707183301449, 0.6047977648675442, 0.27886172458529473, 0.5794267050921917, 0.34848396382294594, 0.4219552231952548, 0.2993568752892315, 0.41715757399797443, 0.7043698523193598, 0.2973871654830873, 0.4703170649707317, 0.43251600340008733, 0.46558537408709527, 0.2070257303615411, 0.756818117108196, 0.15391616097961863, 0.4342569213826209, 1.1317379400134087, 0.43096865992993116, 0.3536808828823268, 0.4145726941525936, 0.4511169924711188, 0.5362616434693337, 0.4996742221216361, 0.5315377019345761, 0.4104662527640661, 0.6405426297336817, 0.40854129903018477, 0.30400925129652023, 0.4438845328986645, 0.4160396834214528, 0.5573482856154441, 0.621166355907917, 0.5169151648879051, 0.22845272365957497, 0.4517137080430984, 0.5106499888002872, 0.49917272068560126, 0.47795993089675903, 1.1584189285834632, 0.7213356606662273, 0.20688475081697105, 0.7345217230419318, 1.4435247585177422, 0.19933653622865677, 0.6783086232841015, 0.18812653236091137, 0.23902618000283837, 0.8034267394493023, 0.27843484717110795, 0.1267117140814662, 0.8101664550602437, 0.8021325532346963, 0.8776459787040949, 1.0878417015075683, 0.68336380161345, 0.6545212512835861, 1.0620303389926753, 0.6161098362877965, 0.9121851628025373, 0.24623998999595642, 0.8840541839599609, 0.7114629663527012, 0.2913856627419591, 0.7002259639402231, 0.32203566916286946, 0.4459986351430416, 0.7372498370707035, 0.5700299415737391, 0.5710720779374242, 0.7534609474241734, 0.5166734006255865, 0.2809362173080444, 0.2803625989705324, 0.5337968967854977]
2025-12-18 10:05:53 - fedrand - INFO - loss data:
2025-12-18 10:05:53 - fedrand - INFO - [0.6615268982946874, 0.580362315941602, 0.43829356618225573, 0.2714426017832011, 0.9342654030246195, 0.3400306909898063, 0.24360407101921738, 0.6511108062097004, 0.3151087404228747, 0.5878899320960045, 0.7185122482478619, 0.6019995041191578, 0.20146004483103752, 0.5868267378478776, 0.6386317789554596, 0.407846886664629, 1.3545327857136726, 0.5472720220685006, 0.3653963771648705, 0.1791345078187684, 0.3866600531153381, 0.3948577175227304, 0.32283626061398535, 0.611213443055749, 0.5132700465619564, 0.5673820316791534, 0.45462646782398225, 0.3850818962923118, 0.3248605807977063, 0.2283431121672038, 1.1657183475792408, 0.3063884686096571, 0.39507218362867, 0.234493294719141, 0.09183380300075644, 0.6400409378111362, 0.39425475378520786, 0.48634238466620444, 0.2865532396710478, 0.2925723815647264, 0.6461532606510445, 0.31820458439178767, 0.41211751783266665, 0.37207635758178575, 0.4252448593499139, 0.43182254284620286, 0.4534193098545074, 0.34477797948888367, 0.5908683422952891, 0.4693866674921342, 0.12733882094422977, 0.389166792595966, 0.28387112598866227, 0.47826925553381444, 0.18024324654834345, 0.17289832190033935, 0.3217926962126512, 0.30249855257570746, 0.38899756893515586, 0.3722068402916193, 0.32032283340166845, 0.31384042037340504, 0.22414456398109905, 0.43373305486618646, 0.2087616954176199, 0.22600085822244487, 0.16542476812998452, 0.15680658917408435, 0.16652109334245324, 0.27302331562241305, 0.6262557706433453, 0.23544658774044366, 0.328980155023081, 0.3773004384711385, 0.2858563534915447, 0.469795336201787, 0.4647742260247469, 0.47541351318359376, 0.2454398625763133, 0.22197751448127545, 0.52213013805449, 0.3882610723376274, 0.4131539312191308, 0.22003718641187464, 0.3096013924106955, 0.43794499039649964, 0.38490216676145794, 0.19504327033646407, 0.37569333524960613, 0.3831612120072047, 0.2547187708473454, 0.7595260661561042, 0.6705318500598272, 0.1380507671015544, 0.850701791420579, 0.48370906971395017, 0.3724353898848806, 0.4538320202380419, 0.40051116868853565, 0.3205189785454422, 0.29025667708899294, 0.44699566923081874, 0.27062450228258966, 0.2790385441388935, 0.2240405222452763, 0.2983905585482717, 0.3025429205348094, 0.4464587867259979, 0.32181976921856403, 0.526291148737073, 0.45753075579802194, 0.19260385397097302, 0.22117438707500697, 0.4330899827182293, 0.3274435928091407, 0.4203615367412567, 0.3821418620646, 0.1509137601695127, 0.339826694556645, 0.610356373898685, 0.407488989084959, 0.3582862947136164, 0.2670870509929955, 0.29062016763103504, 0.16564063434415155, 0.505038570612669, 0.14251656074904734, 0.2762783674523234, 0.7408398581668735, 0.5318124443292618, 0.17848924277350306, 0.7457728527486325, 0.2386785179531823, 0.386010105907917, 0.31990799158811567, 0.3857634736225009, 0.1528513922356069, 0.3981247773187028, 0.5598252860363573, 0.553826827928424, 0.3360160233452916, 0.356994422711432, 0.40428222591678303, 0.24185091937995618, 0.324483596926762, 0.2371469035744667, 0.4666422922164202, 0.20703326809619155, 0.5481448339298367, 0.4659535326063633, 0.19978160158331904, 0.2737591584523519, 0.358076689232673, 0.3465435579419136, 0.39905736967921257, 0.33364999033510684, 0.2560381222516298, 0.16552609560700754, 0.3164997646171186, 0.1355233492728855, 0.16100358553230762, 1.0407782804220915, 0.3546505142003298, 0.38367596417665484, 0.4185087971389294, 0.3157753030459086, 0.4343516477901075, 0.428553793951869, 0.3938567629083991, 0.23713444663832584, 0.2636305442345994, 0.5508830793201923, 0.4704949542880058, 0.36347693782299756, 0.5070613462477922, 0.30047514140605924, 0.3942582789808512, 0.3890988629311323, 0.4850928533822298, 0.28515795394778254, 0.5016116984188557, 0.2119615053225841, 0.22079440330465633, 0.5431733884745173, 0.17468493903676668, 0.2120223466306925, 0.23533025019698672, 0.5193920359015465, 0.38507826793938876, 0.6343621343374253, 0.6652670887298882, 0.33648312950713766, 0.2978629938016335, 0.3046947133520411, 0.38784036263823507, 0.7187624629586935, 0.5278655093163251, 0.23372117642845425, 0.2725400477115597, 0.5365109641104937]
2025-12-18 10:31:34 - fedrand - INFO - loss data:
2025-12-18 10:31:34 - fedrand - INFO - [0.47382551804184914, 0.583664687971274, 0.302834856370464, 0.21435732251266018, 0.5497037218417973, 0.7030024878680706, 0.7165157651528716, 0.5704076241701841, 1.1736090779304504, 0.4067349660520752, 0.6299084949307143, 0.46876586629077793, 1.1440622925758361, 0.5723018107314904, 0.2888193342834711, 0.4888191538164392, 0.5843331892043352, 0.909707304649055, 0.6700163702480495, 0.27303068360262034, 0.9090893484652043, 0.4009954552166164, 0.584445139600171, 0.2587496772511966, 0.6449185013771057, 0.18203057292848823, 1.8907524704933167, 0.5213099696156052, 0.5528826837738354, 0.32101632049307227, 0.1229998224764131, 1.0338649190962315, 0.5461402184433407, 0.3381462045945227, 0.5384613952289026, 0.500789700075984, 0.5144542150665075, 0.6876986362040043, 0.5815091200172902, 0.6255848668515682, 0.26798278288915756, 0.4587165587116033, 0.6660005912184715, 0.4577001504832879, 2.282434413830439, 0.6143918633460999, 0.34808165291324256, 0.6534288927912713, 0.31685942362528297, 0.36116730678412645, 0.30119315246120093, 0.5859661512490776, 0.5271676369011402, 0.38790184259414673, 0.46779323243536053, 0.7609617415815592, 0.3694392502721813, 0.4903306961990893, 0.3805397994001396, 0.902781234763097, 0.3989395804703235, 0.35522332792170347, 0.5977136328816414, 0.6407250847667456, 0.19877184603311537, 0.7685529535636306, 0.45541711039841176, 1.121324683818966, 0.4987168225149314, 0.21697465230245144, 0.8764581674089035, 0.5981207769364119, 0.2815406531871607, 0.6396599451390406, 0.488354030251503, 0.35896671563386917, 0.305567530519329, 0.20282605732791126, 0.41559739006916063, 0.24773020793218165, 0.3234742797911167, 0.1594033185625449, 1.4557251632213593, 1.454600140452385, 0.4619712606072426, 0.39216454699635506, 0.24576275306753814, 0.5640959059121087, 0.6421023294329643, 0.22043085154145955, 0.38890876844525335, 0.5161840848159045, 0.38647203701548277, 0.6319728227332234, 1.7274825747590512, 1.5158876858651638, 0.298606910277158, 1.050105427298695, 2.04088591709733, 0.4292983189225197, 0.34148155665025115, 0.24229703444677092, 1.0174985029734671, 0.7939620930701494, 0.2624849771770338, 0.6891072645783425, 0.6687731295824051, 0.26569731240160765, 0.43717714212834835, 0.373087490350008, 0.5872841495089233, 1.1924651416251435, 0.9151748429983855, 0.3655733237043023, 0.48301437664777036, 0.35309063134094076, 0.37823829986155033, 0.7198559809476137, 0.25233590584248305, 0.5173473764624861, 0.31946375030092894, 0.4414709432981908, 0.2643857134506106, 0.8278184769054254, 0.5154743902385235, 0.4402871921658516, 0.2764768583700061, 0.6231734847649932, 0.5169487945735455, 0.4194990433752537, 0.23849878581240774, 0.9709612652659416, 0.5024542895456154, 0.3944252314046025, 0.6006148364394903, 0.580680264532566, 0.37531245360150933, 0.5051649411519369, 0.29294139480011333, 0.4610178304215272, 0.47354805171489717, 0.9440180053313574, 0.5161570064723492, 0.4307271149009466, 0.25191003918233845, 0.3807780194329098, 0.5825527093062799, 0.23924753544852137, 0.9033655458129942, 0.7931779163579146, 0.2306443522684276, 0.9594148313626647, 0.24730196031741797, 0.20258281822316349, 1.492906864732504, 0.8842512011528015, 0.4275297343523966, 0.7139703407883644, 0.4413129571825266, 0.6540675401687622, 0.4332237377762794, 0.5455384835600853, 0.4487324681133032, 0.26004424401455456, 0.6269418634474277, 0.6416039678268134, 0.7286389113714298, 0.9364713184535504, 0.5749292641878128, 0.492169701308012, 0.3635209821164608, 0.5139682255685329, 0.5923351548612118, 0.4617092326283455, 0.4740893729031086, 0.39615372437983754, 0.5275495678186417, 0.5605865865945816, 0.5109774321317673, 0.4133979182690382, 0.8896591067314148, 0.5095768148700397, 0.7401169285178184, 0.5172715611755848, 0.3306110091507435, 0.988618777692318, 0.42309813524285955, 0.5300246916711331, 0.7444238148629665, 0.5876562534107101, 0.43945765126910474, 0.3012170780450106, 0.560967392846942, 0.9377684791882832, 0.7936419621109962, 0.8066864510377247, 0.3532357383519411, 0.9659044966101646, 0.8121010536948841, 0.5336501441895962]
2025-12-20 04:32:05 - fedrand - INFO - loss data:
2025-12-20 04:32:05 - fedrand - INFO - [0.708479006588459, 0.3701253543607891, 0.5508902981877327, 0.6061994799878448, 0.7869441471993923, 0.4280184431001544, 0.7604413023218513, 0.6705975376069546, 0.5289317240317662, 0.5480599991977215, 0.6308471897306541, 0.40754591003060336, 0.32587271588854494, 0.9928992673754692, 0.4547907212749124, 0.39149264367297293, 0.30271773915737865, 1.0099913828074931, 0.583267369121313, 0.6928025409579277, 0.4022163545712829, 1.2892974615097046, 1.3227038219571114, 0.7095466919243336, 0.5485928574576974, 0.8027505725622177, 0.5726911453530192, 0.705912976215283, 0.9462683854314188, 0.22186945106368514, 1.1778645181911997, 0.3386936996442576, 1.4611727513372899, 0.5617289844900369, 0.35404013432562353, 0.5143114881124348, 1.5523052752017974, 0.30090570291504265, 0.4661267196759582, 0.5546080432832241, 0.469525359198451, 1.0597843701640763, 0.3495336498444279, 0.8142038561403752, 0.3956177532672882, 0.3997521286830306, 0.2602907072442273, 1.031213104352355, 0.5845345728099346, 0.881323280185461, 0.6227885210886598, 0.38592520696111027, 0.7432899240404367, 0.5024578291922808, 0.2137149283196777, 1.4130039438605309, 0.42454297188669443, 0.678844042122364, 0.425871434311072, 0.3759562000632286, 0.4834108132869005, 0.47921622171998024, 0.3212800448294729, 0.37870992757380006, 0.45645101140253247, 0.20556065378089744, 0.15710954777896405, 0.3320750047763189, 0.7319688562303781, 0.7045380890369415, 0.41215769881382586, 1.0205026380717754, 0.5267143456265331, 0.2717207485809922, 0.9734062254428864, 0.4165567643940449, 0.4714372605085373, 0.4433706991374493, 0.47625035271048544, 0.5666866479441524, 0.37695816745981575, 0.5385902931448072, 0.44183764583431184, 0.35094234566204247, 0.5571169272065163, 0.7909714221954346, 0.5202414733668168, 0.4570840325206518, 0.4567763924598694, 0.5299037605524063, 0.3829031214118004, 0.5718406182403366, 0.3562529331073165, 0.16173513482014337, 1.4434729166328908, 0.40531764514744284, 0.5057212941348552, 0.17232699443120508, 0.24466383059043437, 0.5572064716368914, 0.3510936827709278, 0.3924821065738797, 0.3981942412443459, 0.3386241141706705, 0.47014018408954145, 0.3899295173585415, 0.09500564576592296, 1.4102344170290355, 0.23017389047890902, 0.47992015033960345, 0.43222043123096227, 0.6281499080359936, 0.41240502726286654, 0.4929050821810961, 0.43056423850357534, 0.29170222776010635, 0.43694742433726785, 0.47917753309011457, 0.43483303636312487, 0.4955640763044357, 0.3138218367472291, 0.5653810799121857, 0.44435398063311976, 0.21507129703337946, 1.2191055533786614, 0.4260705204680562, 0.5648668304085731, 0.3388898465782404, 0.660056333988905, 0.3964816892519593, 0.43443744722753763, 0.3567627774551511, 0.4731972150504589, 0.8602756932377815, 0.34705604910850524, 0.4636047840118408, 0.45005439072847364, 0.5400903832167387, 0.23229521717876195, 0.8906071182961265, 0.17922823093831539, 0.48065924402326343, 1.3343401215970516, 0.5048660626634955, 0.4492304913699627, 0.6382726825773716, 0.38458968127767246, 0.6559700533747672, 0.4472742522756259, 0.4954800561070442, 0.46797355289260545, 0.6682286359369755, 0.4287321824580431, 0.3669360265135765, 0.43124669541915256, 0.4825546063482761, 0.568712481111288, 0.6590087831020355, 0.45869302035619813, 0.27378634326159956, 0.4667042963206768, 0.53725416213274, 0.5217586565762758, 0.5162126995623112, 1.1072924633820853, 0.8182287961244583, 0.2353910718113184, 0.6739416232643028, 1.4363197520375253, 0.22478982750326396, 0.7558559849858284, 0.218432067707181, 0.27265540324151516, 0.8018040920918187, 0.30629394023368756, 0.14827552977949382, 0.72555465772748, 0.8059857498854399, 0.9192226443439722, 1.1542352452874183, 0.716822250187397, 0.7420197479426861, 1.1832384963830314, 0.6909233158454299, 0.9967096601923306, 0.2660575111707052, 0.9629581317305564, 0.8187857121229172, 0.3790105925872922, 0.7414809895058473, 0.3729546446353197, 0.48511334881186485, 0.844056884944439, 0.59840066768229, 0.6622566500678658, 0.8758224964141845, 0.5908805932849646, 0.2724342726171017, 0.3468917399644852, 0.5958253867924214]
2025-12-20 06:02:18 - fedrand - INFO - loss data:
2025-12-20 06:02:18 - fedrand - INFO - [0.6624367594718933, 0.5758295603096485, 0.454673969745636, 0.2536218237131834, 1.0552243375219406, 0.3602623732818756, 0.24505913460161535, 0.6790845115269933, 0.31220307005569337, 0.5526300418589796, 0.7774884782731533, 0.6244799733161926, 0.2122462878624598, 0.5589137845789082, 0.6544288143515586, 0.4066707257181406, 1.457447039708495, 0.5643712559507953, 0.3996158586297598, 0.19107236312702297, 0.41242297678771944, 0.4255538946431544, 0.3600343409925699, 0.6557037889957429, 0.5599911265075207, 0.6670819625258446, 0.531826296874455, 0.45588594494121415, 0.3871356870446886, 0.26210463754832747, 1.2511547029018402, 0.38312423569150267, 0.42882467726142043, 0.2716362087405287, 0.11267527754211593, 1.0176235508173703, 0.41070638140663507, 0.5648920414969325, 0.3438110430724919, 0.3417999140142153, 0.9332608964294196, 0.3703283777356976, 0.40494422102347016, 0.42624577986342566, 0.5028021721169352, 0.5017767682671547, 0.543285858631134, 0.38538968935608864, 0.661112779378891, 0.5045766489846366, 0.1396849541614453, 0.45510506324677, 0.32344566117972134, 0.5776028536260128, 0.23353773141279816, 0.2636803264419238, 0.34828505195328036, 0.3193657357245684, 0.44596436414867635, 0.4262948021292686, 0.3597509433204929, 0.34687570285879904, 0.2548281972820405, 0.47760554413414663, 0.21679027582563104, 0.24862171734372773, 0.18324198701108493, 0.17141248625703157, 0.19707470176564085, 0.2832858449255582, 0.6117520682565454, 0.27539436349179597, 0.38234688022306984, 0.4137688307091594, 0.3191938266158104, 0.5068608682602644, 0.48022870607674123, 0.5056392654776574, 0.2900463104015216, 0.2644260542260276, 0.5577434234321117, 0.43119276911020277, 0.4312390349805355, 0.2869932120932, 0.3682662585750222, 0.47815345115959645, 0.41917048282921315, 0.23269163081422448, 0.2963782991282642, 0.4383681359856079, 0.3137000565442981, 0.9028792552649975, 0.5763047595818838, 0.14874443665353787, 0.8674530763179065, 0.5285646360367536, 0.4039227576660258, 0.48613238148391247, 0.4436205118894577, 0.3981111076970896, 0.3342679363808462, 0.487940264493227, 0.31842685090377926, 0.32799837803468107, 0.26835829072838857, 0.3468659337610006, 0.40783987442652386, 0.5200814478099346, 0.35185696836560965, 0.5081157505512237, 0.533769549181064, 0.27546127430266804, 0.23091372717171907, 0.4823155105113983, 0.3784250099211931, 0.49410272464156146, 0.4483800038695335, 0.18205005592770046, 0.37291126432163374, 0.6961379934102296, 0.46713672429323194, 0.3990950334817171, 0.2876012532506138, 0.30862615414274236, 0.20830145263896574, 0.5238590717315674, 0.15739597007632256, 0.2907003373838961, 0.9250564113259315, 0.5066963419318199, 0.2104224162072771, 0.8040085002779961, 0.28591586081311104, 0.40620962530374527, 0.3526014905422926, 0.45563670340925455, 0.1637008922174573, 0.43589514932698675, 0.6293863548431545, 0.6690609786659479, 0.36978064682334666, 0.44333567610010505, 0.5012113113577167, 0.2495117853499121, 0.35578206543707186, 0.25052195293828844, 0.5116739720106125, 0.2547831044133221, 0.5667788877151907, 0.5280502893030643, 0.22563676932560547, 0.3026058462758859, 0.3564435968707715, 0.3826504683122039, 0.42061080485582353, 0.3923232894390821, 0.23089160695672034, 0.1894562788411147, 0.3782383445650339, 0.1750934310856142, 0.16458256129796306, 1.0930617228150368, 0.3910431982949376, 0.4323673456907272, 0.4814168870449066, 0.3782878997011317, 0.5058842740125127, 0.474236611649394, 0.45556499883532525, 0.24860667983690898, 0.32816452724593026, 0.598947468825749, 0.5102922273799777, 0.3890473283827305, 0.5561384275555611, 0.3169665452092886, 0.46957471370697024, 0.48757492266595365, 0.5334175020456313, 0.31402726247906687, 0.5895674653351307, 0.24255486955600125, 0.25636977702379227, 0.6297932950158914, 0.19693606471021968, 0.23298216611146927, 0.2733336780634191, 0.5052442789077759, 0.4185098133981228, 0.6450431108474731, 0.7063373774290085, 0.3609792397667964, 0.34300758499238226, 0.32399756523470086, 0.43831947445869446, 0.8317305184900761, 0.5770096123218535, 0.2537830935525043, 0.3365586313818182, 0.573483295738697]
2025-12-20 08:07:17 - fedrand - INFO - loss data:
2025-12-20 08:07:17 - fedrand - INFO - [0.47003336250782013, 0.5944333254463143, 0.3122853197157383, 0.2252079273108393, 0.5505375978536904, 0.7340366676449775, 0.7975194456055761, 0.5669723652303219, 1.1338513791561127, 0.43433617452780404, 0.637054924457334, 0.5208619000545393, 1.1385482028126717, 0.584956947962443, 0.30289112254977224, 0.5087026815628632, 0.6975780017673969, 0.742215227521956, 0.7115736717513451, 0.24859591430156594, 0.9508499373992284, 0.4290242478251457, 0.5865761757724814, 0.28489320505824356, 0.6512982737272978, 0.1917307773604989, 1.967045211791992, 0.5660205540557702, 0.4987617339938879, 0.4987873680889606, 0.2084598162677139, 0.9355465918779373, 0.6708720658388403, 0.4744742102921009, 0.5791172763953607, 0.5198858343064785, 0.5389549182727933, 0.7868131205439568, 0.6543661564588548, 0.6504903137683868, 0.36450697872787713, 0.5505931375548243, 0.8540666602551937, 0.5845301858615131, 2.3839042087395987, 0.8660551533102989, 0.3606689802370966, 0.6959750950336456, 0.3755080110859126, 0.4441249813470576, 0.3893471383722499, 0.7398397674163183, 0.781202994287014, 0.5881895750761033, 0.49326180182397367, 0.7063740260899067, 0.478489712294605, 0.5784816524013877, 0.4238179338475068, 0.8400487541221082, 0.747119526565075, 0.386066194716841, 0.7647736683487892, 0.5848076999187469, 0.2510066416838931, 1.0066357135772703, 0.45751995518803595, 1.1390382055193187, 0.6144886823991934, 0.34411933468654754, 0.813444427276651, 0.7453617739180725, 0.3984156457707286, 0.6739693870767951, 0.47864844780415294, 0.42321241336564225, 0.33367039673030374, 0.20550030707381667, 0.5119259509723634, 0.3065941508160904, 0.35282809317577635, 0.16882358428556474, 1.7062712907791138, 1.8789614886045456, 0.726263162990411, 0.4555653122564157, 0.3238817673176527, 0.5768530611880124, 0.6613728629425168, 0.24601114382967354, 0.43935243021696807, 0.5317314490675926, 0.4820628404384479, 0.6429710522294044, 1.6583899446995929, 1.93869236856699, 0.32712545348331334, 1.0137647348456085, 2.1985493928194044, 0.6126314111053943, 0.36368519719690084, 0.2969943451695144, 1.0654837861657143, 0.9577370199064413, 0.337960152203838, 0.8367143422365189, 0.8380993008613586, 0.35328768491744994, 0.4403392896056175, 0.46646414138376713, 0.5455252658110112, 1.0019173247739672, 1.1360195405781268, 0.5316639779135585, 0.47805075980722905, 0.46143000945448875, 0.4195308484137058, 0.8693041217823824, 0.30319504365324973, 0.5178526783465511, 0.45952063612639904, 0.5212919938895437, 0.2851515801623463, 0.9642086227734884, 0.7285937398672104, 0.507047601789236, 0.31956338714808225, 0.5674001198261976, 0.538984848683079, 0.45533427894115447, 0.2875680590048433, 1.0103477545082569, 0.5718436402579149, 0.45396202951669695, 0.6575362488627434, 0.5635768160223961, 0.4587788541490833, 0.5395136804630359, 0.37768349635104337, 0.4798370894458559, 0.5283817125484347, 0.9209269265333812, 0.6064792379736901, 0.4694351955420441, 0.3041220565636953, 0.4225587517488748, 0.677034458766381, 0.2136281027458608, 0.8835198939777911, 0.8483765535367033, 0.2717623577453196, 1.1116803331300615, 0.32213358520530166, 0.23527728859335184, 1.5524574890732765, 1.1303663328289986, 0.5383460571368536, 1.0215101689100266, 0.5578672697767615, 0.9089720532298088, 0.5384662229567766, 0.7026131853461266, 0.5230805911123753, 0.28920482068012154, 0.678520118072629, 0.7017250273376704, 0.8747313104569912, 1.1573102116584777, 0.7249728716909886, 0.6268527284264565, 0.41473496109247204, 0.6105969995260239, 0.6832013115286827, 0.6004398554563523, 0.48421046882867813, 0.39397941082715987, 0.63232801258564, 0.6389470018446446, 0.566472053155303, 0.45721360407769684, 0.9420855566859245, 0.5544282731910546, 0.749623553454876, 0.5879710480570793, 0.3596008248627186, 0.9527004703879356, 0.46176389998031986, 0.5701630413532257, 0.7828655451536178, 0.653302568031682, 0.4864098199539714, 0.34370991587638855, 0.6275543291121721, 0.9997096334894497, 0.834356427192688, 0.8819204568862915, 0.405170438811183, 1.0072468891739845, 0.8795852263768513, 0.6099821574985981]
2025-12-22 06:15:13 - fedrand - INFO - loss data:
2025-12-22 06:15:13 - fedrand - INFO - [0.6671519964933396, 0.36836086940020324, 0.5742822146043182, 0.5367961383890361, 0.7357613444328308, 0.3837307079695165, 0.7275151623568187, 0.7109370313584804, 0.49439057459433877, 0.5402982857078313, 0.7082968681740264, 0.4137172982096672, 0.310304461652413, 0.9917242728173733, 0.4495634725317359, 0.3326954041374847, 0.3169372977068027, 0.9556518293917179, 0.5864309519529343, 0.6209675036370754, 0.35729647101834416, 1.3347646018179753, 1.2011507980525493, 0.7601580791175365, 0.49512419402599334, 0.8008899003267289, 0.5326785132288934, 0.6884513689825932, 0.8398590803456802, 0.19713716206606477, 1.313398025103379, 0.2897489093942568, 0.9444002501666546, 0.5256355609744787, 0.3068499693647027, 0.4861652021296322, 1.1455806165933609, 0.21631082161329687, 0.3104600912425667, 0.41928471239904563, 0.5377775946632029, 0.9535702007512251, 0.31625730850889033, 0.8195238679647445, 0.3413029314484447, 0.44320211205631493, 0.22808716280851513, 0.7903634393587708, 0.6124425686895847, 0.8021072114817798, 0.6686605172231793, 0.33334282920695846, 0.6408214040100575, 0.5030706904828548, 0.16388208494754508, 1.5469695396721364, 0.3710163098759949, 0.5709971189498901, 0.34479155304531256, 0.3815398793667555, 0.43419890161603686, 0.4226016741245985, 0.2627277327235788, 0.2874154140474275, 0.4332043178146705, 0.15390144125558436, 0.1398007997001211, 0.2545032542198896, 0.5643362352624536, 0.7545572333037853, 0.3754214655142277, 0.9506961919367314, 0.4727738665416837, 0.23327406775206327, 0.9838324546813965, 0.37718736100941896, 0.4237362930551171, 0.4242042250931263, 0.32712393030524256, 0.4761809130199254, 0.3606415762798861, 0.47484150823826593, 0.30509841620223593, 0.28785723857581613, 0.4128763961140066, 0.8015622114141783, 0.4611740815142791, 0.4086662534624338, 0.40793675482273106, 0.5160002343356609, 0.3315863716416061, 0.5772680035481851, 0.27453857595101, 0.14162836390702677, 1.295887840539217, 0.3568246871232986, 0.43402372412383555, 0.15820763702504337, 0.23026227133814245, 0.4699612904340029, 0.29639259089405334, 0.3553648128484686, 0.3539755791425705, 0.2519630684982985, 0.45340010039508344, 0.42106679850257933, 0.08246341814519838, 1.5017723989052076, 0.20370440827682615, 0.4395655404776335, 0.38366439174860717, 0.48342353850603104, 0.29988979231566193, 0.42239435911178586, 0.4411080077290535, 0.25862117670476437, 0.4253505878150463, 0.41496966741979124, 0.43717163484543564, 0.4336427416652441, 0.2728516853414476, 0.509185153990984, 0.4682287510484457, 0.1834408824176838, 1.307329428444306, 0.3513707183301449, 0.6047977648675442, 0.27886172458529473, 0.5794267050921917, 0.34848396382294594, 0.4219552231952548, 0.2993568752892315, 0.41715757399797443, 0.7043698523193598, 0.2973871654830873, 0.4703170649707317, 0.43251600340008733, 0.46558537408709527, 0.2070257303615411, 0.756818117108196, 0.15391616097961863, 0.4342569213826209, 1.1317379400134087, 0.43096865992993116, 0.3536808828823268, 0.4145726941525936, 0.4511169924711188, 0.5362616434693337, 0.4996742221216361, 0.5315377019345761, 0.4104662527640661, 0.6405426297336817, 0.40854129903018477, 0.30400925129652023, 0.4438845328986645, 0.4160396834214528, 0.5573482856154441, 0.621166355907917, 0.5169151648879051, 0.22845272365957497, 0.4517137080430984, 0.5106499888002872, 0.49917272068560126, 0.47795993089675903, 1.1584189285834632, 0.7213356606662273, 0.20688475081697105, 0.7345217230419318, 1.4435247585177422, 0.19933653622865677, 0.6783086232841015, 0.18812653236091137, 0.23902618000283837, 0.8034267394493023, 0.27843484717110795, 0.1267117140814662, 0.8101664550602437, 0.8021325532346963, 0.8776459787040949, 1.0878417015075683, 0.68336380161345, 0.6545212512835861, 1.0620303389926753, 0.6161098362877965, 0.9121851628025373, 0.24623998999595642, 0.8840541839599609, 0.7114629663527012, 0.2913856627419591, 0.7002259639402231, 0.32203566916286946, 0.4459986351430416, 0.7372498370707035, 0.5700299415737391, 0.5710720779374242, 0.7534609474241734, 0.5166734006255865, 0.2809362173080444, 0.2803625989705324, 0.5337968967854977]
2025-12-22 07:07:51 - fedrand - INFO - loss data:
2025-12-22 07:07:51 - fedrand - INFO - [0.6615268982946874, 0.580362315941602, 0.43829356618225573, 0.2714426017832011, 0.9342654030246195, 0.3400306909898063, 0.24360407101921738, 0.6511108062097004, 0.3151087404228747, 0.5878899320960045, 0.7185122482478619, 0.6019995041191578, 0.20146004483103752, 0.5868267378478776, 0.6386317789554596, 0.407846886664629, 1.3545327857136726, 0.5472720220685006, 0.3653963771648705, 0.1791345078187684, 0.3866600531153381, 0.3948577175227304, 0.32283626061398535, 0.611213443055749, 0.5132700465619564, 0.5673820316791534, 0.45462646782398225, 0.3850818962923118, 0.3248605807977063, 0.2283431121672038, 1.1657183475792408, 0.3063884686096571, 0.39507218362867, 0.234493294719141, 0.09183380300075644, 0.6400409378111362, 0.39425475378520786, 0.48634238466620444, 0.2865532396710478, 0.2925723815647264, 0.6461532606510445, 0.31820458439178767, 0.41211751783266665, 0.37207635758178575, 0.4252448593499139, 0.43182254284620286, 0.4534193098545074, 0.34477797948888367, 0.5908683422952891, 0.4693866674921342, 0.12733882094422977, 0.389166792595966, 0.28387112598866227, 0.47826925553381444, 0.18024324654834345, 0.17289832190033935, 0.3217926962126512, 0.30249855257570746, 0.38899756893515586, 0.3722068402916193, 0.32032283340166845, 0.31384042037340504, 0.22414456398109905, 0.43373305486618646, 0.2087616954176199, 0.22600085822244487, 0.16542476812998452, 0.15680658917408435, 0.16652109334245324, 0.27302331562241305, 0.6262557706433453, 0.23544658774044366, 0.328980155023081, 0.3773004384711385, 0.2858563534915447, 0.469795336201787, 0.4647742260247469, 0.47541351318359376, 0.2454398625763133, 0.22197751448127545, 0.52213013805449, 0.3882610723376274, 0.4131539312191308, 0.22003718641187464, 0.3096013924106955, 0.43794499039649964, 0.38490216676145794, 0.19504327033646407, 0.37569333524960613, 0.3831612120072047, 0.2547187708473454, 0.7595260661561042, 0.6705318500598272, 0.1380507671015544, 0.850701791420579, 0.48370906971395017, 0.3724353898848806, 0.4538320202380419, 0.40051116868853565, 0.3205189785454422, 0.29025667708899294, 0.44699566923081874, 0.27062450228258966, 0.2790385441388935, 0.2240405222452763, 0.2983905585482717, 0.3025429205348094, 0.4464587867259979, 0.32181976921856403, 0.526291148737073, 0.45753075579802194, 0.19260385397097302, 0.22117438707500697, 0.4330899827182293, 0.3274435928091407, 0.4203615367412567, 0.3821418620646, 0.1509137601695127, 0.339826694556645, 0.610356373898685, 0.407488989084959, 0.3582862947136164, 0.2670870509929955, 0.29062016763103504, 0.16564063434415155, 0.505038570612669, 0.14251656074904734, 0.2762783674523234, 0.7408398581668735, 0.5318124443292618, 0.17848924277350306, 0.7457728527486325, 0.2386785179531823, 0.386010105907917, 0.31990799158811567, 0.3857634736225009, 0.1528513922356069, 0.3981247773187028, 0.5598252860363573, 0.553826827928424, 0.3360160233452916, 0.356994422711432, 0.40428222591678303, 0.24185091937995618, 0.324483596926762, 0.2371469035744667, 0.4666422922164202, 0.20703326809619155, 0.5481448339298367, 0.4659535326063633, 0.19978160158331904, 0.2737591584523519, 0.358076689232673, 0.3465435579419136, 0.39905736967921257, 0.33364999033510684, 0.2560381222516298, 0.16552609560700754, 0.3164997646171186, 0.1355233492728855, 0.16100358553230762, 1.0407782804220915, 0.3546505142003298, 0.38367596417665484, 0.4185087971389294, 0.3157753030459086, 0.4343516477901075, 0.428553793951869, 0.3938567629083991, 0.23713444663832584, 0.2636305442345994, 0.5508830793201923, 0.4704949542880058, 0.36347693782299756, 0.5070613462477922, 0.30047514140605924, 0.3942582789808512, 0.3890988629311323, 0.4850928533822298, 0.28515795394778254, 0.5016116984188557, 0.2119615053225841, 0.22079440330465633, 0.5431733884745173, 0.17468493903676668, 0.2120223466306925, 0.23533025019698672, 0.5193920359015465, 0.38507826793938876, 0.6343621343374253, 0.6652670887298882, 0.33648312950713766, 0.2978629938016335, 0.3046947133520411, 0.38784036263823507, 0.7187624629586935, 0.5278655093163251, 0.23372117642845425, 0.2725400477115597, 0.5365109641104937]
2025-12-22 07:39:53 - fedrand - INFO - loss data:
2025-12-22 07:39:53 - fedrand - INFO - [0.47382551804184914, 0.583664687971274, 0.302834856370464, 0.21435732251266018, 0.5497037218417973, 0.7030024878680706, 0.7165157651528716, 0.5704076241701841, 1.1736090779304504, 0.4067349660520752, 0.6299084949307143, 0.46876586629077793, 1.1440622925758361, 0.5723018107314904, 0.2888193342834711, 0.4888191538164392, 0.5843331892043352, 0.909707304649055, 0.6700163702480495, 0.27303068360262034, 0.9090893484652043, 0.4009954552166164, 0.584445139600171, 0.2587496772511966, 0.6449185013771057, 0.18203057292848823, 1.8907524704933167, 0.5213099696156052, 0.5528826837738354, 0.32101632049307227, 0.1229998224764131, 1.0338649190962315, 0.5461402184433407, 0.3381462045945227, 0.5384613952289026, 0.500789700075984, 0.5144542150665075, 0.6876986362040043, 0.5815091200172902, 0.6255848668515682, 0.26798278288915756, 0.4587165587116033, 0.6660005912184715, 0.4577001504832879, 2.282434413830439, 0.6143918633460999, 0.34808165291324256, 0.6534288927912713, 0.31685942362528297, 0.36116730678412645, 0.30119315246120093, 0.5859661512490776, 0.5271676369011402, 0.38790184259414673, 0.46779323243536053, 0.7609617415815592, 0.3694392502721813, 0.4903306961990893, 0.3805397994001396, 0.902781234763097, 0.3989395804703235, 0.35522332792170347, 0.5977136328816414, 0.6407250847667456, 0.19877184603311537, 0.7685529535636306, 0.45541711039841176, 1.121324683818966, 0.4987168225149314, 0.21697465230245144, 0.8764581674089035, 0.5981207769364119, 0.2815406531871607, 0.6396599451390406, 0.488354030251503, 0.35896671563386917, 0.305567530519329, 0.20282605732791126, 0.41559739006916063, 0.24773020793218165, 0.3234742797911167, 0.1594033185625449, 1.4557251632213593, 1.454600140452385, 0.4619712606072426, 0.39216454699635506, 0.24576275306753814, 0.5640959059121087, 0.6421023294329643, 0.22043085154145955, 0.38890876844525335, 0.5161840848159045, 0.38647203701548277, 0.6319728227332234, 1.7274825747590512, 1.5158876858651638, 0.298606910277158, 1.050105427298695, 2.04088591709733, 0.4292983189225197, 0.34148155665025115, 0.24229703444677092, 1.0174985029734671, 0.7939620930701494, 0.2624849771770338, 0.6891072645783425, 0.6687731295824051, 0.26569731240160765, 0.43717714212834835, 0.373087490350008, 0.5872841495089233, 1.1924651416251435, 0.9151748429983855, 0.3655733237043023, 0.48301437664777036, 0.35309063134094076, 0.37823829986155033, 0.7198559809476137, 0.25233590584248305, 0.5173473764624861, 0.31946375030092894, 0.4414709432981908, 0.2643857134506106, 0.8278184769054254, 0.5154743902385235, 0.4402871921658516, 0.2764768583700061, 0.6231734847649932, 0.5169487945735455, 0.4194990433752537, 0.23849878581240774, 0.9709612652659416, 0.5024542895456154, 0.3944252314046025, 0.6006148364394903, 0.580680264532566, 0.37531245360150933, 0.5051649411519369, 0.29294139480011333, 0.4610178304215272, 0.47354805171489717, 0.9440180053313574, 0.5161570064723492, 0.4307271149009466, 0.25191003918233845, 0.3807780194329098, 0.5825527093062799, 0.23924753544852137, 0.9033655458129942, 0.7931779163579146, 0.2306443522684276, 0.9594148313626647, 0.24730196031741797, 0.20258281822316349, 1.492906864732504, 0.8842512011528015, 0.4275297343523966, 0.7139703407883644, 0.4413129571825266, 0.6540675401687622, 0.4332237377762794, 0.5455384835600853, 0.4487324681133032, 0.26004424401455456, 0.6269418634474277, 0.6416039678268134, 0.7286389113714298, 0.9364713184535504, 0.5749292641878128, 0.492169701308012, 0.3635209821164608, 0.5139682255685329, 0.5923351548612118, 0.4617092326283455, 0.4740893729031086, 0.39615372437983754, 0.5275495678186417, 0.5605865865945816, 0.5109774321317673, 0.4133979182690382, 0.8896591067314148, 0.5095768148700397, 0.7401169285178184, 0.5172715611755848, 0.3306110091507435, 0.988618777692318, 0.42309813524285955, 0.5300246916711331, 0.7444238148629665, 0.5876562534107101, 0.43945765126910474, 0.3012170780450106, 0.560967392846942, 0.9377684791882832, 0.7936419621109962, 0.8066864510377247, 0.3532357383519411, 0.9659044966101646, 0.8121010536948841, 0.5336501441895962]
