2025-11-05 14:08:13 - fedrand - INFO - loss data:
2025-11-05 14:08:13 - fedrand - INFO - [10.808131712675095, 0.7302932541817426, 0.23764046393334864, 0.19784627743065358, 0.19180233366787433, 0.17377544138580558, 0.18135382998734711, 0.16003552861511705, 0.15908871348947284, 0.15362360924482343, 0.16343803219497205, 0.1584286579862237, 0.16078343372792003, 0.15954153891652822, 0.149786264821887, 0.15319044124335052, 0.14818545561283827, 0.14617404900491238, 0.15562989823520185, 0.14116711486130953, 0.1468845933675766, 0.1508923839777708, 0.14769396111369132, 0.14886244293302298, 0.135811151843518, 0.15412276703864336, 0.1302706405520439, 0.13980400320142508, 0.14604649618268012, 0.13228950202465056, 0.13647831641137598, 0.1415052818134427, 0.13133545760065318, 0.14005347564816475, 0.1294801177456975, 0.13796122707426547, 0.13534238170832397, 0.1347816163673997, 0.13572589103132487, 0.1345720063894987, 0.12811595015227795, 0.12922701425850391, 0.1300150230526924, 0.1247088797390461, 0.1318695366382599, 0.14106260128319265, 0.12748455349355936, 0.13129450269043447, 0.13227106779813766, 0.12773308139294387, 0.127839136403054, 0.1301986213773489, 0.11640877528116107, 0.13687856942415239, 0.11955354269593954, 0.12456860337406397, 0.12764840368181468, 0.13031335677951575, 0.12467082533985377, 0.12660314794629812, 0.12573458291590214, 0.12336018029600382, 0.12352790124714375, 0.13104036413133144, 0.12790117003023627, 0.12580275861546397, 0.12518312316387892, 0.11867845598608255, 0.11694111898541451, 0.11815335974097252, 0.13644562885165215, 0.11589007414877414, 0.12268994133919478, 0.12765694987028836, 0.12628598036244512, 0.1251980667933822, 0.12498007798567413, 0.11753748077899218, 0.1306292289867997, 0.11693897349759937, 0.11392839197069407, 0.12580758836120365, 0.11746784187853337, 0.1256485848687589, 0.11734357550740242, 0.12687393752858042, 0.13152376543730498, 0.1178975310176611, 0.1200216450728476, 0.12049773326143623, 0.11868039704859257, 0.11888647899031639, 0.12108937930315733, 0.11384951174259186, 0.1179658219218254, 0.11773461885750294, 0.11552935102954506, 0.11318919826298952, 0.11568537410348653, 0.11067764097824692, 0.11622523199766874, 0.11563973911106587, 0.11888779960572719, 0.11414700280874968, 0.11614716798067093, 0.11965560391545296, 0.1144232539460063, 0.1098111579194665, 0.11580401891842484, 0.10860044239088892, 0.09764754241332411, 0.1180225477553904, 0.11556892283260822, 0.10390353109687567, 0.11523986402899027, 0.1092932409606874, 0.10964404083788395, 0.10634475527331233, 0.11755321277305483, 0.11523938570171594, 0.1138615483418107, 0.11608662158250808, 0.10723637882620096, 0.11145049296319484, 0.11492108106613158, 0.11114191226661205, 0.10598883414641022, 0.112593069113791, 0.11217156564816833, 0.10291287936270237, 0.11594174969941379, 0.10466711428016424, 0.10292706666514279, 0.10829393016174435, 0.11327204201370478, 0.10590142756700516, 0.11178988302126527, 0.10967396162450313, 0.10682853832840919, 0.10428532557561994, 0.10105192959308625, 0.11386284483596683, 0.10967736421152949, 0.10632367767393588, 0.11368165519088508, 0.10238149929791689, 0.1061658926308155, 0.11118627544492482, 0.11625057766214014, 0.11015900233760476, 0.101587819121778, 0.11910813627764583, 0.1028993115760386, 0.10808351505547761, 0.10004985546693206, 0.10388240553438663, 0.10866416124626993, 0.10126669649034739, 0.10614509610459208, 0.09907830907031895, 0.10713177025318146, 0.11010592356324195, 0.09705953970551491, 0.11274122204631568, 0.10716543672606349, 0.10206903992220759, 0.10451274383813143, 0.09909870820119977, 0.09875593818724154, 0.10684645045548677, 0.10387948714196682, 0.10344184739515186, 0.10408431626856327, 0.09918159423395992, 0.11441618409007788, 0.10472436901181936, 0.11025569383054971, 0.10716907111927867, 0.11337173637002707, 0.11475273901596665, 0.10535485595464707, 0.10877591352909805, 0.11067659873515368, 0.11314726378768683, 0.10708265407010913, 0.10312691237777472, 0.10500094834715129, 0.11023616502061487, 0.09727870440110564, 0.1082432322204113, 0.10926510207355022, 0.10125805689021945, 0.10639101965352893, 0.09960813587531447, 0.10915694637224077, 0.10761203048750759, 0.10798659017309546, 0.1118564086034894, 0.10214998954907059, 0.1062898838892579]
2025-11-07 19:44:45 - fedrand - INFO - loss data:
2025-11-07 19:44:45 - fedrand - INFO - [10.808131712675095, 0.7303445674479008, 0.2377511378377676, 0.19784864522516726, 0.19220207277685403, 0.1739986676722765, 0.18150266241282226, 0.16008814331144094, 0.15913419146090746, 0.15364893730729817, 0.16357865426689386, 0.1584752755239606, 0.1607992148026824, 0.15966454818844794, 0.14981289748102428, 0.15325543228536845, 0.14817033391445877, 0.1461753474548459, 0.1555858036503196, 0.14117187159135935, 0.14686936587095262, 0.15093881692737343, 0.1477567609399557, 0.14886503051966427, 0.13575081760063767, 0.15419134441763163, 0.13036626111716032, 0.13988847807049754, 0.14609075486660003, 0.13224275168031455, 0.13646007031202317, 0.1414346806704998, 0.1313343899324536, 0.14008058831095696, 0.12942202705889938, 0.13789451606571673, 0.1353652847930789, 0.13473227061331272, 0.13572974894195794, 0.1345680246129632, 0.12802458871155975, 0.12919379528611896, 0.12997809164226054, 0.12457696013152599, 0.13189881648868323, 0.141196402348578, 0.12751346975564956, 0.13126575741916896, 0.13227876611053943, 0.12771771382540464, 0.12780731376260518, 0.13012994546443224, 0.11639247564598917, 0.13697257153689862, 0.11955323368310929, 0.12442846484482288, 0.1275435546413064, 0.13035072218626736, 0.12451924216002226, 0.12657202854752542, 0.12561001926660537, 0.1234177928417921, 0.1236830024048686, 0.13108881358057262, 0.1278508011251688, 0.12581542171537874, 0.1252103617414832, 0.11865992434322833, 0.11702142152935266, 0.11822343971580267, 0.13621695302426814, 0.11596396872773766, 0.12274719942361116, 0.12785391975194216, 0.12612870018929243, 0.1254683330655098, 0.12461125366389753, 0.11748480591923, 0.13045719228684904, 0.11700916616246104, 0.11352922981604935, 0.12593707181513308, 0.117579323425889, 0.12539779469370843, 0.11738673895597458, 0.12659560302272438, 0.13126432076096534, 0.11758050397038461, 0.12005684012547135, 0.12009743796661496, 0.11880003698170186, 0.11849836371839047, 0.12100481595844031, 0.11361342240124941, 0.11811554208397865, 0.1174170333892107, 0.11479666018858553, 0.11295508807525038, 0.11592766297981143, 0.110320096462965, 0.11599172232672572, 0.115624569542706, 0.11894805766642094, 0.11368707865476609, 0.11489318143576384, 0.11964185498654843, 0.11380982771515846, 0.10949045736342669, 0.11592452544718981, 0.10806077308952808, 0.0968976903706789, 0.11759178964421153, 0.1142672399058938, 0.1029205746948719, 0.11430493090301752, 0.10902241058647633, 0.10903569702059031, 0.10573386596515774, 0.11679062033072114, 0.11385055873543024, 0.11355989798903465, 0.1147765375673771, 0.10710957311093808, 0.11046418994665147, 0.11427000425755977, 0.10976150827482342, 0.10525886388495564, 0.11169347856193781, 0.1110019451007247, 0.10169307300820946, 0.11538655664771795, 0.10272747753188013, 0.10155426049605012, 0.10679091271013022, 0.11133233327418565, 0.10464768521487713, 0.11051531583070755, 0.1083907869644463, 0.10457585249096155, 0.10267377216368914, 0.09900921080261468, 0.11101860720664264, 0.10820312313735485, 0.10472055356949567, 0.11159101519733666, 0.10073689073324205, 0.10348218632861972, 0.10910219689831138, 0.11434463448822499, 0.10853899409994483, 0.0986745173111558, 0.11596246547996997, 0.10038420744240284, 0.10397571483626962, 0.09886606009677053, 0.1015096977353096, 0.10706599885597826, 0.09749826034530998, 0.10306573053821921, 0.09417884908616542, 0.10469013191759587, 0.10626802993938327, 0.09246521042659879, 0.10862657269462943, 0.10147923249751328, 0.09892911212518811, 0.1014254747889936, 0.0966173774562776, 0.09562158361077308, 0.1025564644485712, 0.10131575781852006, 0.10007371241226792, 0.09944612672552466, 0.09575740452855826, 0.11047624973580242, 0.10099697411060334, 0.10532749155536295, 0.10234997570514678, 0.10933047048747539, 0.11069227084517479, 0.10057274168357253, 0.10308038452640175, 0.10539136128500104, 0.10748580917716026, 0.10138029465451837, 0.09970103306695818, 0.0993680262938142, 0.10390883726067841, 0.092780567612499, 0.10434835897758604, 0.1046680117957294, 0.09386642510071397, 0.10023304931819438, 0.09466087995097042, 0.10303685013204814, 0.10148977311328053, 0.1028034497052431, 0.10466354107484221, 0.09514500638470053, 0.09873701315373182, 0.10107122333720325, 0.09746225643903017, 0.10156730655580759, 0.0926547453738749, 0.10093155661597847, 0.09334836127236486, 0.09403899731114507, 0.10276773385703564, 0.10635385178029537, 0.0895518503151834, 0.10482497727498412, 0.1022870346903801, 0.09869296662509441, 0.09457546547055246, 0.09836775474250317, 0.09635671498253942, 0.1065094953402877, 0.10429622316733003, 0.0989910195581615, 0.08549544429406523, 0.0986779403872788, 0.10071241119876503, 0.09733910178765655, 0.0974044713191688, 0.10114415027201176, 0.099128844961524, 0.09789916276931762, 0.0921012788079679, 0.0925325421616435, 0.09187099672853946, 0.09637273252010345, 0.09475382314994932, 0.1017361699603498, 0.08342013377696275, 0.09418126782402397, 0.09094027113169431, 0.09624919006600977, 0.09466985184699298, 0.09320517601445316, 0.09621311649680138, 0.09174356879666448, 0.08825424583628774, 0.09504652647301555, 0.09601325448602438, 0.08800685564056038, 0.0914338973350823, 0.09101474415510893, 0.09663718612864614, 0.09077467080205678, 0.09070902140811085, 0.09899778384715319, 0.09623211417347192, 0.09256531605497004, 0.09669772675260901, 0.08669979302212596, 0.0849995723925531, 0.09543773205950856, 0.08484141901135445, 0.09337328774854542, 0.0912170776166022, 0.09687558263540268, 0.09460264006629587, 0.09780360162258148, 0.0927834277972579, 0.08997875330969692, 0.09793156580999493, 0.09871031902730465, 0.08711726665496826, 0.0940652928315103, 0.09623830690979958, 0.08817647220566868, 0.09194559184834361, 0.09239180777221918, 0.08737545786425471, 0.0903281236998737, 0.09004927659407258, 0.0870748815126717, 0.10536506650969386, 0.09353699209168553, 0.090135598462075, 0.09220098042860628, 0.09464847659692169, 0.08663608436472714, 0.092513666767627, 0.10520606124773621, 0.09603584790602326, 0.09077766435220838, 0.09724689014256, 0.09513699682429433, 0.09526679161936044, 0.09533405704423785, 0.09549488872289658, 0.0847960609011352, 0.09115927936509252, 0.08817564910277724, 0.09960901280865073, 0.08801914677023888, 0.09039347246289253, 0.09343311013653874, 0.0946674940176308]
2025-11-08 08:06:44 - fedrand - INFO - loss data:
2025-11-08 08:06:44 - fedrand - INFO - [10.808131712675095, 0.7302932541817426, 0.23764046393334864, 0.19784627743065358, 0.19180233366787433, 0.17377544138580558, 0.18135382998734711, 0.16003552861511705, 0.15908871348947284, 0.15362360924482343, 0.16343803219497205, 0.1584286579862237, 0.16078343372792003, 0.15954153891652822, 0.149786264821887, 0.15319044124335052, 0.14818545561283827, 0.14617404900491238, 0.15562989823520185, 0.14116711486130953, 0.1468845933675766, 0.1508923839777708, 0.14769396111369132, 0.14886244293302298, 0.135811151843518, 0.15412276703864336, 0.1302706405520439, 0.13980400320142508, 0.14604649618268012, 0.13228950202465056, 0.13647831641137598, 0.1415052818134427, 0.13133545760065318, 0.14005347564816475, 0.1294801177456975, 0.13796122707426547, 0.13534238170832397, 0.1347816163673997, 0.13572589103132487, 0.1345720063894987, 0.12811595015227795, 0.12922701425850391, 0.1300150230526924, 0.1247088797390461, 0.1318695366382599, 0.14106260128319265, 0.12748455349355936, 0.13129450269043447, 0.13227106779813766, 0.12773308139294387, 0.127839136403054, 0.1301986213773489, 0.11640877528116107, 0.13687856942415239, 0.11955354269593954, 0.12456860337406397, 0.12764840368181468, 0.13031335677951575, 0.12467082533985377, 0.12660314794629812, 0.12573458291590214, 0.12336018029600382, 0.12352790124714375, 0.13104036413133144, 0.12790117003023627, 0.12580275861546397, 0.12518312316387892, 0.11867845598608255, 0.11694111898541451, 0.11815335974097252, 0.13644562885165215, 0.11589007414877414, 0.12268994133919478, 0.12765694987028836, 0.12628598036244512, 0.1251980667933822, 0.12498007798567413, 0.11753748077899218, 0.1306292289867997, 0.11693897349759937, 0.11392839197069407, 0.12580758836120365, 0.11746784187853337, 0.1256485848687589, 0.11734357550740242, 0.12687393752858042, 0.13152376543730498, 0.1178975310176611, 0.1200216450728476, 0.12049773326143623, 0.11868039704859257, 0.11888647899031639, 0.12108937930315733, 0.11384951174259186, 0.1179658219218254, 0.11773461885750294, 0.11552935102954506, 0.11318919826298952, 0.11568537410348653, 0.11067764097824692, 0.11622523199766874, 0.11563973911106587, 0.11888779960572719, 0.11414700280874968, 0.11614716798067093, 0.11965560391545296, 0.1144232539460063, 0.1098111579194665, 0.11580401891842484, 0.10860044239088892, 0.09764754241332411, 0.1180225477553904, 0.11556892283260822, 0.10390353109687567, 0.11523986402899027, 0.1092932409606874, 0.10964404083788395, 0.10634475527331233, 0.11755321277305483, 0.11523938570171594, 0.1138615483418107, 0.11608662158250808, 0.10723637882620096, 0.11145049296319484, 0.11492108106613158, 0.11114191226661205, 0.10598883414641022, 0.112593069113791, 0.11217156564816833, 0.10291287936270237, 0.11594174969941379, 0.10466711428016424, 0.10292706666514279, 0.10829393016174435, 0.11327204201370478, 0.10590142756700516, 0.11178988302126527, 0.10967396162450313, 0.10682853832840919, 0.10428532557561994, 0.10105192959308625, 0.11386284483596683, 0.10967736421152949, 0.10632367767393588, 0.11368165519088508, 0.10238149929791689, 0.1061658926308155, 0.11118627544492482, 0.11625057766214014, 0.11015900233760476, 0.101587819121778, 0.11910813627764583, 0.1028993115760386, 0.10808351505547761, 0.10004985546693206, 0.10388240553438663, 0.10866416124626993, 0.10126669649034739, 0.10614509610459208, 0.09907830907031895, 0.10713177025318146, 0.11010592356324195, 0.09705953970551491, 0.11274122204631568, 0.10716543672606349, 0.10206903992220759, 0.10451274383813143, 0.09909870820119977, 0.09875593818724154, 0.10684645045548677, 0.10387948714196682, 0.10344184739515186, 0.10408431626856327, 0.09918159423395992, 0.11441618409007788, 0.10472436901181936, 0.11025569383054971, 0.10716907111927867, 0.11337173637002707, 0.11475273901596665, 0.10535485595464707, 0.10877591352909805, 0.11067659873515368, 0.11314726378768683, 0.10708265407010913, 0.10312691237777472, 0.10500094834715129, 0.11023616502061487, 0.09727870440110564, 0.1082432322204113, 0.10926510207355022, 0.10125805689021945, 0.10639101965352893, 0.09960813587531447, 0.10915694637224077, 0.10761203048750759, 0.10798659017309546, 0.1118564086034894, 0.10214998954907059, 0.1062898838892579]
2025-11-11 12:21:25 - fedrand - INFO - loss data:
2025-11-11 12:21:25 - fedrand - INFO - [10.561927115917205, 0.5882042162120342, 0.23891505524516105, 0.19346423633396626, 0.17516643498092888, 0.1800083849579096, 0.1745921265333891, 0.1731897033751011, 0.1622787920758128, 0.16320911422371864, 0.15789354629814623, 0.1551403386518359, 0.16630851570516825, 0.1580478135496378, 0.1599007524549961, 0.1516057301312685, 0.1530413832515478, 0.15362798497080804, 0.13607024420052766, 0.14525553472340108, 0.1444308700039983, 0.14522814936935902, 0.14798828735947608, 0.13925135135650635, 0.13090804796665906, 0.1447336519137025, 0.12794386111199857, 0.14830649625509978, 0.13747997712343932, 0.13167866468429565, 0.1273387851193547, 0.13659244142472743, 0.14626168832182884, 0.13427628148347137, 0.12493163961917161, 0.1380631007254124, 0.1263252580538392, 0.1265202910639346, 0.14207999929785728, 0.12633874639868736, 0.13746634405106306, 0.12602425292134284, 0.12599697299301624, 0.1328703140839934, 0.12292505092918873, 0.12452486399561166, 0.12193645052611828, 0.13135180892422796, 0.11862232927232981, 0.11929195262491704, 0.1256241754628718, 0.12641670536249877, 0.13370672045275567, 0.12249957658350467, 0.11868035523220896, 0.12808470502495767, 0.11718902792781591, 0.11856793919578194, 0.12474749516695738, 0.11914096437394618, 0.1157771554775536, 0.11661220677196979, 0.10785582391545176, 0.11828726399689912, 0.11479107830673456, 0.10919565558433533, 0.11934586968272926, 0.11231399048119783, 0.11362072750926018, 0.10988493710756302, 0.11248518135398626, 0.11136889522895216, 0.10677409321069717, 0.1225739642046392, 0.1130957517772913, 0.1048858747817576, 0.11497826185077428, 0.10746736004948616, 0.10791685115545988, 0.11460208809003233, 0.10714186159893871, 0.10767179764807225, 0.10978627847507597, 0.09994636364281177, 0.1086167275905609, 0.10372749743983149, 0.11246692473068834, 0.10144711397588253, 0.11191629385575652, 0.12079551005735993, 0.09419094063341618, 0.10567957004532219, 0.10219696052372457, 0.11136716473847627, 0.10374059695750475, 0.10251975478604436, 0.11262756921350955, 0.10455438122153282, 0.09738404648378492, 0.08883228115737438, 0.10165234738960863, 0.11776142213493586, 0.10400308780372143, 0.08649533670395612, 0.11546928342431784, 0.09714166140183807, 0.10365263596177102, 0.09981787716969848, 0.11062544789165259, 0.11314759477972984, 0.09994695037603378, 0.1041380187496543, 0.1058809133246541, 0.11021885005757212, 0.10424963105469942, 0.11164557766169309, 0.09917589463293552, 0.11009276201948523, 0.09110898636281489, 0.11135669322684408, 0.09642845084890724, 0.11040330119431019, 0.09618493085727095, 0.09520769054070116, 0.09006117442622781, 0.10992643032222987, 0.09734961399808525, 0.11269089085981249, 0.09938418325036763, 0.09218157725408674, 0.08969641234725714, 0.10351601457223297, 0.09791216915473341, 0.1056377187371254, 0.09422990987077355, 0.090511145722121, 0.09148117424920202, 0.0881351145915687, 0.09908993095159531, 0.09782636826857924, 0.08970587132498622, 0.09576139384880662, 0.107952387817204, 0.09986601062119008, 0.09970491658896208, 0.09450921807438135, 0.09285828908905387, 0.10367622617632151, 0.09697140175849199, 0.10254086963832379, 0.09360364954918624, 0.09282490136101842, 0.09567391406744719, 0.09570408798754215, 0.08051898190751672, 0.0963329466059804, 0.09217884242534638, 0.10281133623793721, 0.08950927024707198, 0.10016889087855815, 0.09035999495536089, 0.0830444966442883, 0.09775856481865049, 0.08428832748904824, 0.08976209983229637, 0.09115786850452423, 0.0940010822378099, 0.09875212479382753, 0.08908977992832662, 0.09448496652767062, 0.10580101376399398, 0.09597196010872722, 0.08815878238528967, 0.08252537148073316, 0.08546888381242752, 0.09036563085392117, 0.09388631517067551, 0.09609866030514241, 0.09788154223933815, 0.09207788947969675, 0.09688906027004122, 0.0874879694543779, 0.09075415022671222, 0.09057017480954527, 0.09428861010819674, 0.09046975756064057, 0.09223656384274363, 0.09275937937200068, 0.0912785429507494, 0.08367562815546989, 0.08748556394129992, 0.08594564246013761, 0.09435783512890339, 0.08811806617304682, 0.0910894801374525, 0.0905379974283278, 0.09350152509286999, 0.09409430054947734, 0.0831101574935019, 0.09281360656023024]
2025-11-11 19:43:36 - fedrand - INFO - loss data:
2025-11-11 19:43:36 - fedrand - INFO - [9.831506007909773, 0.8329719327390194, 0.23771275132894515, 0.18917916733771561, 0.18857007026672362, 0.1713742520660162, 0.17819366976618767, 0.17037617322057486, 0.1630625968798995, 0.16108887027949093, 0.1569403124973178, 0.16166347358375788, 0.15413119904696942, 0.15673627704381943, 0.16350251734256743, 0.15124383401125668, 0.1567167740315199, 0.14753063600510358, 0.1551579121500254, 0.15285312868654727, 0.15028277188539504, 0.14717547930777072, 0.14673994071781635, 0.14813002683222293, 0.13777363952249289, 0.14149597492069005, 0.14282040437683463, 0.13718382325023415, 0.13818335849791766, 0.138716715015471, 0.13463506158441305, 0.13754394706338646, 0.13009835705161094, 0.1392554696649313, 0.12881741356104612, 0.13969435896724464, 0.1378366004675627, 0.1306406708434224, 0.1326068239286542, 0.12675731386989353, 0.12877631131559608, 0.14556100983172654, 0.13255732040852308, 0.1289271326735616, 0.13012610226869584, 0.12327331285923719, 0.13289378527551887, 0.13152169473469258, 0.13769310023635625, 0.1199716036207974, 0.12502112798392773, 0.11925817262381316, 0.13365905843675135, 0.12538286447525024, 0.12402754258364439, 0.12937769703567029, 0.11660188492387533, 0.11536201890558004, 0.11623273976147175, 0.11796532422304154, 0.117734385561198, 0.11519704898819327, 0.11625701226294041, 0.12051003752276301, 0.1123528016731143, 0.11880379198119044, 0.12268508654087781, 0.11114554926753044, 0.11474379841238261, 0.1303027246147394, 0.10962166162207723, 0.11965290177613497, 0.11033797571435572, 0.10562994787469507, 0.12229871936142445, 0.10981603600084783, 0.11140248887240886, 0.10197804886847733, 0.119053397141397, 0.10962062561884522, 0.11034058537334204, 0.11323996121063828, 0.1107070768252015, 0.11073541659861803, 0.11412745676934719, 0.11196774281561375, 0.10339477611705661, 0.11736459545791149, 0.10107305822893978, 0.10519121969118714, 0.10813640318810941, 0.10390026234090328, 0.11167360758408904, 0.10878640729933978, 0.10888968836516141, 0.10253808405250311, 0.10807700641453266, 0.10673911785706877, 0.10174728855490685, 0.10679009854793549, 0.1129258788190782, 0.10322108417749404, 0.1090648801997304, 0.10163179319351912, 0.1001964365132153, 0.10106676304712892, 0.1122171557508409, 0.10121500566601753, 0.10834472803398967, 0.0971560007892549, 0.09120736056938768, 0.09647037470713257, 0.10628720661625266, 0.10745057491585612, 0.09848169982433319, 0.10165512459352613, 0.09164618430659174, 0.0902033157646656, 0.09063101205974816, 0.10422862004488706, 0.10177156338468193, 0.10305235050618648, 0.10350419078022241, 0.09543772721663117, 0.08677172670140862, 0.08767623919993639, 0.10213117105886341, 0.10270049450919032, 0.10487447772175074, 0.09019729187712074, 0.08827494736760855, 0.09727316824719309, 0.08881992977112532, 0.0929100171662867, 0.10099974498152733, 0.09046073276549578, 0.1005687177181244, 0.10250595938414335, 0.09896947462111712, 0.09213066324591637, 0.09554818123579026, 0.0929211976006627, 0.10770889660343527, 0.10238739112392067, 0.09349831761792302, 0.10422335267066957, 0.09681147197261453, 0.08903432204388081, 0.09232357339933514, 0.08314221538603306, 0.102381687797606, 0.09696732480078935, 0.09269669726490976, 0.09083169549703599, 0.0953179239295423, 0.09007216040045023, 0.09682992771267891, 0.0917378280311823, 0.10302017303183675, 0.08439758634194733, 0.0986607869155705, 0.09838714320212602, 0.08989870501682162, 0.09122187765315175, 0.08795284749940038, 0.09980663200840353, 0.09545654961839317, 0.09494763277471066, 0.0869172614067793, 0.08650295780971647, 0.09020346747711301, 0.0841714022681117, 0.09781733453273772, 0.09003001796081662, 0.08367432467639446, 0.09186059404164552, 0.08385264235548676, 0.0920532627031207, 0.08612566702067852, 0.09239972960203886, 0.08364675231277943, 0.08799937842413783, 0.08849139083176852, 0.10437818327918649, 0.0882080178707838, 0.08492518421262503, 0.08624928845092655, 0.09514874322339892, 0.08776054838672281, 0.08763318816199898, 0.09868693631142378, 0.09216022836044431, 0.09158614641055465, 0.10217211730778217, 0.09445655532181263, 0.09964769249781966, 0.09681009771302343, 0.0853598838672042, 0.0873816430568695, 0.0842371723614633]
2025-11-12 07:51:07 - fedrand - INFO - loss data:
2025-11-12 07:51:07 - fedrand - INFO - [10.883569985628128, 0.6861292108893394, 0.2170724833384156, 0.19844604562968016, 0.19440946392714978, 0.17165960986167192, 0.17374007012695075, 0.1618953499943018, 0.16300303526222706, 0.17275441884994508, 0.15388460457324982, 0.16174488496035339, 0.15776561331003905, 0.1561109110713005, 0.15000911261886357, 0.1546912297606468, 0.1512843208387494, 0.15713830962777137, 0.15080381650477648, 0.16242960691452027, 0.15342452228069306, 0.13713898845016956, 0.13502093106508256, 0.1472769955173135, 0.14460451705381272, 0.13702271282672884, 0.14723682329058646, 0.1370196022093296, 0.13432113789021968, 0.13300687735900282, 0.1355028536170721, 0.13190493658185004, 0.13289275243878365, 0.12481767740100623, 0.13015708066523074, 0.13674369640648365, 0.13963110893964767, 0.12651897240430116, 0.12983813956379892, 0.1363079257309437, 0.1244554989039898, 0.12666574232280253, 0.12349440325051547, 0.12479381281882525, 0.1363107753917575, 0.1251696042716503, 0.13208112120628357, 0.11552970316261052, 0.12319173002615572, 0.1288316234946251, 0.1254657482728362, 0.12192221861332656, 0.11755821127444505, 0.11290634963661433, 0.11467438247054815, 0.12231978476047517, 0.11361701879650354, 0.12200200762599706, 0.11514862887561321, 0.1172721354290843, 0.1118262111209333, 0.1265494380146265, 0.10966232074424624, 0.11778562534600497, 0.11980796251446009, 0.11545112915337086, 0.10922067863866686, 0.1187717268243432, 0.1065868060104549, 0.12137154005467891, 0.11352701121941208, 0.11792886275798081, 0.11881787292659282, 0.11796862967312335, 0.10903143826872111, 0.12095848424360156, 0.11438028877601028, 0.1030233391560614, 0.10870897909626365, 0.11066429922357202, 0.10328705441206693, 0.11061984039843083, 0.11974951578304172, 0.10856939014047384, 0.1122222893871367, 0.10087001323699951, 0.10577158192172648, 0.10465115625411273, 0.10654192557558417, 0.11172910304740072, 0.1099828677251935, 0.1066243575885892, 0.10651149535551667, 0.11726147243753077, 0.11425326261669397, 0.10048713218420743, 0.09506607968360185, 0.10151639096438884, 0.1040921039879322, 0.10580465588718653, 0.11623839922249318, 0.11035137660801411, 0.09998415326699614, 0.0941134488210082, 0.1041624360717833, 0.09958401508629322, 0.09941845098510385, 0.11567836450412869, 0.10002134796231985, 0.10576038537546992, 0.09498491147533059, 0.10663504898548126, 0.09805893385782838, 0.09896433399990201, 0.10224998593330384, 0.10356472879648208, 0.098250643722713, 0.09368609255179763, 0.10049517974257469, 0.10396246071904898, 0.09146386245265603, 0.09508995478972793, 0.10386027190834284, 0.09843670837581159, 0.08967358432710171, 0.08701157243922353, 0.0966399572789669, 0.09929321771487594, 0.10729890437796712, 0.10098611772991717, 0.09415463218465447, 0.09360322942957282, 0.09844480864703656, 0.1053255895152688, 0.10070194453001022, 0.09799758000299334, 0.09291411144658923, 0.09126657284796239, 0.09588260492309927, 0.10075351241976022, 0.10371647812426091, 0.08787302067503333, 0.09708107970654964, 0.09920729203149675, 0.095787132717669, 0.09440828869119286, 0.10207112412899733, 0.10294109284877778, 0.09944073390215635, 0.09286489533260464, 0.084065115544945, 0.0962735098786652, 0.09746171729639172, 0.08829199466854334, 0.08921655314043164, 0.09232648201286793, 0.0943418656475842, 0.09159911284223199, 0.09103698451071979, 0.09538080561906098, 0.08631474236026407, 0.08678871002048255, 0.0878058155067265, 0.09355685664340854, 0.09731874288991094, 0.08985619279555976, 0.09452628027647733, 0.08984064348042012, 0.09452750226482749, 0.09200986875221133, 0.09474876588210464, 0.08642490468919277, 0.08595923501998186, 0.09279103735461831, 0.08544324338436127, 0.09347635237500071, 0.08922878289595246, 0.10008245091885329, 0.09178327014669777, 0.09473299756646156, 0.08672949569299818, 0.0966596070677042, 0.09322462202981113, 0.08450836604461073, 0.1006934299133718, 0.09905726704746484, 0.07965801060199737, 0.08997022183611988, 0.0930132396519184, 0.09909318033605813, 0.08601388400420547, 0.10037273969501256, 0.09754152754321695, 0.0888576390221715, 0.09829885233193636, 0.08672937238588929, 0.09396382793784142, 0.09552960991859435, 0.08354989076033234, 0.09581244979053735]
2025-11-25 22:36:30 - fedrand - INFO - loss data:
2025-11-25 22:36:30 - fedrand - INFO - [10.572606533765793, 0.5632946155965328, 0.24013824872672557, 0.2035105923190713, 0.17498039826750755, 0.17156311273574829, 0.16916969157755374, 0.17461720630526545, 0.16201677173376083, 0.15907538346946237, 0.15456934757530688, 0.1582797622308135, 0.16275181490927934, 0.13937846273183824, 0.15114112067967653, 0.14851439036428926, 0.15037698913365602, 0.15885350275784732, 0.14602860426530243, 0.14983122553676367, 0.15464979521930217, 0.14074417445808649, 0.14569332972168922, 0.13842447046190498, 0.1423671407625079, 0.14014696292579173, 0.13877106402069328, 0.14636787343770266, 0.1449192177504301, 0.13808574471622706, 0.13793233912438155, 0.13611769787967204, 0.12542910426855086, 0.13724588844925165, 0.13817758057266474, 0.13220511116087436, 0.13960202671587468, 0.13756229635328054, 0.1435448221862316, 0.13129891734570265, 0.1391880327835679, 0.13379172328859568, 0.13984252884984016, 0.13704457581043245, 0.13205936420708894, 0.14087328389286996, 0.1367861542850733, 0.13426391053944825, 0.12465193392708898, 0.13100506812334062, 0.12305814102292062, 0.13061387110501527, 0.13598022572696208, 0.1264219183474779, 0.14292181078344585, 0.1234692764468491, 0.12745432816445829, 0.12512951381504536, 0.1167041677981615, 0.12494685705751181, 0.1330129226669669, 0.12946622669696808, 0.12650710064917803, 0.12052625492215158, 0.1270895641297102, 0.11840413780882955, 0.12620410043746233, 0.12415893692523242, 0.13159806076437236, 0.1218619454652071, 0.12063706666231155, 0.11620519263669848, 0.12883454337716102, 0.12343061976134777, 0.11017642971128225, 0.11428225878626108, 0.1142131958156824, 0.12344167605042457, 0.11993569526821374, 0.1280872174538672, 0.12996961940079926, 0.11742629185318947, 0.12037845123559236, 0.12472322937101125, 0.12036768021062016, 0.12558196671307087, 0.11447380371391773, 0.1186021995730698, 0.11290432401001453, 0.12209568703547119, 0.12758216680958867, 0.11623869445174934, 0.11928895674645901, 0.12303435001522303, 0.1107936104759574, 0.1155148958787322, 0.12494020741432904, 0.11546141607686877, 0.10878118285909295, 0.11721360925585031, 0.11254998268559574, 0.11333048362284899, 0.11835316903889179, 0.11120608495548368, 0.11343481400981545, 0.10911801690235734, 0.11713790707290173, 0.12149137379601598, 0.11980004478245974, 0.11054598391056061, 0.11988633200526239, 0.1162075163796544, 0.11427811598405242, 0.10688928188756108, 0.11321726189926268, 0.10580749986693264, 0.10451889671385288, 0.10342027945443988, 0.11592426970601082, 0.10878560012206434, 0.1063723063096404, 0.10104042505845427, 0.10807056045159698, 0.11673225536942482, 0.1147103326395154, 0.10427078241482376, 0.09845471465960146, 0.11099553816020488, 0.10777048543095588, 0.11617982126772403, 0.10263875732198358, 0.10377960791811347, 0.11376150697469711, 0.10351284462958574, 0.11224712114781141, 0.11061763931065798, 0.1002375721000135, 0.10883136708289384, 0.11049633659422398, 0.1059793601743877, 0.10909397220239042, 0.11122970394790173, 0.10242499243468046, 0.10951120555400848, 0.09991186894476414, 0.11010327599942685, 0.10650087827816607, 0.10317121129482984, 0.10631719296798109, 0.11186494827270507, 0.11254183081910013, 0.11038857782259584, 0.10685594817623495, 0.10221888991072775, 0.0984983722679317, 0.10636626230552793, 0.10955716753378511, 0.11070256326347588, 0.11133156437426805, 0.11297002108767629, 0.10676270984113218, 0.11363692497834563, 0.1030789315700531, 0.11148279048502445, 0.11288495464250445, 0.10257737264037133, 0.10815003952011465, 0.0993660626001656, 0.10828225510194897, 0.10474112257361412, 0.11132045183330774, 0.10092920772731304, 0.11287479745224119, 0.09544504210352897, 0.09833799544721841, 0.0999563223682344, 0.10827767662703991, 0.09530367199331521, 0.10758849708363413, 0.10201820451766253, 0.10908081484958529, 0.11884435201063752, 0.10459914812818169, 0.10968443220481278, 0.0992976887151599, 0.1002984474413097, 0.10483087934553623, 0.10696744741871952, 0.10357776852324604, 0.09974388182163238, 0.10659902039915323, 0.09946831269189715, 0.09986615758389233, 0.10723567586392165, 0.10687729083001613, 0.10786618292331696, 0.116349455434829, 0.10713275829330086, 0.10677878335118293, 0.10513167455792427]
2025-11-26 01:13:35 - fedrand - INFO - loss data:
2025-11-26 01:13:35 - fedrand - INFO - [10.652423799037933, 0.6829872921109199, 0.2414266351610422, 0.20899617560207845, 0.18643702156841754, 0.17666659243404864, 0.16300683822482825, 0.16055072769522666, 0.16421196833252905, 0.16353534888476134, 0.15491046030074357, 0.15402132626622916, 0.1612637834623456, 0.15931282564997673, 0.1639040971174836, 0.15231506060808897, 0.15328396577388048, 0.14332770481705664, 0.14344950299710035, 0.1452968418598175, 0.1502697575837374, 0.13423675931990148, 0.15288344379514457, 0.15442916955798863, 0.1493500366806984, 0.13903827760368587, 0.1443591421470046, 0.14555952046066523, 0.13303096443414686, 0.13275653980672358, 0.14940655343234538, 0.147095718793571, 0.1387305250391364, 0.13339064912870527, 0.1412566350772977, 0.14654888398945332, 0.132803213596344, 0.12806588970124722, 0.13189689610153438, 0.12649806831032037, 0.1353452645242214, 0.12868924094364048, 0.14013437405228615, 0.1415511345490813, 0.12909325547516345, 0.13044104147702457, 0.13858228269964457, 0.13245121408253907, 0.1313938984647393, 0.13027006033807992, 0.12148894015699624, 0.12800015462562442, 0.12277699876576663, 0.1244913388043642, 0.12728026192635297, 0.1330843258649111, 0.12948408145457507, 0.12492644172161818, 0.12436294164508582, 0.12037927526980638, 0.13648227788507938, 0.12877320311963558, 0.12805860880762338, 0.12157847974449396, 0.12716053258627652, 0.12429574262350798, 0.12188177648931742, 0.12672415636479856, 0.1225243614986539, 0.12360220607370137, 0.11547692166641355, 0.1138661403208971, 0.10939820390194654, 0.11822912674397229, 0.12702358551323414, 0.12048014737665654, 0.11976159475743771, 0.11966112013906241, 0.12264491450041533, 0.1133556554093957, 0.11416165307164192, 0.11844767145812511, 0.11579340556636453, 0.11678792722523212, 0.12768957000225784, 0.1151776771992445, 0.12787477746605874, 0.1091978951357305, 0.11321640145033599, 0.1053063489496708, 0.1277771269902587, 0.12125643882900476, 0.1266935423016548, 0.11396530652418732, 0.11394060458987951, 0.12266362197697163, 0.12462372556328774, 0.11705384105443954, 0.11061837188899518, 0.11230744672939182, 0.12010681768879294, 0.11153885070234537, 0.11305542634800075, 0.12085030768066644, 0.12178607201203703, 0.10963154165074229, 0.11229479545727372, 0.10105194775387644, 0.10157897155731915, 0.12620424572378397, 0.11025810036808252, 0.1074232490733266, 0.1152528315782547, 0.10761907007545232, 0.10296251578256488, 0.11741559877991677, 0.11741372998803853, 0.10777443200349808, 0.11639463268220424, 0.09935928648337722, 0.11712899040430785, 0.1106549427844584, 0.12250394728034736, 0.1138546691276133, 0.10242425547912717, 0.11733626201748848, 0.10857952488586306, 0.1107703004963696, 0.10631861463189125, 0.111073783878237, 0.10338964145630598, 0.10652668541297317, 0.11606103647500277, 0.11455619167536496, 0.10691501563414932, 0.10453994553536176, 0.11314794411882757, 0.09610581928864122, 0.1112899336963892, 0.09997725719586015, 0.1140858161263168, 0.1037334568798542, 0.1055677087046206, 0.10716264955699444, 0.10616229819133877, 0.10693693486973643, 0.10557213220745326, 0.11008425885811449, 0.10432133441790939, 0.1119115250185132, 0.10771437427029014, 0.09790940126404166, 0.10878071170300246, 0.10570335071533918, 0.09788660500198604, 0.1067155010998249, 0.10703424941748381, 0.09667114363983273, 0.10568951340392232, 0.10679668243974447, 0.09455976467579603, 0.1099280321970582, 0.10468716109171511, 0.11438826965168118, 0.11738451002165676, 0.10894764382392168, 0.10826287539675832, 0.10374203454703093, 0.10396784525364638, 0.11081587821245194, 0.0965702704153955, 0.11264396533370018, 0.10190068902447819, 0.09959027823060751, 0.10364714711904525, 0.11026944434270262, 0.10336126424372197, 0.11017214059829712, 0.10924956239759923, 0.10434285430237651, 0.11964123109355569, 0.09351107329130173, 0.11320804059505463, 0.10305286729708313, 0.09367803828790784, 0.10656555416062474, 0.10640630144625901, 0.10274282870814205, 0.09957326855510473, 0.11244392720982432, 0.11275934195145965, 0.12095329258590937, 0.11201572502031923, 0.10098996283486486, 0.11138116717338561, 0.10330358324572445, 0.1204509548842907, 0.10272328555583954, 0.11027000285685062, 0.10186336804181337]
2025-11-26 03:54:52 - fedrand - INFO - loss data:
2025-11-26 03:54:52 - fedrand - INFO - [10.798131334781647, 0.5810552343726159, 0.2225783970206976, 0.19676331654191018, 0.17945465371012687, 0.175611293874681, 0.17651250939816238, 0.1717276657000184, 0.17454301714897155, 0.1637365797534585, 0.16393806003034117, 0.16629053149372341, 0.15490978881716727, 0.15873604435473682, 0.15462599098682406, 0.15955606196075678, 0.1469243012368679, 0.14550523981451988, 0.1463704938068986, 0.15047714449465277, 0.14538941867649555, 0.13248833520337938, 0.14108160678297282, 0.1503053206950426, 0.15321883019059895, 0.15410176422446967, 0.1554560350254178, 0.13709018304944037, 0.1367233943194151, 0.138306057266891, 0.13878668677061795, 0.1407103955745697, 0.1434623833745718, 0.1370115403085947, 0.13973387293517592, 0.13055158276110887, 0.14251697845757008, 0.13463931046426297, 0.12401587776839733, 0.1430351221933961, 0.1290863102301955, 0.12768597826361655, 0.1245853153988719, 0.13515680124983193, 0.13423224799335004, 0.12495204769074916, 0.13621614230796694, 0.1393845323473215, 0.13205230664461853, 0.12717645484954118, 0.11805541357025504, 0.12783490428701044, 0.13569028861820698, 0.12894437555223703, 0.13383448552340269, 0.12797324135899543, 0.12457341197878122, 0.11982780583202839, 0.1237879490479827, 0.12396488301455974, 0.12359207384288311, 0.12443814761936664, 0.12250442299991847, 0.11462321635335684, 0.12013425547629594, 0.12741540614515545, 0.12708580885082482, 0.12496017199009657, 0.1235537426546216, 0.1240815794095397, 0.12921252883970738, 0.13134507816284896, 0.1157205669209361, 0.12683041738346218, 0.13487442079931497, 0.11597053445875645, 0.11744607724249362, 0.12330708671361208, 0.12159034796059132, 0.11901832250878215, 0.13031130135059357, 0.12138046380132436, 0.1163062726147473, 0.12214747071266174, 0.11294895522296429, 0.121933548245579, 0.11835879608988761, 0.11008588951081037, 0.12047482514753938, 0.1236010406166315, 0.11719565587118269, 0.11624100944027305, 0.11624267734587193, 0.124208065867424, 0.11675321962684393, 0.11649058628827333, 0.11884149629622698, 0.10480981636792422, 0.11213723467662931, 0.10509291626513004, 0.12904894351959229, 0.10557358749210835, 0.11304828645661473, 0.11756829507648944, 0.12161799501627685, 0.11938493344932793, 0.11088220980018376, 0.1204623374156654, 0.12199180033057928, 0.10892531936988234, 0.10760938059538602, 0.1120371007360518, 0.11839701998978854, 0.1136552719399333, 0.10180452615022659, 0.10198976863175631, 0.10269631557166577, 0.10785921169444919, 0.11403279695659876, 0.10747199226170778, 0.10805799709632993, 0.11290440913289784, 0.11067757084965707, 0.11413559075444937, 0.10521691413596272, 0.11464530834928155, 0.11148641761392356, 0.11081076217815279, 0.11087769810110332, 0.12119711190462112, 0.11223025545477867, 0.11518650865182281, 0.10039993673563002, 0.10958130927756429, 0.10739695765078068, 0.1088538732379675, 0.10234585516154766, 0.11263570189476013, 0.1010342849418521, 0.09667320670560003, 0.1053214430809021, 0.10443329438567162, 0.09893468022346497, 0.11060677748173475, 0.11846763286739588, 0.10817364789545536, 0.11629453711211682, 0.1057902866974473, 0.09746078019961715, 0.11046106219291688, 0.10907337702810765, 0.11617274936288596, 0.11073096711188554, 0.10627990532666445, 0.10528711564838886, 0.10403528232127429, 0.09695659074932336, 0.09539685109630228, 0.11012177746742964, 0.1057595538906753, 0.09705610098317266, 0.10421701995655894, 0.106425129622221, 0.10346726793795824, 0.11050182888284325, 0.10233940426260232, 0.10368934217840434, 0.11264297924935818, 0.10938486028462649, 0.09783498346805572, 0.11319858944043518, 0.11314554400742054, 0.10322333835065364, 0.12131143044680356, 0.10700086178258061, 0.11396213481202722, 0.10682509746402502, 0.10904230363667011, 0.10705547230318188, 0.10561275398358702, 0.10404607132077218, 0.10742760989814998, 0.10860080253332853, 0.09837545910850168, 0.09548773225396871, 0.09865987692028283, 0.10082903103902935, 0.11186075834557414, 0.09547585300169886, 0.10201835427433252, 0.10370055874809622, 0.10034771421924234, 0.10231322180479765, 0.09847562238574029, 0.099539237562567, 0.11289925631135703, 0.10739005710929632, 0.11248332895338535, 0.09942152006551623, 0.10231793355196714]
