2025-11-06 17:48:13 - fedrand - INFO - loss data:
2025-11-06 17:48:13 - fedrand - INFO - [0.6905579866694385, 1.5442949291318655, 0.8768364559785993, 1.318743484094739, 0.8645585055152576, 0.6571399051020717, 1.4909785789878744, 1.0804444675644238, 0.936083302522699, 0.9895221607552634, 0.6834180900126395, 0.31290447259558724, 1.1450912408530711, 0.7344715331735856, 0.2729217939130548, 0.9559116537372272, 0.6892217342845268, 0.5351378832322856, 3.687469244003296, 0.6539200161309803, 0.558109929971397, 0.29432514970034795, 0.5399186606208484, 0.5739261803819853, 0.4983145358445852, 0.37338662658988503, 0.3235186956279601, 0.5997102008356402, 0.5374218714733918, 0.5403946279548109, 1.0056686028838158, 0.3794121788607299, 0.5358953495820363, 0.4466862058217981, 0.4608564072288573, 0.3823452886568536, 0.42735767984303874, 0.5278666653980811, 0.47162156812030137, 0.24228627142417555, 0.4648293383419514, 0.21310361937595235, 0.311844240243469, 0.3764443101430568, 0.9777256057908138, 0.8772402195369495, 0.37631119702321786, 1.191843434702605, 0.4812746354214409, 0.5942601253588994, 0.5954575410076217, 0.28777903118048254, 0.5096945506520569, 0.37126605575414084, 0.7504115618765355, 0.8952510894741863, 0.30281350943014806, 0.36125381714419313, 0.4264860278616349, 0.35501645127017245, 0.13882423225621426, 0.46730137297519203, 0.4012458308289448, 0.6210815235972404, 0.4133854419536268, 0.7524923621676862, 0.4531355261802673, 0.43433230831895187, 0.6232685312628746, 0.46738761505112053, 0.7563140739997227, 0.2411537421239902, 1.066426997018211, 0.3650917277711889, 0.45368900566416626, 0.41758811138570306, 0.410343024879694, 0.5140710687666548, 0.6833684183657169, 0.3727576293635602, 0.46040997763766967, 0.18893256047481877, 0.47252679482318355, 0.3503515726421028, 0.3570432899675022, 0.48343439544940325, 0.47315908257539074, 0.46439854519954626, 0.21372606030567304, 1.184733667721351, 0.7066221684217453, 0.5846928196648757, 0.3811285254390289, 0.2111351229185756, 0.22708548181613686, 0.6848934915957643, 0.5183862541966578, 0.5656032658492525, 0.3155983324952262, 0.4177980332945784, 0.2456918388151711, 0.7506927208646256, 0.25221869025559146, 0.69227879991134, 0.2512576416031354, 0.3539706588428664, 0.32642226858887874, 0.29013373863676356, 0.4048883991073007, 0.30314851803414056, 0.4703716257696643, 0.3090299677337349, 0.44318380678693453, 0.3358875969915014, 0.29549082382830816, 0.44370848837489674, 0.9074327337245146, 0.43310226844623684, 0.356346570798441, 0.2803433344785222, 0.6313852183520794, 0.4548668974079192, 0.691442959010601, 0.4664020657539368, 0.3591604064664115, 0.33391163772709354, 0.2890914651062404, 1.3068117865671713, 0.27645290723854776, 0.15338443242136338, 0.27294242292797816, 0.9526411772239953, 0.6501751450821758, 0.4706976469606161, 0.435369006624701, 0.3852941002915887, 0.3695350530732801, 0.269507772725774, 0.32163203488055025, 0.6787516971429188, 0.6489286879698435, 0.5759190364171647, 0.45590632817908827, 0.4246429968625307, 0.3474294335621855, 0.5578348832204938, 0.4414874169354638, 0.4197120634729371, 0.3870885119430669, 0.37438066489279953, 0.4730170249546829, 0.8320659628758829, 0.2392295113417322, 0.4670016880795036, 0.5080917584709823, 0.39399942018858647, 0.4283708540519001, 0.39192337366311175, 0.6587247943688257, 0.24046590164826628, 0.6638739379122853, 0.39382799802244534, 0.4632365961066064, 0.34105644977994654, 0.7191628436247508, 0.6702766993807422, 0.30446926783770323, 0.38083186087508997, 0.5454422609990134, 0.5645660329610109, 0.5156510363643368, 0.3862515098104874, 0.8956596960624059, 0.48800090503166704, 0.4325376896187663, 0.5859210167080164, 0.5308576281078987, 0.5334694411605596, 0.5644798016418582, 0.39382077297195794, 0.4304084524721501, 0.6269122542192538, 0.6195789966732264, 0.42681631854936186, 0.4386826967090076, 0.5966415703296661, 0.5155667336657643, 0.4394791486362616, 0.5352649607986858, 0.5299479709808819, 0.5234455939382314, 0.6637848724705586, 0.5000279746328791, 0.4155712150968611, 0.5999068581221396, 0.5495638145754735, 0.5376997848351797, 0.4597602859449883, 0.449659268144751, 0.6153053767321741]
2025-11-08 15:34:39 - fedrand - INFO - loss data:
2025-11-08 15:34:39 - fedrand - INFO - [0.7088117919690711, 1.5283081978559494, 0.8770644234091628, 1.2598878219723701, 0.8492530619104703, 0.4872914946240466, 1.3050351084062928, 0.9924908806880315, 0.7863631552706162, 1.1888941071099706, 0.709441844927545, 0.28389792796343494, 0.9503908885022004, 0.6402395482120269, 0.24370125846790971, 0.8048475623130799, 0.5775635980276598, 0.4319536365413418, 3.164186678826809, 0.5472215993877719, 0.5043793913908303, 0.3057882551802322, 0.42242624337474505, 0.5085374460427784, 0.4632682831229075, 0.49392208792352926, 0.32442069724202155, 0.5201656171896806, 0.5088835374762615, 0.43527701729908586, 0.88651586137712, 0.35680531847627006, 0.4487052372346322, 0.4915451889269446, 0.4719197253386179, 0.354322709489174, 0.3894216998385779, 0.47227543853223325, 0.44202414540470475, 0.21743436993922383, 0.5394320957362652, 0.2645182045458473, 0.2945359067735909, 0.33812690635013803, 1.065865342815717, 0.7834637550746693, 0.3076817230321467, 0.9451791448518634, 0.4250361416488886, 0.5370199613273143, 0.6318656497580164, 0.2532166912191825, 0.4571314584463835, 0.33137323633816684, 0.6786511762067675, 0.9376374208368361, 0.27017604331731015, 0.34826460823808847, 0.3971737957249085, 0.32352381383248585, 0.148578089678916, 0.4265242961515416, 0.3785119357829293, 0.6376501085857551, 0.3706143153055261, 0.7255531824193895, 0.4020129434764385, 0.3838135192737631, 0.5648566326126456, 0.49758128316607325, 0.6862884120394785, 0.26381803097675505, 0.9552910687292324, 0.3346252725716087, 0.44485018213882166, 0.4236908736328284, 0.25827794056385756, 0.4803944334826049, 0.565734127536416, 0.3721221735932274, 0.449084593092694, 0.17438934850765186, 0.42418625943254734, 0.3013232038162338, 0.272981164821734, 0.4905342001917746, 0.4171652993497749, 0.45848541004934174, 0.21426090384882532, 0.9891649422546227, 0.5905725620687008, 0.5009072758257389, 0.2551090301712975, 0.2070508994964055, 0.25004873813963246, 0.6235020029468132, 0.5183769812186558, 0.5168952418801684, 0.3257770945075089, 0.4824309158138931, 0.26896370096916433, 0.817096718530079, 0.2344893533910069, 0.7994354832917452, 0.2660425403672788, 0.3323112331502336, 0.26421436145091837, 0.2948811192815709, 0.31073762881367106, 0.4009512218336264, 0.4371712458155611, 0.3162092186943411, 0.3595771917452415, 0.269117862574364, 0.28086864499695274, 0.28198484476241803, 0.9685917489011497, 0.40997860017232596, 0.43451514096048316, 0.2641225462256555, 0.658993558647732, 0.4474487103987485, 0.43689816258847713, 0.39927644096314907, 0.3418362279301104, 0.35013373178856755, 0.2525054352202763, 1.2359859471519787, 0.2363725750719344, 0.13047489664232773, 0.23179876132308622, 0.7119081493583508, 0.7079854662239086, 0.34568457912731293, 0.44712148232787263, 0.37523347807719426, 0.34224161671447584, 0.26454395732273245, 0.2877188838626209, 0.6681112051010132, 0.5710981806119283, 0.6863835495379236, 0.5604014738517649, 0.4296653013676405, 0.3167644775864007, 0.5577152228914202, 0.5279824497799079, 0.36985145186019297, 0.4441925550138371, 0.36957114518088907, 0.4351919846315133, 0.7237916402518749, 0.24175742720797216, 0.4170254935793902, 0.49520879143383356, 0.39929390200139847, 0.4110841710004024, 0.4198899810251437, 0.5862181526115713, 0.2545297222211957, 0.5644926642999053, 0.3872766111899788, 0.427814596277826, 0.35416960760362837, 0.6129337123284737, 0.7163108624517918, 0.2828310001382811, 0.3721749681979418, 0.5291214507803613, 0.5639164494350553, 0.4949201578274369, 0.3576156063936651, 0.7178595641007026, 0.48843710957204595, 0.4166478415252641, 0.44132786380747957, 0.562764258434375, 0.48159591294825077, 0.4414226978045443, 0.3755190801496307, 0.3857128238507911, 0.629473714882301, 0.5656079407781363, 0.42949508448295737, 0.46257421578846725, 0.39968588203191757, 0.40275705978274345, 0.3602234895030657, 0.5369141059163555, 0.5311329657263639, 0.4995707031339407, 0.5152457121069035, 0.495694779480497, 0.38362535927444696, 0.6452339411827556, 0.6640909376243751, 0.5842873136202494, 0.45700599867656516, 0.48551058005541564, 0.5181386623245487]
2025-11-09 20:50:27 - fedrand - INFO - loss data:
2025-11-09 20:50:27 - fedrand - INFO - [0.6944490774706202, 1.6646639872342348, 0.8820681258451705, 1.2719363952055573, 0.8373135586579641, 0.5363844305437537, 1.5256403774807328, 1.202141173183918, 0.8553376542404294, 1.1708105781839953, 0.8318037025215272, 0.3207473258218287, 1.033308780193329, 0.7247086837887764, 0.26444985885690486, 0.8347283887366455, 0.6211543266351024, 0.5379676044297715, 3.6749197617173195, 0.6274757734992924, 0.5543742407113313, 0.28932609119025676, 0.4382588669657707, 0.5626365322692721, 0.492152980212932, 0.3753472009412374, 0.3325261204464671, 0.5036943377926946, 0.545941536873579, 0.4129801532253623, 0.9703514942278465, 0.36223132944303665, 0.4765739547709624, 0.44689909599133226, 0.572133889545997, 0.36444211790446207, 0.43419023976269844, 0.48201371915638447, 0.4303281375097059, 0.24204625740159277, 0.5328259692837795, 0.24779650369830625, 0.3029617919835599, 0.3577472659779469, 0.9985779523849487, 0.8260641566970769, 0.3620349263461928, 0.9775058468803763, 0.4331363125101608, 0.5001409343133371, 0.5785375580775971, 0.2644202892194714, 0.4845367823727429, 0.3019570991592972, 0.7077502250671387, 0.736833995829026, 0.2550392982942101, 0.35099420607286064, 0.4521160403887431, 0.33808846952099547, 0.13057696888237671, 0.45309722920596274, 0.3894298122367925, 0.48960647569037974, 0.32831228528327, 0.6061318595893681, 0.43263201030592124, 0.4437409290719939, 0.601227031648159, 0.5012313205748796, 0.7506091066946585, 0.26407860948109174, 0.956828678793767, 0.3696156840555478, 0.44611207658753677, 0.4563181040187677, 0.3004932729527354, 0.524667152791631, 0.4988298024982214, 0.3678067152942318, 0.45399226094870004, 0.1932298044412164, 0.4910592500066412, 0.3244057406205684, 0.32972747394038987, 0.4753604437002549, 0.4565092947334051, 0.43491903651991615, 0.1945461672934981, 0.9141374555726847, 0.5556599795818329, 0.49755312626560527, 0.29668472800403833, 0.20102219096669513, 0.26160958318137806, 0.6460741145865005, 0.476805672341702, 0.5086671005313594, 0.3425732847181675, 0.44361985102295876, 0.2374300106097699, 0.8088359332095612, 0.23890432664152367, 0.8614252998183172, 0.2474131662230421, 0.33746583095604654, 0.2886633605837984, 0.27463210742041866, 0.3911972424096387, 0.3987274185017062, 0.46741884911213727, 0.29802030726977746, 0.38525898481408755, 0.25802384042426163, 0.27850316416244414, 0.28311428884141304, 1.0207042174742502, 0.420675356220454, 0.4012413486740307, 0.2678120358818488, 0.6141483785274129, 0.41734806951135395, 0.5072220023721457, 0.4337714153031508, 0.35509223278773866, 0.36625658825505525, 0.18826051008202033, 1.2353101186454296, 0.23394313674081085, 0.1394429428813358, 0.2531918156585705, 0.722883244122689, 0.6926267828792334, 0.37120146709882346, 0.4278931924817609, 0.3878485570132148, 0.3709052764959093, 0.2495487116328958, 0.25954605001760156, 0.7147174837688606, 0.6238559679438671, 0.5509312540913621, 0.5382080463802114, 0.41104347035288813, 0.3603552574858717, 0.5444416048005223, 0.43604944832623005, 0.45150915818179355, 0.4120998278156751, 0.3743539247709467, 0.44807109119076477, 0.7225130440460311, 0.21940952998818297, 0.44781545873569406, 0.5599478610325604, 0.374275012900505, 0.495766137028113, 0.37238041514922915, 0.6438838567365619, 0.2428256052529864, 0.5488243672686318, 0.3975253626652476, 0.4793513691162362, 0.3257001025087543, 0.6066597161193689, 0.6550688110291958, 0.28137251388074624, 0.37497027545339534, 0.5364985288431248, 0.5222844970412552, 0.4053229664762815, 0.3761559398068736, 0.7317384590705236, 0.47446754969218197, 0.49882501827087256, 0.41353934531410536, 0.5610458125787166, 0.4920584514737129, 0.5040991387289504, 0.3780026300499837, 0.4334955566117297, 0.6140793319791555, 0.49523698166012764, 0.4361776893045388, 0.4772963675067705, 0.43180282413959503, 0.46899653039872646, 0.4101750898795823, 0.5364509444257055, 0.5209818849133121, 0.41173066180199386, 0.531586289149934, 0.47258038322130835, 0.35450908417503035, 0.5624387227652365, 0.5684879800925653, 0.5671600421269735, 0.49100324250757693, 0.5260966561734677, 0.4857380172249928]
2025-11-10 18:51:45 - fedrand - INFO - loss data:
2025-11-10 18:51:45 - fedrand - INFO - [0.6944490774706202, 1.6646639872342348, 0.8820681258451705, 1.2719363952055573, 0.8373135586579641, 0.5363844305437537, 1.5256403774807328, 1.202141173183918, 0.8553376542404294, 1.1708105781839953, 0.8318037025215272, 0.3207473258218287, 1.033308780193329, 0.7247086837887764, 0.26444985885690486, 0.8347283887366455, 0.6211543266351024, 0.5379676044297715, 3.6749197617173195, 0.6274757734992924, 0.5543742407113313, 0.28932609119025676, 0.4382588669657707, 0.5626365322692721, 0.492152980212932, 0.3753472009412374, 0.3325261204464671, 0.5036943377926946, 0.545941536873579, 0.4129801532253623, 0.9703514942278465, 0.36223132944303665, 0.4765739547709624, 0.44689909599133226, 0.572133889545997, 0.36444211790446207, 0.43419023976269844, 0.48201371915638447, 0.4303281375097059, 0.24204625740159277, 0.5328259692837795, 0.24779650369830625, 0.3029617919835599, 0.3577472659779469, 0.9985779523849487, 0.8260641566970769, 0.3620349263461928, 0.9775058468803763, 0.4331363125101608, 0.5001409343133371, 0.5785375580775971, 0.2644202892194714, 0.4845367823727429, 0.3019570991592972, 0.7077502250671387, 0.736833995829026, 0.2550392982942101, 0.35099420607286064, 0.4521160403887431, 0.33808846952099547, 0.13057696888237671, 0.45309722920596274, 0.3894298122367925, 0.48960647569037974, 0.32831228528327, 0.6061318595893681, 0.43263201030592124, 0.4437409290719939, 0.601227031648159, 0.5012313205748796, 0.7506091066946585, 0.26407860948109174, 0.956828678793767, 0.3696156840555478, 0.44611207658753677, 0.4563181040187677, 0.3004932729527354, 0.524667152791631, 0.4988298024982214, 0.3678067152942318, 0.45399226094870004, 0.1932298044412164, 0.4910592500066412, 0.3244057406205684, 0.32972747394038987, 0.4753604437002549, 0.4565092947334051, 0.43491903651991615, 0.1945461672934981, 0.9141374555726847, 0.5556599795818329, 0.49755312626560527, 0.29668472800403833, 0.20102219096669513, 0.26160958318137806, 0.6460741145865005, 0.476805672341702, 0.5086671005313594, 0.3425732847181675, 0.44361985102295876, 0.2374300106097699, 0.8088359332095612, 0.23890432664152367, 0.8614252998183172, 0.2474131662230421, 0.33746583095604654, 0.2886633605837984, 0.27463210742041866, 0.3911972424096387, 0.3987274185017062, 0.46741884911213727, 0.29802030726977746, 0.38525898481408755, 0.25802384042426163, 0.27850316416244414, 0.28311428884141304, 1.0207042174742502, 0.420675356220454, 0.4012413486740307, 0.2678120358818488, 0.6141483785274129, 0.41734806951135395, 0.5072220023721457, 0.4337714153031508, 0.35509223278773866, 0.36625658825505525, 0.18826051008202033, 1.2353101186454296, 0.23394313674081085, 0.1394429428813358, 0.2531918156585705, 0.722883244122689, 0.6926267828792334, 0.37120146709882346, 0.4278931924817609, 0.3878485570132148, 0.3709052764959093, 0.2495487116328958, 0.25954605001760156, 0.7147174837688606, 0.6238559679438671, 0.5509312540913621, 0.5382080463802114, 0.41104347035288813, 0.3603552574858717, 0.5444416048005223, 0.43604944832623005, 0.45150915818179355, 0.4120998278156751, 0.3743539247709467, 0.44807109119076477, 0.7225130440460311, 0.21940952998818297, 0.44781545873569406, 0.5599478610325604, 0.374275012900505, 0.495766137028113, 0.37238041514922915, 0.6438838567365619, 0.2428256052529864, 0.5488243672686318, 0.3975253626652476, 0.4793513691162362, 0.3257000881590341, 0.6066595108558734, 0.6550686885085371, 0.28137255581613213, 0.37497031854258644, 0.5365002858215103, 0.5222861133515835, 0.40532683581113815, 0.3761543180638304, 0.7317430580655734, 0.47446534563513365, 0.49882491056341677, 0.4135409753769636, 0.5610476104452068, 0.49205971173942087, 0.5040983087990595, 0.37800335719560585, 0.4334960122950429, 0.6140789269573159, 0.4952382119372487, 0.43617768472462304, 0.4772947326886887, 0.43180471658706665, 0.46899784076958895, 0.41017556128402555, 0.5364510014930008, 0.5209840249891082, 0.4117287270724773, 0.5315887165066882, 0.47258205724259217, 0.3545131220792731, 0.5624374295012993, 0.5684841858843963, 0.5671537814040979, 0.4910024136304855, 0.5260987374931574, 0.4857419419765862]
2025-11-11 12:37:03 - fedrand - INFO - loss data:
2025-11-11 12:37:03 - fedrand - INFO - [0.6845029003084883, 1.4638525620102882, 0.8733875395036211, 1.293223949149251, 0.8625510334968567, 0.5000234699286574, 1.2250510720830214, 0.8064005007346471, 0.823314189290007, 1.1167562964061897, 0.7491749744031913, 0.2923987777706247, 1.0325156815350056, 0.6846652880091877, 0.26354859654333673, 0.8722807057201862, 0.5831487028756075, 0.4774607297343513, 3.290504202246666, 0.5898876126344297, 0.49213481806218623, 0.27757047255808076, 0.41713234285513556, 0.5363521778846488, 0.4872119833755752, 0.3616508603334926, 0.38258424947659175, 0.5232295498717576, 0.5309961321453254, 0.43684422643855214, 1.0123437698930502, 0.3928234458095984, 0.5533124759793282, 0.3976248222599296, 0.5034368752191464, 0.3749196843723588, 0.418589642363182, 0.5164563592523337, 0.4110473588815593, 0.22909861778359844, 0.5001005927255998, 0.2584779886700409, 0.2815377160764506, 0.3533338211290651, 0.9669215654333433, 0.8962130038177265, 0.41777952085249126, 0.9967839098535478, 0.4664138173136641, 0.4505627208699783, 0.611484868780655, 0.2577204875496886, 0.42357120336964726, 0.33188153950399474, 0.7646986221894622, 0.7277377077067892, 0.23492189103394354, 0.33753819516614864, 0.4265857083102067, 0.3327238093604121, 0.11822598290920021, 0.4679764917127086, 0.3822047520635856, 0.7136331237852573, 0.42484173467770836, 0.771407303865999, 0.4361595415820678, 0.4329311765082504, 0.5851342574693262, 0.5767724148929119, 0.5163858508070309, 0.26677138292515234, 1.036876558819238, 0.35988297942971836, 0.4494179904460907, 0.540719139824311, 0.30758283473551273, 0.505690897168482, 0.5333119095303118, 0.37095886292362135, 0.4420053123989526, 0.18262205868571374, 0.4651192200140677, 0.30579245067201555, 0.36994025902822614, 0.5000870444872431, 0.44639367138346037, 0.3635262329725252, 0.16691331422005437, 0.9336159599324068, 0.5881248749792576, 0.5382159923513731, 0.3643343293418487, 0.24250313053683686, 0.270022831564328, 0.6258093862082152, 0.4461145536864505, 0.4549712993515035, 0.2864185574808684, 0.46529038079703844, 0.2320513979556333, 0.7618497743681313, 0.22486009630946474, 0.8637451225270828, 0.22934477382255458, 0.3229371450694376, 0.28547826641833113, 0.28679586645206046, 0.3639988175228886, 0.38652714768735075, 0.4532869704725111, 0.3055683649491269, 0.44766774388651054, 0.27409523284356846, 0.2738295390462393, 0.3429576652674263, 0.9308268440266451, 0.4060755619313568, 0.41815940741354624, 0.2636157924190915, 0.4660671047555903, 0.4268899751710705, 0.5125262141227722, 0.4756233184287946, 0.3509005214614065, 0.4213975116186096, 0.26066692308005357, 1.3358773030340672, 0.25058937555060545, 0.1410417070631714, 0.25439636172980007, 0.8184423906495795, 0.7425284073397052, 0.47721600454921526, 0.4502875217839199, 0.3844996231589832, 0.37383141099758765, 0.24554928000240278, 0.2937425757317167, 0.5846975191185873, 0.6787201467901468, 0.5897950440024335, 0.4757786684295199, 0.4038488769903779, 0.3498537690203259, 0.5554652689956129, 0.5538063955803711, 0.4313634356812519, 0.5392739746719599, 0.37455925256814193, 0.44458456925655665, 0.7724013692802854, 0.23227284652409005, 0.4421645471947673, 0.4969126877374947, 0.3589575805098695, 0.4613396890461445, 0.37489194800391007, 0.6749843688572155, 0.23606534099304363, 0.7120266112421328, 0.38022526894540837, 0.46231261487392816, 0.2865941234325108, 0.7888733269025883, 0.5642145938343472, 0.2829607553107457, 0.37744806475109527, 0.5232754226847023, 0.48305920977145433, 0.5729420706629753, 0.4293598477573444, 0.9494172796607018, 0.48607081788427686, 0.4264251127839088, 0.5574468317131202, 0.5350637115124199, 0.5257444329559803, 0.5921565150113209, 0.38941628507648907, 0.40845740567285405, 0.5983323084397448, 0.5495693050324917, 0.42933980756092305, 0.45646358343462146, 0.5649208724498749, 0.4989948607981205, 0.41985681001096964, 0.5407222251497186, 0.5393390086789926, 0.4747465342283249, 0.6022201638290847, 0.4727725592131416, 0.4256914330956837, 0.4965521269722989, 0.5313683561980724, 0.45631495590011284, 0.5083757917707166, 0.48872578785521914, 0.5476671783557904]
2025-11-13 19:27:00 - fedrand - INFO - loss data:
2025-11-13 19:27:00 - fedrand - INFO - [0.6959050112207861, 1.7423332259058952, 0.8800205164972474, 1.299262153916061, 0.8827707663178443, 0.715977916809899, 1.498580793408971, 1.4284109349052112, 1.3591493926942348, 0.9550651204254892, 1.1752934190833901, 0.3912837901894733, 1.4666901374856631, 0.9049899351290044, 0.41177704139974797, 1.0205972897509734, 0.7161305370844073, 0.6081631934891144, 3.392023652791977, 0.7076293472565857, 0.6788649095222354, 0.530339224367506, 0.43640442987283073, 0.6547901754724044, 0.5971115878904644, 0.44695461387563423, 0.3849074661421279, 0.770616481701533, 0.6664212596913179, 0.5467632724903524, 1.2152722366154194, 0.4651493764611789, 0.6426195862392585, 0.5074185009702648, 0.5474779263138772, 0.4286784995682051, 0.4669107141810051, 0.5948789899547895, 0.5050820084159366, 0.2652909373773957, 0.6460174086193243, 0.33278278221229185, 0.352408437038927, 0.35000675311368323, 1.295953260269016, 1.0956626508165808, 0.5231423374886314, 1.3539722450077534, 0.5318774378255886, 0.562107577547431, 0.6938557482744548, 0.30737037212881996, 0.5536816278472543, 0.3653543011138314, 0.861923711374402, 0.7194665870629251, 0.29664685977867955, 0.43991301112171066, 0.4882993785043558, 0.40786421687195173, 0.15348718928141103, 0.5681960295895925, 0.4517103016790417, 0.666228536516428, 0.47584176785312593, 0.9606959102675319, 0.5528451117376487, 0.5473637211581935, 0.6902899401262402, 0.5821994915604591, 0.6808644343788426, 0.3124864694300211, 1.167280158137574, 0.4254967024360878, 0.5229380363708033, 0.859107300763329, 0.30160003062337637, 0.5726874298470862, 0.6455053896643221, 0.4364904661242869, 0.5304501792963814, 0.24002405212700573, 0.5851075525517049, 0.3922321838326752, 0.41021637808686745, 0.5691640456855851, 0.5289372105151415, 0.4877403794747332, 0.25238439225461007, 1.0518482488890488, 0.7073965109884739, 0.5940858299533527, 0.4344649532965074, 0.33191510980638367, 0.304386484291478, 0.7285812496043303, 0.5062102251777462, 0.5651594616162281, 0.3939019465697524, 0.5676583466120064, 0.27408368369613434, 0.8517950935734381, 0.27790626563670995, 0.9352587672571341, 0.2928812192266277, 0.39889665487173354, 0.3615600823431505, 0.32826475870485106, 0.4420540012905131, 0.5366167900923756, 0.5309243085794151, 0.3522501525555104, 0.5165789411713679, 0.30377317670928805, 0.33192713752903635, 0.2775116624575781, 1.0087970768411956, 0.50174362603575, 0.5086279723670726, 0.3400363438280724, 0.5872731738102932, 0.5723580552265048, 0.5061055701225996, 0.49604144742091494, 0.44069673470828846, 0.4286796649452299, 0.2903836755495932, 1.1740008580187957, 0.3082844262959011, 0.19579800828877422, 0.3120236977293532, 0.837061893971016, 0.8964867278933525, 0.5349405490948508, 0.5342324152588844, 0.4716597746911586, 0.43846480417726696, 0.30808549827553283, 0.29733955468002116, 0.5895973108708858, 0.8339972796539465, 0.6829490448969107, 0.7081555072583404, 0.49030714109539986, 0.41952163683979404, 0.669305063970387, 0.589236215998729, 0.476418053950457, 0.46180037625340953, 0.4464380591536117, 0.5443796158621186, 0.8737858670453231, 0.26161584788954706, 0.5602020369235264, 0.60754757062532, 0.406208918457303, 0.49736961582675576, 0.5315750666256798, 0.74985591488726, 0.2890763324407632, 0.7448052569913367, 0.5019711803230975, 0.5048222139696865, 0.3406755024273145, 0.8515031464397907, 0.65463943945037, 0.3586949867506822, 0.45911445319652555, 0.5969820407821852, 0.5736628896556795, 0.666387751698494, 0.462223979489257, 0.9071163093050321, 0.5842852951849209, 0.5043457963271066, 0.5288292507330576, 0.5785476862899184, 0.6141017850488424, 0.6419174632300502, 0.48204769591490426, 0.5008673498784935, 0.5894742355578475, 0.5602306798100471, 0.532286143638924, 0.5295443737331559, 0.5589556768536568, 0.557760339230299, 0.4838303461049994, 0.6279381923492848, 0.6219204054750864, 0.46174814477562903, 0.6420123585674727, 0.5794768357649446, 0.4750993063983818, 0.5700639382396874, 0.7092654556035995, 0.5130092173814773, 0.5597282089293003, 0.5706173834623769, 0.6994890712834652]
2025-11-14 09:23:38 - fedrand - INFO - loss data:
2025-11-14 09:23:38 - fedrand - INFO - [0.7039499222546032, 1.6957092816010118, 0.8937663056978993, 1.2915185075253248, 0.8682621151208878, 0.6569230791551677, 1.5495656646395983, 1.4364568049709003, 1.3571775561819472, 0.9557442400190566, 1.153956032113025, 0.38285198329528525, 1.4465134424467883, 0.9201191259438501, 0.4421330981163515, 1.0349157263835271, 0.7296030951870812, 0.596729116824766, 3.650341108441353, 0.7138310665739518, 0.6802207628265023, 0.36863881748932825, 0.5371992220481236, 0.6379540896152749, 0.5522623176807943, 0.43779508220952523, 0.3731320123653859, 0.7424871710439523, 0.6380747407674789, 0.6094889929518104, 1.239826885362466, 0.4074572301479445, 0.5967628642916679, 0.5358239094677724, 0.5096785590673486, 0.4416535000889935, 0.45729147626653965, 0.5810588416953881, 0.5048779963541771, 0.25872542302217977, 0.5230191168685754, 0.26335343414163953, 0.3437649380947631, 0.3712476669261817, 1.189329984287421, 0.9840951772297131, 0.4232535105353842, 1.4269772917032242, 0.5416977659744375, 0.6713906578719616, 0.7511936068242671, 0.3302062007827325, 0.5640881075523794, 0.3889029014757589, 0.7603215843439102, 1.044637168136736, 0.3478813817430484, 0.3626680871226678, 0.48360632359981537, 0.4053485686449628, 0.16706494846767939, 0.536510316580804, 0.42692259450753534, 0.6852179318666458, 0.44247820344753563, 0.9420146206393838, 0.5140953247745832, 0.5045529120480237, 0.6927060283720493, 0.5561502294614911, 0.847318942969044, 0.25853345474331746, 1.2010218913064283, 0.4065757616598537, 0.5088832167141577, 0.6910370655357838, 0.4324736278504133, 0.5993326583840684, 0.8085183333605528, 0.4231340534668538, 0.5064596362850246, 0.24990637498235124, 0.6256795095198828, 0.4069880972616374, 0.41639899807826924, 0.585345297083028, 0.5197819109385212, 0.5412758123399555, 0.1367658951029737, 1.4199732288718223, 0.8337113261222839, 0.6531846473614376, 0.41702753289913136, 0.3292455251212232, 0.27180857512805806, 0.7375133272041292, 0.602935857632581, 0.621882143119971, 0.40959948738631996, 0.5239828842071196, 0.28595763422842874, 0.7915533893906018, 0.2902110878770289, 0.8539705524841945, 0.28138478947544676, 0.4109564827460992, 0.36605052860197274, 0.319978938337105, 0.450632669598512, 0.3497306979571779, 0.535706584013122, 0.36153627053402315, 0.4711721707135439, 0.4130609553111227, 0.3399482738311711, 0.47822147845484625, 1.1297379537832501, 0.4974918784573674, 0.4464831859559605, 0.35633431355011436, 0.7773760785348713, 0.47470392966642977, 0.6990768946707249, 0.5612176104138294, 0.4075374110885288, 0.40578361323957024, 0.44758380701144534, 1.0208521541208029, 0.31634354568903517, 0.19777527344154402, 0.33118585192010197, 1.0401528898316126, 0.7685765727524995, 0.4852514208372061, 0.5115281977562928, 0.4465763115050162, 0.444431230927939, 0.306644775529599, 0.4160122126340866, 0.8098824912061294, 0.7230276726186275, 0.7082771690976288, 0.46698630754561987, 0.5015050672926009, 0.40032495409250257, 0.6266381116583943, 0.5220043522616227, 0.5004228331586894, 0.44492352395997536, 0.44897482054465265, 0.52371656973111, 0.8031873856153753, 0.27138275078346513, 0.5530864213917243, 0.5982073042541742, 0.4335987444912248, 0.5055031893774867, 0.39633994549512863, 0.7062553623727723, 0.284344032210739, 0.7375475759617984, 0.49378006788901985, 0.5273008524056744, 0.38742661079097734, 0.7702353720863659, 0.7375239386326737, 0.34960909503408605, 0.4494922952519523, 0.6217643664455881, 0.6396434572525322, 0.6611396074295044, 0.44757162950312096, 0.6739291687806448, 0.6308081895112991, 0.5258846847224049, 0.6545595315595468, 0.6926323680414094, 0.5226969297975301, 0.6194557579963104, 0.477332562332352, 0.5010681180013479, 0.6578303718318541, 0.6759030669927597, 0.5196071322349941, 0.49747528495157467, 0.6078238636255264, 0.5940248081460595, 0.4819020746896664, 0.6150630200425907, 0.6125556003302336, 0.6031841486692429, 0.6289044832495819, 0.5670153619721532, 0.5160023346543312, 0.6756356497082794, 0.5698228081067402, 0.5938443976143996, 0.5290310027698676, 0.5650904137641191, 0.5902857312847392]
2025-11-14 18:42:12 - fedrand - INFO - loss data:
2025-11-14 18:42:12 - fedrand - INFO - [0.7010745153713384, 1.8340549133718014, 0.8855345564730027, 1.2867866614833474, 0.87615421662728, 0.7223397553326529, 1.5042256050203977, 1.4623145053784052, 1.3380428670595088, 0.986739582899544, 1.1262063217975038, 0.3806233031161903, 1.3623034228881201, 0.9251727518789908, 0.42771470789901084, 0.9243707003692786, 0.7334319414157007, 0.5829579664083818, 3.3500817120075226, 0.7435235994995809, 0.7167259383946657, 0.38206131111979225, 0.5352180113395055, 0.6318082104710971, 0.5874314659963484, 0.44161754912284756, 0.40153497404729327, 0.6094539253196368, 0.6576973805824915, 0.49111201986670494, 1.1057073324918747, 0.40132289512548597, 0.5766146185497443, 0.5074097841340852, 0.5369832870240012, 0.4272854398365417, 0.481156700115273, 0.5904730014503001, 0.5231057533075929, 0.26799685485422337, 0.563725899408261, 0.2877888487210791, 0.35809191882920766, 0.3765744803347377, 1.0311054254416376, 1.024790524998132, 0.4127781429948906, 1.4080630531534553, 0.5063366072033257, 0.5482154373079539, 0.9165823481538716, 0.30840763411272254, 0.5843961648643017, 0.35665484958965527, 0.7678373556584119, 0.9178078801681597, 0.32299968987507255, 0.38403187744368456, 0.4946675321708123, 0.4064552345296793, 0.15053703830450127, 0.5442616038355113, 0.44619496030112105, 0.8496506387988726, 0.36961942786971724, 0.8191057210788131, 0.6341924981524547, 0.5565851552654868, 0.7055479369126261, 0.6525036964565516, 0.8763906961927812, 0.2869841273123812, 1.0671777584973503, 0.42735481422016586, 0.5236807388636996, 0.6433341215054195, 0.29796917364001274, 0.5948955142614889, 0.6072112075053155, 0.4420128000741885, 0.5127859069582295, 0.24124704580754042, 0.5772149273990721, 0.39656461275493105, 0.36956726053419214, 0.5484255299133598, 0.5295586241719623, 0.49478429177964944, 0.3063273345847336, 1.0190125932296117, 0.612682405859232, 0.5628424249589443, 0.33804617445760715, 0.31635608464582926, 0.3464979027116083, 0.748942320152898, 0.5116971233019642, 0.5528224501758814, 0.37222365051022044, 0.5718341904381911, 0.28635189081787277, 0.8369575425845516, 0.2822528993996808, 0.9767094428340595, 0.2995427663780801, 0.38874806461267564, 0.3623093509155771, 0.3175957432973923, 0.4898076886716096, 0.526337101807197, 0.5486292653607534, 0.40990795439631933, 0.41851596931616464, 0.3010805325680658, 0.32702168377531526, 0.4243773914285056, 1.0473713779858516, 0.511268765386194, 0.5445398297896118, 0.34785378658980654, 0.6484096837230027, 0.5460834993980825, 0.46918064169585705, 0.46732410714030265, 0.42908913297173773, 0.4468861296928177, 0.28474147162503666, 1.2206803510586421, 0.29952965124935044, 0.23750735545116994, 0.32256584896158685, 0.7785004169369737, 0.7042925290763378, 0.4183643990739559, 0.5090389575882286, 0.4654601933617218, 0.4552242238884387, 0.30641638812246835, 0.30065887440976347, 0.7861694085101287, 0.6644192429880301, 0.6999172546590369, 0.5952900244909174, 0.50952711943537, 0.4355551469153252, 0.6500682436861098, 0.5008914644519489, 0.4998917268479572, 0.5164842952456739, 0.45256458199047067, 0.45823044310274874, 0.8204090483486652, 0.25964134740185, 0.5783766699428468, 0.623472545715049, 0.41990836279685884, 0.5514100870699622, 0.3886807756498456, 0.7403294348541428, 0.28702659391912455, 0.7510625918706257, 0.48407592510856273, 0.5338062874096281, 0.3794147689875803, 0.7366095088422299, 0.7452614282568296, 0.34502161552922594, 0.46698769877354307, 0.6111190879169632, 0.6006718021817505, 0.5963941365480423, 0.4277748128709694, 0.8851146707932154, 0.5667945352547309, 0.5523649778217077, 0.4413803016146024, 0.5867171053412474, 0.5336962983012199, 0.573300445533317, 0.48857669457793235, 0.4928777275161575, 0.638074333469073, 0.5471804412081838, 0.5298184292573554, 0.5303308007179522, 0.4363323971629143, 0.5499850693158805, 0.48310803389176726, 0.6205261445174646, 0.6013955840840937, 0.4202101267874241, 0.680529185899214, 0.5702877136568228, 0.46544917641828454, 0.6238816072020614, 0.6435997088750203, 0.5595657835404078, 0.5800904529790083, 0.5523821118753403, 0.5975505534918626]
2025-11-23 11:36:57 - fedrand - INFO - loss data:
2025-11-23 11:36:57 - fedrand - INFO - [1.0495814772943657, 0.8972005645434061, 0.8950252463627193, 1.328558255607883, 0.8370888510654713, 1.1013373319919293, 1.0740015196303527, 0.8680023182183505, 0.5692948212711519, 1.9861857468883195, 0.8125126721958319, 0.9311062946915627, 0.601855031808927, 0.8231392626961073, 0.6330327195330308, 0.4739945619474524, 0.7272519330183664, 0.37483453677817324, 1.3637898800273736, 0.6561805854241054, 0.7453306164178584, 0.5926335986703635, 0.5230741408393862, 0.7329177741582196, 0.4999200274546941, 0.6538060992956162, 0.6693850701244978, 0.7792945199956496, 0.4022202264103625, 1.018125785390536, 0.47523790494435364, 0.6217745150893162, 0.6810341944297155, 0.49108500983566045, 0.7300467874854804, 0.5773606033374865, 0.5604149907827377, 0.38152996051228705, 0.6016210414469242, 0.8227444291114807, 0.5761371636763215, 0.3773966124281287, 0.4415718238227643, 0.41254164854428554, 0.5894530928383271, 0.43123004879606397, 0.519989068309466, 0.46017632942296505, 0.8534437206230665, 0.6325716049720844, 0.4078359886655334, 0.3932378514102478, 0.5153644198201534, 0.36570462758478883, 0.6145080837110679, 0.2753324008842285, 0.1972431184258312, 1.039617093404134, 0.29743150910683747, 0.4827415614078442, 0.6246062554419041, 0.4184622935950756, 0.6668581724432963, 0.5613700080216742, 0.6790184852977594, 0.27906181837707594, 0.37533915161083525, 1.4007905496905249, 0.41311645482977233, 0.3914809681319942, 0.5475939971705277, 0.36173661467101836, 0.33863882947211654, 0.20815884099466359, 0.43821538726074827, 0.4891505837440491, 0.46508233100175855, 0.3128021256332951, 0.7774814982588092, 0.5273912406216065, 0.36563820844250067, 0.32778744911774993, 0.3638142623508779, 0.4789284796668933, 0.44842248468806867, 0.42552251035445615, 0.6778735707585628, 0.4156411445389191, 0.3651781316454473, 0.4724835588907202, 0.37302038688212635, 0.28401120122650575, 0.454524668196264, 0.40661337622219607, 0.36632974849392974, 0.6093100427339474, 0.3319208560086656, 0.569560415794452, 0.3864730036019215, 0.5101539887487889, 0.4734989744300644, 0.28776979223750104, 1.0694406240343535, 1.3784000739455222, 0.5912729822365301, 0.7046239025269946, 0.49530035691956675, 0.40974481593787904, 0.3121808109826398, 0.6678547898928324, 0.47848563839991887, 0.4334775863836209, 0.622958196637531, 0.3331177523383536, 0.5161643109198562, 0.3051220210955331, 0.20778940337507104, 0.2926802090369165, 0.37971977803569573, 0.40952194885661203, 0.4585472909876933, 0.3744588829362872, 0.739325949549675, 0.4374631396614206, 0.5018478341932808, 0.8662907779216766, 0.5967048898339271, 0.5540732278799017, 0.4601117306699355, 0.5201946053033073, 0.3728191535702051, 0.4779761306941509, 0.2988207479171291, 0.5523547636965911, 0.40576868780471126, 0.5834442946667734, 0.5418901580075424, 0.4204517977312207, 0.5633631291488806, 0.440191964370509, 0.304619191535588, 0.6729362169280648, 0.4323694648842017, 0.5615574132937651, 0.7621450066566468, 0.44500853721466327, 0.41667671972199494, 0.6074264127761126, 0.450450892932713, 0.4364852455134193, 0.5799718894478347, 0.44093844573944807, 0.4512214402739818, 0.40949503275064325, 0.3791144782534013, 0.3819287515555819, 0.5002036549978786, 0.40828320839196103, 0.5342925689541377, 0.4209848990043004, 0.4723901722491497, 0.5995889154573282, 0.4890348291645447, 0.40224538147449496, 0.4041539707354137, 0.8894447386264801, 0.5539901071581348, 0.47779393692811334, 0.5088918558543637, 0.572801893607404, 0.4854306034921181, 0.7153289467096329, 0.41825075075030327, 0.44572447091341016, 0.37644424225235806, 0.6932997430364292, 0.5214038136459532, 0.5819353913267453, 0.5785982765257358, 0.590326248572614, 0.48254200272677117, 0.48313763688007993, 0.5708794525036445, 0.45849399474160424, 0.5071714728688582, 0.4933639950095079, 0.5693677291274071, 0.46458339424509754, 0.44249983303822005, 0.5770117394626141, 0.4359370294958353, 0.5125783808529377, 0.5294397793710232, 0.4634723590622688, 0.5836308298211444, 0.5285156433398907, 0.4377859066789731, 0.4645339842297529, 0.6700256500570547, 0.6583545141749911]
2025-11-23 14:44:03 - fedrand - INFO - loss data:
2025-11-23 14:44:03 - fedrand - INFO - [0.8042914072672527, 0.8455393799612748, 0.8370750710706819, 0.5430578251679739, 1.0055944040191895, 0.8968509127094288, 0.6439468548558225, 1.4805390594734087, 0.598186817058386, 0.7987868829319874, 0.8793775034695863, 0.7828487559842567, 0.4683609216784438, 0.8431054940535909, 0.911224471198188, 1.1090369528780382, 0.5846221854289373, 0.8089531869405792, 0.6144038579825843, 0.5682835337416878, 0.6048461241647601, 0.46749608914057417, 0.7042184871706096, 0.6507185589936044, 0.530839295592159, 0.5551718083355162, 0.5444549733462434, 0.7702935491171148, 0.5487533919513226, 1.3356690982525998, 0.6570373845286668, 0.6038443885743618, 0.6618207033191409, 0.47923150493039024, 0.42568913373563966, 0.5624517627060414, 0.7080992758274078, 0.5207816802320027, 0.5436744988142025, 0.4867471352751766, 0.534076644019002, 0.40377633885613506, 0.39900532830506563, 1.1657470849653084, 0.4219494562210708, 0.4849159830560287, 0.601510211647976, 0.49223875751097995, 0.3956945073894329, 0.6631179580257999, 0.45868308329954743, 0.7037633046507835, 0.42239923868328333, 0.503981469778551, 0.32411736603826286, 0.636790769174695, 0.43787236481904984, 0.46816299851262444, 0.44484873112434375, 0.6311258847514789, 0.4732171830960683, 0.40387578432758653, 0.47384707196944886, 0.4371716222167015, 0.6171728832026322, 0.53630180677606, 0.5310410965105583, 0.4776374826898108, 0.4881544757102217, 0.3825509924752017, 0.3512811458359162, 0.4780192631400294, 0.44889425455282134, 0.44841794656782313, 0.42005787825641727, 0.4212014882100953, 0.5435746173773492, 0.3731066637362043, 0.3095525545844187, 0.4279632364328091, 0.567203285942475, 0.5359416870134217, 0.4329814392379646, 0.4414317011833191, 0.45215850279191905, 0.4301438119262457, 0.41833926994530923, 0.4882862427544714, 0.3662704024463892, 0.5534024741500616, 0.45874341550682274, 0.37246243112410105, 0.8306866345497278, 0.3939631327188441, 0.3963018889228503, 0.49888625244299567, 0.543732622017463, 0.49921962403588827, 0.37438486179129943, 0.4807355388998985, 0.5624449973305067, 0.44015978346578777, 0.3634044989153291, 0.39919854621544026, 0.4815119662218624, 0.42964908443534056, 0.5234710946679115, 0.5316955621043842, 0.47235266419200156, 0.4738001792381207, 0.5805470237880945, 0.521065279468894, 0.32751555735213234, 0.4475402539699442, 0.5012516762162077, 0.48167146281117484, 0.4328596707847383, 0.6963855656129974, 0.42272340816756093, 0.477890893949994, 0.4574651124088892, 0.4831892065703869, 0.46802416985685175, 0.508031350793317, 0.45585488677024844, 0.44431196863834677, 0.4421188285308225, 0.42720136077453696, 0.3824043460190296, 0.5549423098564148, 0.5492046371989306, 0.5176913288554975, 0.6766065515577793, 0.4782951641827822, 0.8038944204648336, 0.3375895991300543, 0.4253047895053345, 0.5777496708290918, 0.28066865367194016, 0.35058235387580516, 0.5798938234014945, 0.35354946603377657, 0.5149540767694513, 0.44817261852412704, 0.4840619120746851, 0.3710224777340698, 1.4414795227348804, 0.4565815615157286, 0.34680488221347333, 0.495131928473711, 0.5466185843176914, 0.5661631875804493, 0.48998857165376347, 0.39304378755390645, 0.445836476162076, 0.4596123573059837, 0.4197215288877487, 0.38081379229059586, 0.7451278024486133, 0.40479832279185457, 0.417361187074205, 0.7265188044144049, 0.5423609399133259, 0.4919100571423769, 0.4734650526278549, 0.5027325430086681, 0.5386924915015697, 0.5244767225480506, 0.5464217282003827, 0.5406781940410534, 0.7194288820028305, 0.5030155915766954, 0.4792306176753658, 0.5543590797980626, 0.4883867945415633, 0.5582254420106227, 0.4803534834128287, 0.5222630579438474, 0.5155882896811125, 0.5828717444092035, 0.48649191044803175, 0.5255529339114825, 0.5385549981147051, 0.47556313561896485, 0.6216985783116384, 0.3865184271258527, 0.5747053057901443, 0.49690407268702985, 0.6636225177596013, 0.5089468282957872, 0.5623765316338111, 0.4894771152841193, 0.4874568725270884, 0.5648249102756381, 0.5013966746628284, 0.5425868625752628, 0.5366190899908543, 0.6178118331978718, 0.5496500014430947, 0.5099579071067274]
2025-11-23 17:03:56 - fedrand - INFO - loss data:
2025-11-23 17:03:56 - fedrand - INFO - [0.9165820486488796, 2.291294754205043, 1.428820177912712, 0.8036400562240964, 1.0067521490984492, 0.7999266445375326, 1.644739754498005, 0.7762220494449139, 0.9433230362296884, 0.4799369964748621, 1.237571483105421, 2.000266610268961, 1.015392817556858, 0.7599704146385193, 1.5250050500035286, 1.5735220770041147, 1.25903809008499, 0.6854495902235309, 1.4320476464927197, 0.7388042006714671, 1.1196193264590368, 0.7051083531517248, 0.6238206867606212, 0.2166871352121234, 0.9888983452529237, 0.6791520925859611, 0.4007404579852636, 0.6314672467609246, 0.6677631165244078, 0.7135004184519251, 0.8778821190490442, 0.4423883677770694, 0.7247851274274533, 0.46984429005533457, 0.7156141287604578, 0.664889434086425, 0.5502346426780735, 0.6009902242571116, 0.5905388646394188, 0.3450117137371784, 0.485185820530904, 0.4999185751927526, 0.4633084595469492, 0.3758786739781499, 0.9645466268683474, 0.7861391908385688, 0.7199342676571437, 0.4226258687674999, 0.5910564849618822, 0.6944159185185153, 0.4940350117782752, 1.1777419220656156, 0.8182682640229662, 0.28791894065216184, 0.6644866890495732, 0.6649346421746647, 0.5540525068465929, 0.5506968294055417, 0.5340268723666668, 0.9525228834858066, 0.563095422523717, 0.49343942486577563, 0.496298193358458, 0.4180788901944955, 0.766375779484709, 0.39514086322457187, 0.5715041243686125, 0.5290604416935981, 0.38022932481198085, 0.23222994195474755, 0.6259071922136678, 0.42861610234138514, 0.48718928021068375, 0.31774578150361776, 0.4803858822636437, 0.2907641668493549, 0.8235205848967391, 0.40339924301952124, 0.6019391013043267, 0.5420758634628284, 0.2904460050343048, 0.525886519998312, 0.5391075791791081, 0.7603524294164445, 0.4273856360474625, 1.0572173744440079, 0.4353036397269794, 0.8711546022588244, 0.5196542159432457, 1.0864186721543472, 0.3614101975568031, 0.46110120943437016, 0.4383062301514049, 0.5118139863014222, 0.4418722912669182, 0.4670238389486545, 0.5665290683769343, 0.7041268895069759, 0.337606347729697, 0.43499822705052793, 0.2289473010847966, 0.5010267879503469, 0.3626252962897221, 0.2393477491502251, 1.2028278147050162, 0.6065721164147059, 0.410913442748419, 0.64359399107726, 0.5141018339587996, 0.6202947202966445, 0.5090275268469537, 0.4021740455180407, 0.6911511652171611, 0.3058277252595872, 0.5727116624514261, 0.20408103531226515, 0.2914774119543533, 0.5526036521885545, 0.416766329202801, 0.7964324706544479, 0.7475843339776381, 0.45673727889855703, 0.5247792244626162, 0.4870900268502095, 0.30367984161490486, 0.5899770418149337, 0.565075373021411, 0.3146482570806429, 0.7217526238411665, 0.7521796780638397, 0.46936942264437675, 0.6007639882154763, 0.4690190029635965, 0.5645641464910476, 0.30615766236248115, 0.7971180153079331, 0.6072013241549332, 0.43283290488396575, 0.23359475039566557, 0.39479742546876273, 0.4532039557894071, 0.6584363094481983, 0.4653824287001044, 0.7472511310130358, 0.4046240645150344, 0.5379430545749617, 0.4414919979488238, 0.49148412767265526, 0.527085454761982, 0.8084852588482392, 0.4428582794964313, 0.5645790198817849, 0.40964065777758757, 0.743398609260718, 0.625871395226568, 0.5032491104366879, 0.4566663189480702, 0.37839492658774054, 0.5571261346029739, 0.26999921988074976, 0.4694035303379808, 0.35565672932813563, 0.7248714183767637, 0.5705968384941419, 0.47277782391756773, 0.4124404583747188, 0.4537949824313584, 0.43599401060491805, 0.3573567447453445, 0.5760017593701681, 0.4594952021451557, 0.3469232435027758, 0.31156769986538324, 0.207181869695584, 0.6972870480269193, 0.8842480981633776, 0.47241141585012275, 0.5110740795731544, 0.5043481859777654, 0.4448086171575329, 0.6310371682047844, 0.5664325752960784, 0.5759391570463777, 0.4087832778160061, 0.6536955565214158, 0.5679353053371111, 0.6967489858468374, 0.45718332445796794, 0.38878852523425045, 0.6917272415012121, 0.6058557014254963, 0.5811329229956581, 0.421090625350674, 0.47958273297319043, 0.47339902321497596, 0.5831311621153965, 0.5216832914286189, 0.4024934073289236, 0.5660083280541958, 0.5021608587768343]
2025-11-26 19:06:27 - fedrand - INFO - loss data:
2025-11-26 19:06:27 - fedrand - INFO - [1.0443547467390695, 0.8656878570715587, 0.8647414348605607, 1.398979598296839, 0.845103118183284, 1.0714642090293078, 1.1856215575502977, 0.8669279921799897, 0.6021206799423557, 1.9304895043373107, 0.8846280537545681, 1.0833854387203852, 0.6664308629043045, 0.9358932015796502, 0.7497497860055704, 0.5964986716755308, 0.833069384470582, 0.44714410988421277, 1.5357421350975833, 0.7123947441577911, 0.9257619376811717, 0.7272872978200515, 0.6025202489959506, 0.8043173542246222, 0.5657940740386644, 0.7723992750048638, 0.7336285710334778, 0.8498931198070447, 0.46311200389431584, 1.183824617912372, 0.5594559646108084, 0.752131403113405, 0.698452400478224, 0.5664085771888494, 0.8195500316719214, 0.6461028835425775, 0.6184870861470699, 0.41598376806618437, 0.6895909681916237, 0.7563730583836634, 0.7327957504118483, 0.4097243961878121, 0.5210482182984169, 0.5114071438110422, 0.6725726626813412, 0.5010078360506317, 0.6530380739519993, 0.5112040084667313, 0.9663501068165428, 0.7229813388238351, 0.4775936195942742, 0.4539709549889654, 0.5943194139971693, 0.4229062449207509, 0.6842573216805856, 0.33079645657338774, 0.21217790313172513, 1.1207480480273564, 0.32481860363020976, 0.6061310724665722, 0.7126945349077384, 0.4828668980134858, 0.7600998384878039, 0.685986039331842, 0.6959585731228193, 0.31550136722367383, 0.4119371133319174, 1.6078971033294995, 0.4519760200132926, 0.46205355885904287, 0.6466915076598525, 0.37699805094550054, 0.39506629650266123, 0.23539884815554357, 0.5054370672959421, 0.5156339213665989, 0.5072480903317531, 0.34582439291157896, 0.866421160226067, 0.5861001424491405, 0.4037517490847916, 0.3576047634705901, 0.44070307136728215, 0.5072284007492738, 0.5182559692153805, 0.47911698449599116, 0.8048146837032758, 0.5455940105021, 0.41087141915371544, 0.5250576064611474, 0.39753246065229175, 0.33394173320768206, 0.4968470405214108, 0.4446249036118388, 0.39650798247506225, 0.6476395937303702, 0.37208624612213226, 0.6292026370763779, 0.43284767016413667, 0.5364617976049582, 0.5251574090992411, 0.3258121555735325, 1.180637691780154, 1.5682181105017663, 0.7927421911486557, 0.6649413470178842, 0.5194081385723419, 0.44481046383993494, 0.355599880207801, 0.6952468847235044, 0.5362794066468874, 0.5238488417118787, 0.798377563788866, 0.4009623252524015, 0.46642988840763444, 0.35161260834061786, 0.23553097397447204, 0.310079946672838, 0.4225950680100001, 0.4470491170262297, 0.48165409381573016, 0.4482556620855384, 0.6795898158103227, 0.4775988512600844, 0.5710560819134116, 0.9375139327098927, 0.6763796776533126, 0.6015932904556394, 0.541571961902082, 0.5827930653467774, 0.42056496807357724, 0.4967731345444918, 0.34533665901316063, 0.7089055528243382, 0.457803742767408, 0.6246973174813211, 0.5850614843269188, 0.4598082629342874, 0.6158733467260997, 0.4694738360742728, 0.3532689119335906, 0.6738227342979776, 0.5108957828332981, 0.7442810764679542, 0.786825767159462, 0.48978056920071444, 0.47566795662829753, 0.6610325490434965, 0.4503050551749766, 0.5146213095635176, 0.7002195798688464, 0.5089572643240292, 0.4581111254027257, 0.46377655854209876, 0.4168979934711232, 0.447458328679204, 0.5439837268657155, 0.4586494763178387, 0.6082221139508944, 0.4526859112083912, 0.5152291498102602, 0.6499715018396577, 0.622674002746741, 0.45979023513694606, 0.45474035825048176, 0.9330629383524258, 0.6030518672075764, 0.4434646871354845, 0.5779221790532272, 0.6681078414072683, 0.49679207972117834, 0.8234134935415708, 0.43861947218990993, 0.474153483659029, 0.4254386943347495, 0.6948030730709434, 0.5457892799010826, 0.6538436844944954, 0.6350017314155896, 0.6610268808375949, 0.5481005738679547, 0.5305059768259526, 0.6284114168240473, 0.5102123784265299, 0.5535859227753602, 0.5681479063171606, 0.5934324841946363, 0.5412530385219214, 0.5092254362713833, 0.5970004133880138, 0.5105823991199334, 0.5798494130373001, 0.5766268834471703, 0.5107843241301075, 0.6116611036218674, 0.5488795501681474, 0.5082024172139473, 0.5229681326631914, 0.6859308956989221, 0.6965195060604148]
2025-11-26 20:44:18 - fedrand - INFO - loss data:
2025-11-26 20:44:18 - fedrand - INFO - [0.8042384315696027, 0.8570885908757818, 0.8517952811988918, 0.553194405635198, 1.1244906697309378, 0.9050978075976324, 0.6568174733255787, 1.658135342101256, 0.6255998578973305, 0.8993765581399202, 0.9815073656290769, 0.9293673898403844, 0.571207191174229, 1.23673393619912, 1.240830820467737, 0.9780361553033193, 0.8028246510773898, 1.1761451725448882, 0.7818435507693461, 0.6664492896404759, 0.832671258226037, 0.5631149484051599, 0.9001437697511214, 0.8367187314563327, 0.6860471315061052, 0.6975667203134961, 0.6806742150026064, 0.9278068385190434, 0.6408151583029673, 1.5666581771590493, 0.7874812948517501, 0.7724926359951496, 0.7983454008187567, 0.5712464696003331, 0.5019032484718731, 0.6844967459224992, 0.8802700086186329, 0.6165023572476847, 0.6676886427083186, 0.6001827825259949, 0.6425669459803474, 0.4897899450822955, 0.4412842676974833, 1.3694742433726788, 0.513239921803918, 0.5417214269232419, 0.7157413428501478, 0.5611391880859931, 0.4481634303513501, 0.7551969674726328, 0.5145194899911681, 0.8588124688714742, 0.4778225354643332, 0.5935713747723235, 0.3741714019949237, 0.6829110154261191, 0.5010997312515975, 0.5390326961163501, 0.5001068920112, 0.7263408477107683, 0.5544248924830131, 0.48642181433619014, 0.5477518580026097, 0.48050254851579666, 0.6480349979052942, 0.5788777067015569, 0.6297259405255318, 0.530031628802523, 0.5613489019728842, 0.43984388591100776, 0.3962570741772652, 0.5572112075570557, 0.5219288657729824, 0.5150780492198879, 0.4759131671430973, 0.48162039145827296, 0.6087029582214734, 0.41599189372112355, 0.3655217572425803, 0.45057615534617346, 0.6737279175718625, 0.5998847109398672, 0.508632092737946, 0.5225038859864761, 0.5162962671098125, 0.4648708093704449, 0.4821072669167603, 0.5523043006583296, 0.41086697988212106, 0.5613208888098598, 0.5279195755720139, 0.4448417436952392, 0.969030631849399, 0.47249359923547934, 0.444538942972819, 0.5683004063450627, 0.5727288409446676, 0.5527735967768563, 0.43324912941704197, 0.5523808793889151, 0.6331158334182367, 0.4959617033600807, 0.4125657361847433, 0.46187189695509995, 0.5530772586427037, 0.5053870426312488, 0.538854737766087, 0.5926102291615236, 0.5142008029408269, 0.527634481500302, 0.6138098283112049, 0.6326505322009325, 0.37803230607539584, 0.5287349916891091, 0.5410474489621928, 0.5430493914256138, 0.500256566486011, 0.7841946892440319, 0.47252918407320976, 0.5483343350213199, 0.515513615483152, 0.5541922640469339, 0.49394545890390873, 0.5307427071966231, 0.5178766733656327, 0.48946657529244053, 0.5274959291730608, 0.4569558118883934, 0.43792141781498994, 0.6356077529489994, 0.6202883796322913, 0.5632302548026755, 0.7688950854043166, 0.5233850982040167, 0.8928506167398559, 0.38628019622216625, 0.480641194435796, 0.6329138642975263, 0.3204449764763315, 0.4049573155406576, 0.6725888418338515, 0.39827573876827954, 0.5516144881645839, 0.5449459820631004, 0.5231204248964787, 0.4276928189329994, 1.4184598475694656, 0.5417242947666124, 0.40684310408929986, 0.5578719009127882, 0.6271628100763668, 0.5981456868882691, 0.5596801455443103, 0.45330918349325655, 0.4864831661432982, 0.521691742974023, 0.4713102945437034, 0.43785693840338635, 0.7522726599127054, 0.466231245175004, 0.43814436844068355, 0.821816118227111, 0.6403456334438589, 0.5726800831552181, 0.5508770426445537, 0.5739046015909739, 0.5832008216530085, 0.5542655189388564, 0.5887224790122774, 0.61823243573308, 0.7515053873260815, 0.5634389498581489, 0.5210587437857281, 0.615896143267552, 0.5656116815975734, 0.6381723055275113, 0.5634008983357085, 0.5793595396810107, 0.5685618701169178, 0.6535395435415782, 0.5434854042361534, 0.585569866746664, 0.6495471131056547, 0.5223801470405999, 0.6710332801396197, 0.4483022991867586, 0.6223865645745443, 0.5470678739994764, 0.7308738496568468, 0.552353352184097, 0.6329444182033722, 0.5527568235993385, 0.5533317380717823, 0.6277602437883616, 0.5448074218417918, 0.5872765577708681, 0.6006767395697534, 0.6747250637660424, 0.6248679152793355, 0.5766046204417944]
2025-11-26 22:13:34 - fedrand - INFO - loss data:
2025-11-26 22:13:34 - fedrand - INFO - [0.9161079171158019, 2.290056310071234, 1.3720635722080865, 0.81369701169786, 1.0202784637610118, 0.8038415225712876, 1.6407697200775146, 0.8302395053207874, 0.9647465822061683, 0.5045347427151032, 1.297325419075787, 2.206381328273238, 1.058558544350995, 0.7273447755724192, 1.665877644220988, 1.7230692863464356, 1.35665169544518, 0.7401604045803348, 1.7322292191286883, 0.8553961561298837, 1.3202086811264355, 0.9157305106029405, 0.8147366482477922, 0.36568921208381655, 1.348721519984, 0.8476369610677164, 0.5550671401791848, 0.9803611201544603, 0.6983623146487955, 0.927348135287563, 1.0960822026519215, 0.5571827268848817, 0.9011376131009432, 0.5493572595218817, 0.8321736578653061, 0.8104920332275686, 0.6527001807200057, 0.7270979752764106, 0.6802750060781401, 0.39073710756465085, 0.5673605369305925, 0.5746213124770867, 0.5533676001997221, 0.4676921719419105, 1.1430358305263022, 0.8863131777900789, 0.7960147389343807, 0.4646680389220516, 0.7845518472449233, 0.7477826270402647, 0.5865226536989212, 1.3694063276052475, 1.0568938047314682, 0.3229871675061683, 0.7887822354833285, 0.7618511297246989, 0.6796778634302598, 0.640573846641928, 0.6720917448401451, 0.9598186114116719, 0.6356981373081605, 0.6016113662057452, 0.5764695847263703, 0.4737097941339016, 0.8554455063616235, 0.4684343690089151, 0.6795052958604617, 0.6063816435430404, 0.470899608961883, 0.29160422095141947, 0.6716468186014228, 0.48775599061378416, 0.536280648658673, 0.4075287532371779, 0.5640091887560853, 0.33914004287992916, 1.0102362026061331, 0.443230716245515, 0.7792147939936036, 0.6777026818266937, 0.3382158100605011, 0.6774117581546306, 0.6014661001041531, 0.7981415270931191, 0.4660434498449316, 1.0358090624213219, 0.501138616060572, 0.952424615693207, 0.571182922486748, 1.2493349785606067, 0.39475458204970326, 0.5607234473029772, 0.4909554967656732, 0.5732320370773474, 0.4600701928138733, 0.5315348564058935, 0.6576857334166242, 0.7620272214214008, 0.3903739487654284, 0.4864796512449781, 0.27539963709811366, 0.5588954552594159, 0.4185091984147827, 0.27023190623149274, 1.486198536790254, 0.6066462745269139, 0.45639159497069687, 0.7429000923508092, 0.5616952644350628, 0.7185575515031815, 0.5107229783066681, 0.4539247643202543, 0.768570979932944, 0.3293171197020759, 0.6304993217190107, 0.24184527304023504, 0.3108591807074845, 0.6745236314833164, 0.48295804113149643, 0.8442362232754628, 0.7889366938899725, 0.4915465715030829, 0.6202883376381718, 0.5500413225415874, 0.3774281019965807, 0.625348942491569, 0.6540409149492488, 0.3446061558844078, 0.7574820805961887, 0.8638211623765528, 0.5115625796573502, 0.6406313247280195, 0.5482444183425865, 0.6127003013503318, 0.37442692375431463, 0.8707565716467798, 0.6562654334001052, 0.5036512824597388, 0.26146567361429335, 0.44835017997698456, 0.521265650788943, 0.7732454914795726, 0.5790387187153101, 0.7327764260272185, 0.465588315948844, 0.6692247281179708, 0.4905351470296199, 0.5205444988927671, 0.5478317527721326, 0.838023307441901, 0.49744568094611163, 0.6633913623169064, 0.44782085716724396, 0.7367699630558491, 0.6783802197314799, 0.5487277283954124, 0.4831401160607735, 0.39463162670532864, 0.6290354122097294, 0.29566614671299857, 0.5129953291089762, 0.4362845400348306, 0.7998125659922758, 0.7074186010729699, 0.5551655268562692, 0.45566460664073627, 0.49387040886243705, 0.483539230003953, 0.4031565669266617, 0.6225611259539923, 0.559830471435014, 0.39126415438950063, 0.3454430289566517, 0.23771158015976349, 0.6985846353073916, 0.9220803724867958, 0.530449984388219, 0.5664786147574583, 0.543861216998526, 0.48923722946030257, 0.6544800996780396, 0.6076576839518416, 0.6094584162347019, 0.47133412549183484, 0.7163105667347, 0.6716599789758524, 0.7615303744251529, 0.4971235913964098, 0.42022786055709804, 0.7512991474941373, 0.6789742958311941, 0.6417914938359033, 0.4676273783047994, 0.5093004078819201, 0.5398546581466993, 0.6627488199334879, 0.6143537196848128, 0.381416629999876, 0.6444740555225275, 0.5350332433978716]
2025-12-18 11:45:47 - fedrand - INFO - loss data:
2025-12-18 11:45:47 - fedrand - INFO - [0.46021397316900015, 0.9947325963526965, 1.0535304945376185, 0.9167785007845272, 0.874401502062877, 0.8273048530022302, 0.5943307707707087, 0.9429682391385238, 1.284924390302463, 0.7713963738219305, 0.7525048600509763, 1.1496576570239463, 1.0928931564572408, 0.6790011735633016, 1.3173944007318754, 0.9736611642357376, 1.9024547282606363, 0.8396162832776706, 0.8756237914164862, 0.8780907613761497, 0.6621983176718156, 0.7772643039623897, 0.38587011185785136, 0.5360844833155474, 0.6822647036674122, 0.627297708121213, 0.970877444938473, 0.8296165051870048, 0.5017788401494424, 0.40464197662235657, 0.5311548021500525, 0.5893104489406814, 0.6970064105466008, 0.6829889350994067, 0.4280941542237997, 0.5949861336584118, 0.25446845792108574, 0.6395502377047457, 0.5470460022705188, 0.4450729089478652, 0.28028338664354613, 0.6419257903471589, 0.5136787978537155, 0.5464634039749703, 0.46488525345921516, 0.3895040713095417, 0.5200598824823248, 0.38274379092819377, 0.5450524318963289, 0.24344438946021515, 0.48359779122595986, 0.4531221639555998, 0.3163699470460415, 0.5118812094132106, 0.3571350447057436, 1.058202193491161, 0.49042875963525895, 0.4746544621884823, 0.48287776050468284, 0.5757425657163064, 0.49526924130817257, 0.3937633806887345, 0.23345546595414934, 0.526783762127161, 0.37115716430812307, 0.3993290396123801, 0.3220107432842876, 0.559702161235222, 0.360310447247078, 0.3454177087850191, 0.5484418841078877, 0.5689480099827051, 0.39233222727974254, 0.43031487918148437, 0.4227452236862684, 0.3877520645968616, 0.456414179255565, 0.3488011428369926, 0.4443243367597461, 0.5184263532360395, 0.45715900274614496, 0.38806903711520135, 0.200964023986494, 0.3364808363219102, 0.269665296740221, 0.5727095275228336, 0.36732934616421437, 0.3919998774304986, 0.5173089449604352, 0.3211539869196713, 0.32912401955885195, 0.3873110982094172, 0.4218174527088801, 0.32058324425926676, 0.6310837571819623, 0.3536398393412431, 0.6037277410427729, 0.3841108810156584, 0.45183790274378327, 0.48925057997306187, 0.28985145522713446, 0.5765808531704049, 0.8138889312123259, 0.4049453037480513, 0.5325946009839359, 0.33984780727575226, 0.38572950356950364, 0.2973777894038653, 0.5189602709892723, 0.44881854082147277, 0.405362030894806, 0.5074285598866868, 0.2868913636692107, 0.3564575041827718, 0.2788359216103951, 0.2125399979082151, 0.27635099935966234, 0.3552665395089067, 0.41426784529661137, 0.440755853178696, 0.36843618558098873, 0.6282784524891112, 0.3788617217047358, 0.4040375480117897, 0.6956482095361659, 0.5924995330886709, 0.5129419375521441, 0.5131407453782029, 0.5041499742306769, 0.3647252798701326, 0.4828866458394461, 0.24121225059916002, 0.4703727158520258, 0.2827655443456024, 0.542148489318788, 0.4644149478355592, 0.3952408434512715, 0.5962491457660992, 0.4461438573586444, 0.33610581733907263, 0.4595696945904174, 0.38049493730068207, 0.34251090810777474, 1.1154159353011184, 0.45372483444710576, 0.4008678511405984, 0.5164889295895894, 0.4866765423085202, 0.3855336470556432, 0.4838569208358725, 0.4803662127603523, 0.40919860957476956, 0.4556050595851281, 0.28225821951248997, 0.3669387422089756, 0.43849814172947044, 0.4611899486432473, 0.45146360646646755, 0.4026177345808198, 0.4901187900453806, 0.5667001100257039, 0.4506563470219121, 0.35206895911445224, 0.40016757789999247, 0.9243739233775572, 0.5298269199828307, 0.425593265104625, 0.5223429658309077, 0.5467643671979507, 0.4953148860484362, 0.6383951663111265, 0.41934975332755975, 0.46010094148417313, 0.36678301151032033, 0.7126516534015537, 0.4854499620695909, 0.668426746254166, 0.6149861745536327, 0.5465979542105626, 0.4443463745216528, 0.46877362768758424, 0.5093875617648547, 0.41037823788144373, 0.4305644460882132, 0.3902003754295044, 0.6874043781958197, 0.3910507081697384, 0.33694010098966265, 0.6347796878673964, 0.387792303328487, 0.577391542866826, 0.48548156656324865, 0.4493040185421705, 0.654028598840038, 0.46363576866972905, 0.35844656825543214, 0.48064392258723576, 0.7755770042538643, 0.677692857881387, 0.5660783751557271]
2025-12-18 13:02:25 - fedrand - INFO - loss data:
2025-12-18 13:02:25 - fedrand - INFO - [0.7136934552719627, 0.9258244022727012, 0.7417455097579437, 1.0104321790238222, 0.7540505747000377, 0.9291402772068977, 0.9083823667080315, 0.8376214595229337, 0.8186608098802113, 0.816844520745454, 0.6889089267766898, 0.6945175906377179, 0.47783953125278156, 0.540962212185065, 0.7318530522838786, 0.6874371341050223, 0.570596959228101, 0.6527821536486347, 0.807105681548516, 0.4267922855168581, 0.8030480455268514, 0.6029370906452338, 0.6156389358556933, 0.5132486751246633, 0.3708463166529934, 0.5220335487953641, 0.5242937729866416, 0.5347454912132688, 0.6518840710322062, 0.3875573677942157, 0.4321848447538084, 0.5961500989894072, 0.4535816702163882, 0.38143903243320965, 0.49114344781005964, 0.49930531832699976, 0.47119023979951935, 0.5072377066783331, 0.4248456644101275, 0.4635226039296907, 0.36958630399571524, 0.3709793194507559, 0.7047266079409218, 0.39468398691573436, 0.4416451076356073, 0.5846384033560753, 0.45812725339254196, 0.36659018689145645, 0.5967198370306781, 0.40804353869032295, 0.5467631086707115, 0.4020594736354219, 0.47086048588777585, 0.30835226134167637, 0.5401333665305919, 0.4356326304376125, 0.4328333283464114, 0.3871980259070794, 0.5896672467390696, 0.4644382239629825, 0.3858151331681896, 0.46260977677549375, 0.40993953989818693, 0.5293343861091446, 0.4821316578558513, 0.4672924373476278, 0.4247029835866256, 0.44361914369443856, 0.34865160547196866, 0.2813267033857604, 0.4388104281077782, 0.3848784421358935, 0.4473071747769912, 0.36725299138575795, 0.3947981172862152, 0.502894720269574, 0.3805132851159821, 0.26750778860911945, 0.3859500750899315, 0.5852204948663711, 0.47206921793554946, 0.4205271779249112, 0.4233309676757816, 0.447050882379214, 0.3645781129753838, 0.38462665559103093, 0.43590379333631557, 0.3045339762233198, 0.49142702060219434, 0.4357638676409368, 0.30097206531335474, 0.7281928604309048, 0.34484508606708714, 0.3926525657065213, 0.44371616281569004, 0.49026786658743565, 0.4690615868402852, 0.3578351488336921, 0.355010250562595, 0.5009253113107248, 0.4104511949544152, 0.3479714290210695, 0.33532470047022356, 0.4226836122986343, 0.4138644006103277, 0.48365977769052343, 0.5072822087892779, 0.43964294099220724, 0.4609253678781291, 0.559777393866153, 0.448710464899029, 0.3419427325328191, 0.42196489994724595, 0.4923815271920628, 0.4173006852467855, 0.40529933994015055, 0.673914706975064, 0.40112559292042116, 0.41531211314138006, 0.4240509295215209, 0.44897069504691495, 0.41093190863135864, 0.45588096990471794, 0.4084702767262405, 0.4347147776931524, 0.37145903290559845, 0.3993522396311164, 0.3123024710737493, 0.45156265407179796, 0.4283795860354547, 0.5363718642473773, 0.5229921005666256, 0.4160352292160193, 0.7516157455328438, 0.32696434476723274, 0.36039730945997167, 0.5018324862751695, 0.3022094014411171, 0.3311336666345596, 0.5106448991167726, 0.3330909216074624, 0.42319358893386694, 0.5050069611657548, 0.41069696652702986, 0.3677111445988218, 1.078902003588155, 0.41027347772297534, 0.3226305102929473, 0.45490626779695353, 0.4873515045778318, 0.506985377973665, 0.465311198474162, 0.39321718349431956, 0.43543597056219974, 0.41014436883851885, 0.40230199542517464, 0.3505498379096389, 0.6626980385605108, 0.392757899133545, 0.4131205686678489, 0.6219886286211187, 0.4851772413071659, 0.41887321861253846, 0.46332587748765947, 0.4582042423249395, 0.4682142693549395, 0.46645505408135557, 0.4679427891969681, 0.6050987446769363, 0.5586308556975741, 0.386650049449368, 0.4185907097476902, 0.5117352699240049, 0.4890387260389549, 0.5244508667538563, 0.4745106152879695, 0.4776681887968961, 0.45849863638480504, 0.5655202070996166, 0.4681430595616499, 0.5655810068276795, 0.5997881065788013, 0.42695010444464315, 0.5637418187961176, 0.4240241727481286, 0.4859405383467674, 0.5151959120295941, 0.6173430827756723, 0.5433006926439703, 0.5180866909772157, 0.4719049141362861, 0.4513011647871247, 0.5114445860497654, 0.5006824852208849, 0.5180447595814863, 0.5206489178041618, 0.5466004774651744, 0.4827508737869335, 0.4791787332544724, 0.5293889344669879]
2025-12-18 14:12:30 - fedrand - INFO - loss data:
2025-12-18 14:12:30 - fedrand - INFO - [0.8245363280177116, 0.6709673086897685, 0.8646272618662227, 0.8812718486785889, 0.8521001164683666, 0.6638750327751041, 0.756049334822279, 1.4753859577079615, 0.6165401536971331, 1.6755150710542996, 1.9907737647493682, 0.7908915455524738, 1.3104761689901352, 0.7970804788172245, 1.0611076805988948, 0.8041006227673003, 1.221706982444112, 0.9607049764030509, 0.665544924252864, 0.7379480377867305, 0.7056685095796218, 0.6635511385897795, 0.5361272799127079, 0.7960206179569165, 0.5902638673782349, 0.6186264564593633, 0.46650998340919614, 0.6397130084534486, 0.4819839332539302, 0.514834126457572, 0.4521467685837437, 0.5266416148593028, 0.4998702293572327, 0.6740502876540024, 0.9418182310958703, 0.7576984142651781, 0.4465145570426009, 0.4142292221434988, 0.4812617291463539, 0.3047155366356795, 0.5323694406398412, 0.5428646186987559, 0.36733952391095404, 0.2533460060755412, 0.854796149436328, 0.39598730465975296, 0.5693720589081446, 0.8265743952865402, 0.8786164752207697, 0.6382341876626014, 0.6043692057331402, 0.5482864061680933, 0.1334380162472371, 0.6122868499408166, 0.3560853519166509, 0.7603832423686981, 0.4473505941530069, 0.5040993499687348, 0.35120086861705335, 0.3521941311729069, 0.2917656122396389, 0.4113082918449643, 0.45776862644336436, 0.43153697202603025, 0.5489971545835336, 0.4203465963539202, 0.5402493452377342, 0.4214232026909789, 0.4431322522461414, 0.4260139077436179, 0.4016893034800887, 0.38206745746235055, 0.35489146605444455, 0.40921379024318105, 0.3467137345252559, 0.36490645369825264, 0.45158413792649904, 0.3081734150686922, 0.5143079596882065, 0.44761617660693737, 0.34422496294207644, 0.30227133285392216, 0.33136944481620084, 0.2827835198336591, 0.3675418849786123, 0.3936166021584844, 0.48344602206578624, 0.43067074107627074, 0.39071577288783516, 0.7860589344439834, 0.40189492519324027, 0.4536453288048506, 0.46269630290229213, 0.38817051223789656, 0.26857294198125603, 0.34952663279837, 0.36518306865163164, 0.36711930446754926, 0.44990780006981257, 0.3520004931503329, 0.36862153746187687, 0.6617730671167373, 0.43367640553758696, 0.32986576477134666, 0.3865065486480792, 0.36718667205423117, 0.5132526688277721, 0.42562835736152455, 0.3855719023663551, 0.4321740809828043, 0.2255907493721073, 0.449321442656219, 0.37371284390489257, 0.41489715809965955, 0.20012872726656497, 0.2197414272154371, 0.5818727479937176, 0.44275287725031376, 0.6552912523970008, 0.4522857942680518, 0.4406865272050103, 0.3719804857422908, 0.4237934541888535, 0.2730808134501179, 0.4845799705634515, 0.42895955995324697, 0.25322324016855824, 0.48008255938378475, 0.5634885435303052, 0.45565035927655373, 0.4515604929998517, 0.4036911466966073, 0.46766822164257366, 0.19629939863225446, 0.6135462998102108, 0.4994370342452418, 0.3384217866510153, 0.20221505569449316, 0.37084625201920673, 0.41032246661682925, 0.40676695822427666, 0.36157831038193156, 0.6234717308875473, 0.31046299636363983, 0.43777718119549025, 0.3644819306530829, 0.41573195473590807, 0.5072351657164593, 0.6375922050575416, 0.39761648706064145, 0.48185797926271334, 0.37854839570610127, 0.720310199693158, 0.5717379177610079, 0.5017915362802645, 0.38300860130305714, 0.3237074428082754, 0.45619077840819955, 0.24552683539222925, 0.40558825177140534, 0.39387771089871726, 0.47589750004311404, 0.45471768733803875, 0.38350587502052935, 0.44450147859752176, 0.40610431044672923, 0.3905846135690808, 0.3158848567710568, 0.4737733809448693, 0.3487439007946739, 0.44783385625729955, 0.29210103874405224, 0.23183047967031598, 0.5464183371281252, 0.6698316825400613, 0.4519135440389315, 0.5522275656461716, 0.4860413674679067, 0.41984985501815875, 0.6512429649631182, 0.45915126886632707, 0.5419290762394666, 0.3420837196762915, 0.6154769325479009, 0.6564532969146967, 0.6795754493524631, 0.4003422414263089, 0.34528886365393796, 0.6786828751054903, 0.6103746343404055, 0.514576166049883, 0.3682983022654194, 0.4873939341306686, 0.5212872320553288, 0.5668503868455688, 0.5940279359618823, 0.3727397758513689, 0.6000173887385366, 0.4510739947358767, 0.6134099566123702]
2025-12-20 05:19:41 - fedrand - INFO - loss data:
2025-12-20 05:19:41 - fedrand - INFO - [0.4707012456626846, 0.99680415901045, 1.0575895147191154, 0.9046672216870568, 0.8801757893835505, 0.8252511498828728, 0.6064348580936592, 0.974308312435945, 1.5676627595993606, 0.7516765364191749, 0.7443216039799154, 1.1334368049980623, 1.0928494368679822, 0.7250878082588315, 1.3670089310751512, 0.9979036389125717, 1.9829417020082474, 0.874780310690403, 0.950706390539805, 0.9769802961611387, 0.7413022680828969, 0.8696642900506655, 0.4442021278043588, 0.6385123098889987, 0.7792761036505302, 0.6407091536474498, 1.2065872258466224, 0.9585161093622446, 0.5737448251495758, 0.48410610448230396, 0.5989118804318317, 0.7449357342784819, 0.7487584212286906, 0.7751662482366417, 0.5034915893959502, 0.7261908172883771, 0.28965400719048023, 0.8564843391491608, 0.6781498644734927, 0.500391736564537, 0.3233362196446158, 0.8360465788282454, 0.5932094455329757, 0.6290382787585258, 0.5180355968574683, 0.45811436899627245, 0.606587193182845, 0.46384085318068746, 0.6269506277206043, 0.3150994548284273, 0.5744575393696626, 0.49604277106431816, 0.3597250303874413, 0.5771623883396387, 0.38618688243441285, 1.3157916340976954, 0.5434276632391489, 0.5570380928164178, 0.5489343617224332, 0.6315797352128558, 0.5682623021543408, 0.4447231920674825, 0.25513116801306845, 0.5894999228417873, 0.4183944231233536, 0.41706531979751005, 0.34911197880282996, 0.6090507461217003, 0.4188115203132232, 0.382742258408248, 0.6036098294580976, 0.6819571958233912, 0.4403065228834748, 0.46797167727102834, 0.4541503652210601, 0.45553845167160034, 0.515573349967599, 0.3964997535905777, 0.46525683340926965, 0.5894936682035525, 0.5405039283136527, 0.46545837324811146, 0.2265666544601584, 0.364750458051761, 0.3319674201632062, 0.6943615133112127, 0.45831011701375246, 0.41171283200383185, 0.5504089614997307, 0.3707882259041071, 0.373715169991677, 0.4433657261153627, 0.45244580718378224, 0.36362283124143013, 0.6531009897589684, 0.3783738102763891, 0.637665332108736, 0.437829070414106, 0.5058511106504334, 0.5415007604906956, 0.3210843489343381, 0.6999883652975162, 1.0062456220388412, 0.458156171751519, 0.6070279176792372, 0.4036008348067601, 0.4443842180073261, 0.34766758858374713, 0.5896262787282467, 0.5103574732939402, 0.4655190177261829, 0.5754045728481176, 0.325458512091651, 0.3844179882893734, 0.3395755143370479, 0.23244689311847114, 0.3349466637087365, 0.3867434851395396, 0.4557050116515408, 0.4600798957622968, 0.405443090138336, 0.6092983107599947, 0.4307265011874031, 0.43826880510896443, 0.8272254885823438, 0.625348442627324, 0.5828057678416372, 0.5512428991910484, 0.5828418726411959, 0.40151404477655883, 0.5229259278211329, 0.27578104133658016, 0.5163038762116974, 0.3571898531168699, 0.5942263010889292, 0.5424243440343575, 0.4455446220313509, 0.6621325420836608, 0.4757355218986049, 0.36279672402888535, 0.4959758667734222, 0.4448908127844334, 0.4094642447307706, 1.2847545072436333, 0.4992625826348861, 0.4280909515917301, 0.5959479035458703, 0.5210253114106529, 0.4677788934413938, 0.5218129647895694, 0.5625096527986567, 0.4783703757163424, 0.4911884134157728, 0.3449690544070342, 0.43055353351968084, 0.47906563084459663, 0.5043868130693834, 0.5114429772186737, 0.4702621650083263, 0.534478848427534, 0.628781828035911, 0.5330034343582211, 0.40190070575724046, 0.4705297377581398, 0.9951208233833313, 0.6388981101413568, 0.45487868500252565, 0.6007600310738339, 0.6171027418226004, 0.5269858047366143, 0.7202464365042173, 0.4415697576505119, 0.49848998255199856, 0.4166617561779592, 0.7241573284069698, 0.5298137456178665, 0.7149155611793201, 0.6695232667028904, 0.6218532874416083, 0.5157728076936343, 0.5479243043245692, 0.5856963218404696, 0.4757834721130855, 0.48344774769666865, 0.45523928909503913, 0.6891256558870815, 0.43719470575451846, 0.41727542518996275, 0.6829870951672394, 0.4586015077477152, 0.6581441335380077, 0.5457482103258371, 0.4975950753937165, 0.6998010349770387, 0.5126481456602485, 0.42313254317029925, 0.5421141336361567, 0.8269909478724002, 0.7471962618331114, 0.6135663575182358]
2025-12-20 07:18:32 - fedrand - INFO - loss data:
2025-12-20 07:18:32 - fedrand - INFO - [0.7138114917105522, 0.926230130592982, 0.7555640934386115, 0.9925446977217991, 0.759369133040309, 0.9428347578203236, 0.923764683968491, 0.8681774290222111, 0.867643444192788, 0.9287726672711196, 0.7899885402689426, 0.7938202487216109, 0.6295291163027287, 0.6604298784997729, 1.0128225055005815, 0.8834171289302133, 0.8428355681766635, 0.8597646983961265, 1.020647829771042, 0.49536437744895623, 1.0219427511096, 0.7429958286384741, 0.7826684256394705, 0.6363820314633124, 0.4681046639879545, 0.6640338029373776, 0.6715115307657806, 0.6469231231721362, 0.7606027647852898, 0.4834246035665274, 0.5432328435488873, 0.7358592527884025, 0.5513200636125273, 0.44110002663952336, 0.6087130610520641, 0.6582176640008887, 0.5608312414338191, 0.6015534657984972, 0.5226715500156085, 0.570702447520866, 0.46933837052848604, 0.4275638836591194, 0.857841367367655, 0.45786673396393873, 0.5144158801684777, 0.6935045051078002, 0.51627074055035, 0.4215929563260741, 0.6950049082212376, 0.44778440027009875, 0.6058698936365545, 0.4673676826266779, 0.5519841000748177, 0.35913822112092075, 0.6593270076366213, 0.4998688315351804, 0.487330899660786, 0.4435899962981542, 0.6832948005033864, 0.5345740040695226, 0.4799583265212951, 0.5321399419935364, 0.4818476298203071, 0.5699076175496176, 0.5284103450202753, 0.5479210286090772, 0.46772129744968627, 0.5034249742399362, 0.3961908465251327, 0.32618246669881046, 0.49512492536256714, 0.4778473378921097, 0.5137180409083764, 0.41687701251357795, 0.4599087127794822, 0.549960242377387, 0.40904079728449383, 0.32254342756409576, 0.4346965134888887, 0.655479800204436, 0.5513820373711901, 0.48069934596618014, 0.4820363365903948, 0.5241806405285994, 0.4092016658124824, 0.45206108782440424, 0.5000888664388295, 0.36080348221585157, 0.5315783920564822, 0.49635917776160776, 0.3772533811844777, 0.8248451362337385, 0.41433941033427363, 0.4488934640255239, 0.5130657472958168, 0.5448733335572549, 0.5377458994587263, 0.4174691107434531, 0.4279839066167672, 0.5822548055964889, 0.4604423562375208, 0.37714424010253317, 0.38164324670879524, 0.5023551321967884, 0.4781502168625593, 0.500717316355024, 0.5660819109943178, 0.47109501746793586, 0.5259399440139532, 0.5587442451289721, 0.4956352031656674, 0.37865424454212193, 0.4910254254937172, 0.5555390488908247, 0.4870905539641778, 0.47181030114491784, 0.740410722811859, 0.457084717948667, 0.4650822755717185, 0.4798943336915087, 0.5355836105843386, 0.46881102745167236, 0.4848272559366056, 0.4535444192926992, 0.4981377747903267, 0.4487538010088934, 0.441017218430837, 0.3617253007610207, 0.549606116147091, 0.5064336853860705, 0.6045911808222256, 0.610721106082201, 0.46996937288592255, 0.870846833412846, 0.35171048839886987, 0.41947341747581957, 0.5584761952084523, 0.3342151454339425, 0.38403443853681285, 0.5542661591574098, 0.3743631174760884, 0.4723641617188913, 0.596179101685131, 0.45532679092139006, 0.4206924967716138, 1.1442908784374595, 0.46365746239369565, 0.36216648357609904, 0.5332194313406944, 0.5383806213397871, 0.5443153677794038, 0.519182210745798, 0.44334811270236973, 0.4820406305914124, 0.47927236094449954, 0.4443504538076619, 0.3941903118416667, 0.7633423864565514, 0.44899452573648, 0.439611911658375, 0.7025412893057733, 0.5576082776818011, 0.47237851834959455, 0.5361124052355687, 0.5267360941541416, 0.5200203217242075, 0.5364356895184351, 0.5406145873583026, 0.635245824214958, 0.617297423721263, 0.4842952207746831, 0.4518761914392764, 0.5543195861081283, 0.5331841863691806, 0.5775678175191085, 0.5415427951763074, 0.547357347017775, 0.5187956446160873, 0.619954244568944, 0.5253598826626936, 0.609412452375347, 0.6732624034796442, 0.4823872838259319, 0.5984231559680654, 0.48739113186796507, 0.5475175041291449, 0.5706564284861088, 0.6536173981924851, 0.5745890031258265, 0.5809986367821693, 0.555964378743536, 0.519233982320185, 0.598779097571969, 0.5577029929737802, 0.566866154126499, 0.5634026111414036, 0.6300224915824153, 0.5740668120408299, 0.541284045825402, 0.5930612854038675]
2025-12-20 09:23:13 - fedrand - INFO - loss data:
2025-12-20 09:23:13 - fedrand - INFO - [0.8263060877720515, 0.6793323112126344, 0.9046528497880155, 0.8824471661448479, 0.8700444903438804, 0.6738088702782988, 0.7657792166326985, 1.509355747451385, 0.6247803419828415, 1.6976856842637063, 2.045761302113533, 0.8114836391730187, 1.5692098736763, 0.8537579463173945, 1.5556286267439525, 1.0427303497989973, 1.220737522926468, 1.3352272763572357, 0.768703597242182, 0.8989369900062166, 0.8911373587755056, 0.805233500401179, 0.6786099551038609, 0.9915035429100196, 0.779433185263322, 0.775114132463932, 0.5822639863938093, 0.7953999772667885, 0.6365600236333333, 0.6592830739915371, 0.5492888639784521, 0.6550708275288344, 0.6803930300908785, 0.8782176839808623, 1.396067284544309, 1.1351386904716492, 0.5358856984903702, 0.5627603593927164, 0.6123084279242903, 0.42837503229578333, 0.6361948730445456, 0.7825461549063524, 0.45599105323622513, 0.35382850454188886, 1.2014536820634296, 0.5087084712653325, 0.6818022921681404, 0.9996703868731855, 1.04606495903184, 0.7086525211110711, 0.6917622153957685, 0.6894253933336586, 0.16118407055037096, 0.7248753388722737, 0.4148978813049885, 0.8730849492549897, 0.5299501188099385, 0.5851720004074875, 0.40653181871123334, 0.46360431654820555, 0.34746786889930564, 0.49668907561890324, 0.5371390349485657, 0.5156012622639536, 0.669830664123098, 0.506587058166042, 0.659226947636516, 0.5587664373219012, 0.5083171859383584, 0.4720543563753987, 0.45064285638121265, 0.4531301666051149, 0.4489116575879355, 0.4725235531106591, 0.403982093706727, 0.43650513238584, 0.5409621131171782, 0.37268640395098673, 0.6008820286889871, 0.5177504451709918, 0.3984926393920374, 0.36072541207971953, 0.39546576741668915, 0.3277582122633854, 0.43379562261203924, 0.41742562418803575, 0.5775807628837916, 0.5033100181569656, 0.4266812151823288, 0.8948823645967863, 0.44199254506578045, 0.4737514064957698, 0.5016662173763369, 0.5047826199637105, 0.3106735309585929, 0.38768073595905056, 0.40707226814251085, 0.4386623352337843, 0.4981414392364748, 0.44559084728360177, 0.4207275841074686, 0.7051644353568554, 0.5110715547242226, 0.38243561213215194, 0.4694192707538605, 0.43613605270162226, 0.5817576870322227, 0.49603007272458993, 0.46930975034832956, 0.5004892899344364, 0.27240726265590637, 0.498045048614343, 0.4174681143835187, 0.5283664023054058, 0.2216146294105177, 0.28681660468379655, 0.7501339196227491, 0.4279116776306182, 0.7287622663051342, 0.5503702860201398, 0.47695882121721905, 0.4495816937151055, 0.4990477257718643, 0.30504549926629776, 0.5419514428824186, 0.5189326015268934, 0.2866187611318849, 0.6058908440172672, 0.6415168650448322, 0.5155421435918616, 0.49193886200276515, 0.4969770460575819, 0.569349854812026, 0.2681525908255329, 0.646864889934659, 0.606602294743061, 0.41141792317231496, 0.21438770310487598, 0.4278481821840008, 0.4661939067378019, 0.4957818465307355, 0.4074779241811484, 0.7004846091585597, 0.3564932307849328, 0.4841039029712027, 0.43277118403336096, 0.4759227458514974, 0.6142803203314543, 0.7351616981377205, 0.4453199603477086, 0.5404884742262464, 0.4202226780378333, 0.7948443456129595, 0.6281301215291023, 0.5233764718325498, 0.4649353920171658, 0.397703173259894, 0.5415047890506685, 0.3047543882858008, 0.43381390082649884, 0.43176705089087286, 0.5679517045617104, 0.48632101717370524, 0.4483422223409569, 0.5051820494855443, 0.49995534494519234, 0.4620777200907469, 0.34615329217631374, 0.5478673095375984, 0.41937368652886814, 0.4543512795120478, 0.3279384509970744, 0.264050433319062, 0.5632525141506145, 0.7677660040774775, 0.4948027060056726, 0.5810174025595188, 0.5557235911902454, 0.48215766201416654, 0.8248314941922823, 0.5527204855172723, 0.6475743139783541, 0.4219872139670231, 0.6777823174565003, 0.6837912675924599, 0.7550976807872454, 0.45183766583601637, 0.3913547657430172, 0.746239190750445, 0.6926136938234171, 0.5613721657501555, 0.4153870263661461, 0.534881201684475, 0.5513585554435849, 0.6770103428140283, 0.5371091114977995, 0.41226145885884763, 0.7245781122148036, 0.4780152170298, 0.6465648812326519]
