2025-11-06 17:44:05 - fedrand - INFO - loss data:
2025-11-06 17:44:05 - fedrand - INFO - [0.6905579866694385, 1.5442949291318655, 0.8768364559785993, 1.318743484094739, 0.8645585055152576, 0.6571399051020717, 1.4909785789878744, 1.0804444675644238, 0.936083302522699, 0.9895221607552634, 0.6834180900126395, 0.31290447259558724, 1.1450912408530711, 0.7344715331735856, 0.2729217939130548, 0.9559116537372272, 0.6892217342845268, 0.5351378832322856, 3.687469244003296, 0.6539200161309803, 0.558109929971397, 0.29432514970034795, 0.5399186606208484, 0.5739261803819853, 0.4983145358445852, 0.37338662658988503, 0.3235186956279601, 0.5997102008356402, 0.5374218714733918, 0.5403946279548109, 1.0056686028838158, 0.3794121788607299, 0.5358953495820363, 0.4466862058217981, 0.4608564072288573, 0.3823452886568536, 0.42735767984303874, 0.5278666653980811, 0.47162156812030137, 0.24228627142417555, 0.4648293383419514, 0.21310361937595235, 0.311844240243469, 0.3764443101430568, 0.9777256057908138, 0.8772402195369495, 0.37631119702321786, 1.191843434702605, 0.4812746354214409, 0.5942601253588994, 0.5954575410076217, 0.28777903118048254, 0.5096945506520569, 0.37126605575414084, 0.7504115618765355, 0.8952510894741863, 0.30281350943014806, 0.36125381714419313, 0.4264860278616349, 0.35501645127017245, 0.13882423225621426, 0.46730137297519203, 0.4012458308289448, 0.6210815235972404, 0.4133854419536268, 0.7524923621676862, 0.4531355261802673, 0.43433230831895187, 0.6232685312628746, 0.46738761505112053, 0.7563140739997227, 0.2411537421239902, 1.066426997018211, 0.3650917277711889, 0.45368900566416626, 0.41758811138570306, 0.410343024879694, 0.5140710687666548, 0.6833684183657169, 0.3727576293635602, 0.46040997763766967, 0.18893256047481877, 0.47252679482318355, 0.3503515726421028, 0.3570432899675022, 0.48343439544940325, 0.47315908257539074, 0.46439854519954626, 0.21372606030567304, 1.184733667721351, 0.7066221684217453, 0.5846928196648757, 0.3811285254390289, 0.2111351229185756, 0.22708548181613686, 0.6848934915957643, 0.5183862541966578, 0.5656032658492525, 0.3155983324952262, 0.4177980332945784, 0.2456918388151711, 0.7506927208646256, 0.25221869025559146, 0.69227879991134, 0.2512576416031354, 0.3539706588428664, 0.32642226858887874, 0.29013373863676356, 0.4048883991073007, 0.30314851803414056, 0.4703716257696643, 0.3090299677337349, 0.44318380678693453, 0.3358875969915014, 0.29549082382830816, 0.44370848837489674, 0.9074327337245146, 0.43310226844623684, 0.356346570798441, 0.2803433344785222, 0.6313852183520794, 0.4548668974079192, 0.691442959010601, 0.4664020657539368, 0.3591604064664115, 0.33391163772709354, 0.2890914651062404, 1.3068117865671713, 0.27645290723854776, 0.15338443242136338, 0.27294242292797816, 0.9526411772239953, 0.6501751450821758, 0.4706976469606161, 0.435369006624701, 0.3852941002915887, 0.3695350530732801, 0.269507772725774, 0.32163203488055025, 0.6787516971429188, 0.6489286879698435, 0.5759190364171647, 0.45590632817908827, 0.4246429968625307, 0.3474294335621855, 0.5578348832204938, 0.4414874169354638, 0.4197120634729371, 0.3870885119430669, 0.37438066489279953, 0.4730170249546829, 0.8320659628758829, 0.2392295113417322, 0.4670016880795036, 0.5080917584709823, 0.39399942018858647, 0.4283708540519001, 0.39192337366311175, 0.6587247943688257, 0.24046590164826628, 0.6638739379122853, 0.39382799802244534, 0.4632365961066064, 0.34105644977994654, 0.7191628436247508, 0.6702766993807422, 0.30446926783770323, 0.38083186087508997, 0.5454422609990134, 0.5645660329610109, 0.5156510363643368, 0.3862515098104874, 0.8956596960624059, 0.48800090503166704, 0.4325376896187663, 0.5859210167080164, 0.5308576281078987, 0.5334694411605596, 0.5644798016418582, 0.39382077297195794, 0.4304084524721501, 0.6269122542192538, 0.6195789966732264, 0.42681631854936186, 0.4386826967090076, 0.5966415703296661, 0.5155667336657643, 0.4394791486362616, 0.5352649607986858, 0.5299479709808819, 0.5234455939382314, 0.6637848724705586, 0.5000279746328791, 0.4155712150968611, 0.5999068581221396, 0.5495638145754735, 0.5376997848351797, 0.4597602859449883, 0.449659268144751, 0.6153053767321741]
2025-11-08 15:30:55 - fedrand - INFO - loss data:
2025-11-08 15:30:55 - fedrand - INFO - [0.7088117919690711, 1.5283081978559494, 0.8770644234091628, 1.2598878219723701, 0.8492530619104703, 0.4872914946240466, 1.3050351084062928, 0.9924908806880315, 0.7863631552706162, 1.1888941071099706, 0.709441844927545, 0.28389792796343494, 0.9503908885022004, 0.6402395482120269, 0.24370125846790971, 0.8048475623130799, 0.5775635980276598, 0.4319536365413418, 3.164186678826809, 0.5472215993877719, 0.5043793913908303, 0.3057882551802322, 0.42242624337474505, 0.5085374460427784, 0.4632682831229075, 0.49392208792352926, 0.32442069724202155, 0.5201656171896806, 0.5088835374762615, 0.43527701729908586, 0.88651586137712, 0.35680531847627006, 0.4487052372346322, 0.4915451889269446, 0.4719197253386179, 0.354322709489174, 0.3894216998385779, 0.47227543853223325, 0.44202414540470475, 0.21743436993922383, 0.5394320957362652, 0.2645182045458473, 0.2945359067735909, 0.33812690635013803, 1.065865342815717, 0.7834637550746693, 0.3076817230321467, 0.9451791448518634, 0.4250361416488886, 0.5370199613273143, 0.6318656497580164, 0.2532166912191825, 0.4571314584463835, 0.33137323633816684, 0.6786511762067675, 0.9376374208368361, 0.27017604331731015, 0.34826460823808847, 0.3971737957249085, 0.32352381383248585, 0.148578089678916, 0.4265242961515416, 0.3785119357829293, 0.6376501085857551, 0.3706143153055261, 0.7255531824193895, 0.4020129434764385, 0.3838135192737631, 0.5648566326126456, 0.49758128316607325, 0.6862884120394785, 0.26381803097675505, 0.9552910687292324, 0.3346252725716087, 0.44485018213882166, 0.4236908736328284, 0.25827794056385756, 0.4803944334826049, 0.565734127536416, 0.3721221735932274, 0.449084593092694, 0.17438934850765186, 0.42418625943254734, 0.3013232038162338, 0.272981164821734, 0.4905342001917746, 0.4171652993497749, 0.45848541004934174, 0.21426090384882532, 0.9891649422546227, 0.5905725620687008, 0.5009072758257389, 0.2551090301712975, 0.2070508994964055, 0.25004873813963246, 0.6235020029468132, 0.5183769812186558, 0.5168952418801684, 0.3257770945075089, 0.4824309158138931, 0.26896370096916433, 0.817096718530079, 0.2344893533910069, 0.7994354832917452, 0.2660425403672788, 0.3323112331502336, 0.26421436145091837, 0.2948811192815709, 0.31073762881367106, 0.4009512218336264, 0.4371712458155611, 0.3162092186943411, 0.3595771917452415, 0.269117862574364, 0.28086864499695274, 0.28198484476241803, 0.9685917489011497, 0.40997860017232596, 0.43451514096048316, 0.2641225462256555, 0.658993558647732, 0.4474487103987485, 0.43689816258847713, 0.39927644096314907, 0.3418362279301104, 0.35013373178856755, 0.2525054352202763, 1.2359859471519787, 0.2363725750719344, 0.13047489664232773, 0.23179876132308622, 0.7119081493583508, 0.7079854662239086, 0.34568457912731293, 0.44712148232787263, 0.37523347807719426, 0.34224161671447584, 0.26454395732273245, 0.2877188838626209, 0.6681112051010132, 0.5710981806119283, 0.6863835495379236, 0.5604014738517649, 0.4296653013676405, 0.3167644775864007, 0.5577152228914202, 0.5279824497799079, 0.36985145186019297, 0.4441925550138371, 0.36957114518088907, 0.4351919846315133, 0.7237916402518749, 0.24175742720797216, 0.4170254935793902, 0.49520879143383356, 0.39929390200139847, 0.4110841710004024, 0.4198899810251437, 0.5862181526115713, 0.2545297222211957, 0.5644926642999053, 0.3872766111899788, 0.427814596277826, 0.35416960760362837, 0.6129337123284737, 0.7163108624517918, 0.2828310001382811, 0.3721749681979418, 0.5291214507803613, 0.5639164494350553, 0.4949201578274369, 0.3576156063936651, 0.7178595641007026, 0.48843710957204595, 0.4166478415252641, 0.44132786380747957, 0.562764258434375, 0.48159591294825077, 0.4414226978045443, 0.3755190801496307, 0.3857128238507911, 0.629473714882301, 0.5656079407781363, 0.42949508448295737, 0.46257421578846725, 0.39968588203191757, 0.40275705978274345, 0.3602234895030657, 0.5369141059163555, 0.5311329657263639, 0.4995707031339407, 0.5152457121069035, 0.495694779480497, 0.38362535927444696, 0.6452339411827556, 0.6640909376243751, 0.5842873136202494, 0.45700599867656516, 0.48551058005541564, 0.5181386623245487]
2025-11-09 20:49:26 - fedrand - INFO - loss data:
2025-11-09 20:49:26 - fedrand - INFO - [0.6944490774706202, 1.6646639872342348, 0.8820681258451705, 1.2719363952055573, 0.8373135586579641, 0.5363844305437537, 1.5256403774807328, 1.202141173183918, 0.8553376542404294, 1.1708105781839953, 0.8318037025215272, 0.3207473258218287, 1.033308780193329, 0.7247086837887764, 0.26444985885690486, 0.8347283887366455, 0.6211543266351024, 0.5379676041193306, 3.6749195903539658, 0.627124923584508, 0.5550317984074354, 0.2892597887483943, 0.4354036142428716, 0.5647817831413419, 0.49601737021104153, 0.37491473275866133, 0.3330115433704729, 0.5108717118855566, 0.5453023406366507, 0.4137559742666781, 0.9887969363480806, 0.3652406654618163, 0.4780676114062468, 0.4511970364929814, 0.5688081567486127, 0.3620520779397481, 0.43380826806676565, 0.48280450776219364, 0.42872408508911675, 0.240968963411025, 0.5385744206607341, 0.24420047687905794, 0.30517969809362616, 0.35587602780439, 1.0086820522944133, 0.8400959898443783, 0.3681699972366914, 0.9647278352640569, 0.42943255997755947, 0.502517239873608, 0.5713479826044219, 0.2625547438888533, 0.48518086317926645, 0.2992085511060922, 0.7063565861433745, 0.7507196011332173, 0.2542955044068788, 0.34866532895125846, 0.4516420945525169, 0.33680470745291624, 0.12839427892761743, 0.4549527842841664, 0.3887351338027252, 0.5037959112475315, 0.32891316434446105, 0.6054652705788612, 0.4326872238268455, 0.4376376562792322, 0.5949531714431942, 0.4930124619975686, 0.7360720044622819, 0.26222264799742134, 0.9561302416464862, 0.36897275043462496, 0.4456112027168274, 0.4643614592651526, 0.3001426449045539, 0.5279710958109183, 0.4938233024440706, 0.36684661244157873, 0.4531639643451747, 0.195509539587268, 0.4867484509836936, 0.32387669500894845, 0.3357682584707315, 0.47501760655466246, 0.4555564052425325, 0.43385749140187446, 0.19644830612416722, 0.9052112345894178, 0.5526212491095066, 0.49629688635468483, 0.302806557311366, 0.19855253125489172, 0.2593032089356137, 0.6448801770970664, 0.47581474483013153, 0.508626365258048, 0.33914059257823165, 0.44915171122799313, 0.23365748962877614, 0.8047813260215608, 0.23893330182692263, 0.872535955781738, 0.2473284801882174, 0.33771610634989646, 0.2891681313993868, 0.27438597488621275, 0.38844873355296644, 0.40724717546642447, 0.46509941338616256, 0.29693878638675836, 0.3797229707241058, 0.253412887355999, 0.279700226168474, 0.2888637946541874, 1.0193784353779811, 0.4187963638454676, 0.4011869639942521, 0.2675247905048819, 0.6107070692814887, 0.41568960445001724, 0.5047015100717545, 0.4325629277154803, 0.35245491878493973, 0.3745630122488365, 0.18539082272602375, 1.2205150884886582, 0.2337114984943662, 0.1392799637073444, 0.25159807634343834, 0.722780968004372, 0.6837168462574482, 0.3588541576561208, 0.42891405055335924, 0.3867850909995682, 0.3688922180645708, 0.24964155417142642, 0.26378979082954557, 0.7254602337876956, 0.6321425798038641, 0.5491018371346096, 0.5258530461612869, 0.40953349517658355, 0.36165010702350864, 0.5421935169026255, 0.4416843354701996, 0.4515948580468402, 0.4095049266134285, 0.3798586133286319, 0.44920011678416477, 0.7268405473894544, 0.21550570906286962, 0.44855205771391804, 0.5615592199377716, 0.3740353141363491, 0.4974069094285369, 0.37905011161867724, 0.6375853128366026, 0.24101302892035037, 0.5487848309179147, 0.3999904223200348, 0.47878919191220226, 0.3231901530985181, 0.6012067992240191, 0.6546781501836247, 0.28128554441759157, 0.374767359594504, 0.5337777586105992, 0.5204015313647687, 0.3997158656517664, 0.38453515906197333, 0.7314397019644578, 0.4787119342123761, 0.5082071691576857, 0.40763267961641153, 0.5501759789703, 0.4964187044650316, 0.5133712513615256, 0.3807483296841383, 0.4346090860536619, 0.6151067972597148, 0.4913182435557246, 0.436395732379135, 0.4747638314231938, 0.4275868386030197, 0.465709472540766, 0.4089608372499546, 0.536836158611088, 0.5216402437537908, 0.4048770144581795, 0.5261565118078773, 0.47222688303639493, 0.3579092492970327, 0.5630913059178151, 0.5719186489780743, 0.5691880685587725, 0.49283267234762507, 0.5302219040691852, 0.4855934754014015]
2025-11-10 18:46:17 - fedrand - INFO - loss data:
2025-11-10 18:46:17 - fedrand - INFO - [0.6944490774706202, 1.6646639872342348, 0.8820681258451705, 1.2719363952055573, 0.8373135586579641, 0.5363844305437537, 1.5256403774807328, 1.202141173183918, 0.8553376542404294, 1.1708105781839953, 0.8318037025215272, 0.3207473258218287, 1.033308780193329, 0.7247086837887764, 0.26444985885690486, 0.8347283887366455, 0.6211543266351024, 0.5379676044297715, 3.6749197617173195, 0.6274757734992924, 0.5543742407113313, 0.28932609119025676, 0.4382588669657707, 0.5626365322692721, 0.492152980212932, 0.3753472009412374, 0.3325261204464671, 0.5036943377926946, 0.545941536873579, 0.4129801532253623, 0.9703514942278465, 0.36223132944303665, 0.4765739547709624, 0.44689909599133226, 0.572133889545997, 0.36444211790446207, 0.43419023976269844, 0.48201371915638447, 0.4303281375097059, 0.24204625740159277, 0.5328259692837795, 0.24779650369830625, 0.3029617919835599, 0.3577472659779469, 0.9985779523849487, 0.8260641566970769, 0.3620349263461928, 0.9775058468803763, 0.4331363125101608, 0.5001409343133371, 0.5785375580775971, 0.2644202892194714, 0.4845367823727429, 0.3019570991592972, 0.7077502250671387, 0.736833995829026, 0.2550392982942101, 0.35099420607286064, 0.4521160403887431, 0.33808846952099547, 0.13057696888237671, 0.45309722920596274, 0.3894298122367925, 0.48960647569037974, 0.32831228528327, 0.6061318595893681, 0.43263201030592124, 0.4437409290719939, 0.601227031648159, 0.5012313205748796, 0.7506091066946585, 0.26407860948109174, 0.956828678793767, 0.3696156840555478, 0.44611207658753677, 0.4563181040187677, 0.3004932729527354, 0.524667152791631, 0.4988298024982214, 0.3678067152942318, 0.45399226094870004, 0.1932298044412164, 0.4910592500066412, 0.3244057406205684, 0.32972747394038987, 0.4753604437002549, 0.4565092947334051, 0.43491903651991615, 0.1945461672934981, 0.9141374555726847, 0.5556599795818329, 0.49755312626560527, 0.29668472800403833, 0.20102219096669513, 0.26160958318137806, 0.6460741145865005, 0.476805672341702, 0.5086671005313594, 0.3425732847181675, 0.44361985102295876, 0.2374300106097699, 0.8088359332095612, 0.23890432664152367, 0.8614252998183172, 0.2474131662230421, 0.33746583095604654, 0.2886633605837984, 0.27463210742041866, 0.3911972424096387, 0.3987274185017062, 0.46741884911213727, 0.29802030726977746, 0.38525898481408755, 0.25802384042426163, 0.27850316416244414, 0.28311428884141304, 1.0207042174742502, 0.420675356220454, 0.4012413486740307, 0.2678120358818488, 0.6141483785274129, 0.41734806951135395, 0.5072220023721457, 0.4337714153031508, 0.35509223278773866, 0.36625658825505525, 0.18826051008202033, 1.2353101186454296, 0.23394313674081085, 0.1394429428813358, 0.2531918156585705, 0.722883244122689, 0.6926267828792334, 0.37120146709882346, 0.4278931924817609, 0.3878485570132148, 0.3709052764959093, 0.2495487116328958, 0.25954605001760156, 0.7147174837688606, 0.6238559679438671, 0.5509312540913621, 0.5382080463802114, 0.41104347035288813, 0.3603552574858717, 0.5444416048005223, 0.43604944832623005, 0.45150915818179355, 0.4120998278156751, 0.3743539247709467, 0.44807109119076477, 0.7225130440460311, 0.21940952998818297, 0.44781545873569406, 0.5599478610325604, 0.374275012900505, 0.495766137028113, 0.37238041514922915, 0.6438838567365619, 0.2428256052529864, 0.5488243672686318, 0.3975253626652476, 0.4793513691162362, 0.3257000964796661, 0.6066596921533346, 0.6550685842004087, 0.28137252715209293, 0.37497028538750277, 0.5365001504839051, 0.522285993443802, 0.40532666693131125, 0.37615435306603706, 0.7317428956429164, 0.4744652862496236, 0.498824872658588, 0.41354104715089, 0.5610475409064546, 0.49205986969172955, 0.504098277862953, 0.3780032694650193, 0.43349604891356674, 0.6140788665248288, 0.49523795302957296, 0.4361776125489497, 0.4772954293910195, 0.43180520832538605, 0.4689972447231412, 0.41017570439726114, 0.5364511710802099, 0.5209841976149214, 0.41172883901745083, 0.5315890098277453, 0.47258189575125775, 0.35451234644278884, 0.562438189591232, 0.5684850371132295, 0.5671547772983709, 0.4910021353513002, 0.5260985173285007, 0.48574189768702375]
2025-11-11 12:30:57 - fedrand - INFO - loss data:
2025-11-11 12:30:57 - fedrand - INFO - [0.6845029003084883, 1.4638525620102882, 0.8733875395036211, 1.293223949149251, 0.8625510334968567, 0.5000234699286574, 1.2250510720830214, 0.8064005007346471, 0.823314189290007, 1.1167562964061897, 0.7491749744031913, 0.2923987777706247, 1.0325156815350056, 0.6846652880091877, 0.26354859654333673, 0.8722807057201862, 0.5831487028756075, 0.4774607297343513, 3.290504202246666, 0.5898876126344297, 0.49213481806218623, 0.27757047255808076, 0.41713234285513556, 0.5363521778846488, 0.4872119833755752, 0.3616508603334926, 0.38258424947659175, 0.5232295498717576, 0.5309961321453254, 0.43684422643855214, 1.0123437698930502, 0.3928234458095984, 0.5533124759793282, 0.3976248222599296, 0.5034368752191464, 0.3749196843723588, 0.418589642363182, 0.5164563592523337, 0.4110473588815593, 0.2290986171647591, 0.5001005885036041, 0.2584124956629239, 0.282338775228709, 0.3504273726956093, 0.9543054675062498, 0.8934387608486063, 0.41740677346630645, 0.9966111374087632, 0.4677950229824466, 0.45233579551180203, 0.6062000318631238, 0.2569363235941222, 0.424564512912184, 0.3317252399497911, 0.7687959372997284, 0.7225906714641799, 0.23427220305280858, 0.34017698902293647, 0.4258559092879295, 0.3332539605074807, 0.11738485750966152, 0.4674737339508652, 0.38125725069807637, 0.7071303005019823, 0.41161712390991545, 0.773829892044887, 0.43606760601202643, 0.43409226960300107, 0.5827956908382476, 0.5678242453373968, 0.5216977080951135, 0.2624993424474572, 1.0460294116945827, 0.35976023648096167, 0.4483810755478985, 0.5276392288506031, 0.29922205302864313, 0.5082059180181401, 0.5291928448714316, 0.37350194103821044, 0.4451164484900587, 0.18344540163848755, 0.46670291125234487, 0.30628614453598857, 0.3776240862983589, 0.5004243449806798, 0.44540833399320645, 0.36390875873790274, 0.16624601887183657, 0.9462610291937987, 0.5859248414635658, 0.5339837906261286, 0.36456580941254896, 0.24390833606917617, 0.27081374059382235, 0.6286481661886415, 0.44727784044602337, 0.45452226124083006, 0.28873608292728337, 0.47065141393492615, 0.23244780926401482, 0.7593682268827038, 0.22626322927361908, 0.860191033532222, 0.2281010767959136, 0.3207030555625495, 0.28457515291950625, 0.28552934731075463, 0.3637614319829837, 0.39798528985120357, 0.45298993102658325, 0.30700819486382364, 0.45014461514850457, 0.27483161558446134, 0.27473289738286677, 0.34035995894939536, 0.959114369662369, 0.4034939893521369, 0.4184465638829064, 0.2642691643712552, 0.47185217480485636, 0.42574167461134493, 0.5084426691755652, 0.4745053651432196, 0.34993761375384486, 0.41962196633685384, 0.25923383536024225, 1.3357613533735275, 0.250237242810902, 0.14027756681672246, 0.2575200504098463, 0.8233767937441977, 0.7547070646774955, 0.48257495113648474, 0.4495847569668994, 0.38517473996708207, 0.3712835616121689, 0.2478126952579866, 0.28749110196766103, 0.5814719907939434, 0.6741893619298935, 0.5883035076161225, 0.4774924061973305, 0.4068539163097739, 0.3499668565025364, 0.5558969560079277, 0.5542120387156804, 0.4305841723347411, 0.5302312104238405, 0.37249286008803434, 0.4402152343996261, 0.7750562694337633, 0.23126580736022317, 0.43982758300135966, 0.49860088930872737, 0.3567390676368685, 0.4608348587527871, 0.3738234675930519, 0.675279162320144, 0.2370985886408833, 0.7065293031434218, 0.3790826559739394, 0.46271072481484976, 0.28597517537051126, 0.7974972611914078, 0.5585837840206094, 0.28326188309842515, 0.37657794877886774, 0.5255017959604076, 0.4811248602345586, 0.5782916396856308, 0.42906815170620877, 0.9683980926871301, 0.48755019618307843, 0.42046096958220003, 0.562308457121253, 0.5370049040971531, 0.5235512774437666, 0.5907700588197812, 0.3868064676101009, 0.40953514210717834, 0.5992666387723552, 0.5482120895758271, 0.429538966182108, 0.45875845762590567, 0.569909580051899, 0.49730622954666615, 0.4195472582553824, 0.5422627226487033, 0.5406358387735155, 0.47021280638873575, 0.6036665576559621, 0.4742931401046614, 0.4278535204939544, 0.4932223364318672, 0.5354320021967094, 0.4546950084467729, 0.5074747404083609, 0.48804657778237015, 0.550409422298662]
2025-11-13 19:32:22 - fedrand - INFO - loss data:
2025-11-13 19:32:22 - fedrand - INFO - [0.6959050112207861, 1.7423332259058952, 0.8800205164972474, 1.299262153916061, 0.8827707663178443, 0.715977916809899, 1.498580793408971, 1.4284109349052112, 1.3591493926942348, 0.9550651204254892, 1.1752934190833901, 0.3912837901894733, 1.4666901374856631, 0.9049899351290044, 0.41177704139974797, 1.0205972897509734, 0.7161305370844073, 0.6081631934891144, 3.392023652791977, 0.7076293472565857, 0.6788649095222354, 0.530339224367506, 0.43640442987283073, 0.6547901754724044, 0.5971115878904644, 0.44695461387563423, 0.3849074661421279, 0.770616481701533, 0.6664212596913179, 0.5467632724903524, 1.2152722366154194, 0.4651493764611789, 0.6426195862392585, 0.5074185009702648, 0.5474779263138772, 0.4286784995682051, 0.4669107141810051, 0.5948789899547895, 0.5050820084159366, 0.2652909373773957, 0.6460174086193243, 0.33278278221229185, 0.352408437038927, 0.35000675311368323, 1.295953260269016, 1.0956626508165808, 0.5231423374886314, 1.3539722450077534, 0.5318774378255886, 0.562107577547431, 0.6938557482744548, 0.30737037212881996, 0.5536816278472543, 0.3653543011138314, 0.861923711374402, 0.7194665870629251, 0.29664685977867955, 0.43991301112171066, 0.4882993785043558, 0.40786421687195173, 0.15348718928141103, 0.5681960295895925, 0.4517103016790417, 0.666228536516428, 0.47584176785312593, 0.9606959102675319, 0.5528451117376487, 0.5473637211581935, 0.6902899401262402, 0.5821994915604591, 0.6808644343788426, 0.3124864694300211, 1.167280158137574, 0.4254967024360878, 0.5229380363708033, 0.859107300763329, 0.30160003062337637, 0.5726874298470862, 0.6455053896643221, 0.4364904661242869, 0.5304501792963814, 0.24002405212700573, 0.5851075525517049, 0.3922321838326752, 0.41021637808686745, 0.5691640456855851, 0.5289372105151415, 0.4877403794747332, 0.25238439225461007, 1.0518482488890488, 0.7073965109884739, 0.5940858299533527, 0.4344649532965074, 0.33191510980638367, 0.304386484291478, 0.7285812496043303, 0.5062102251777462, 0.5651594616162281, 0.3939019465697524, 0.5676583466120064, 0.27408368369613434, 0.8517950935734381, 0.27790626563670995, 0.9352587672571341, 0.2928812192266277, 0.39889665487173354, 0.3615600823431505, 0.32826475870485106, 0.4420540012905131, 0.5366167900923756, 0.5309243085794151, 0.3522501525555104, 0.5165789411713679, 0.30377317670928805, 0.33192713752903635, 0.2775116624575781, 1.0087970768411956, 0.50174362603575, 0.5086279723670726, 0.3400363438280724, 0.5872731738102932, 0.5723580552265048, 0.5061055701225996, 0.49604144742091494, 0.44069673470828846, 0.4286796649452299, 0.2903836755495932, 1.1740008580187957, 0.3082844262959011, 0.19579800828877422, 0.3120236977293532, 0.837061893971016, 0.8964867278933525, 0.5349405490948508, 0.5342324152588844, 0.4716597746911586, 0.43846480417726696, 0.30808549827553283, 0.29733955468002116, 0.5895973108708858, 0.8339972796539465, 0.6829490448969107, 0.7081555072583404, 0.49030714109539986, 0.41952163683979404, 0.669305063970387, 0.589236215998729, 0.476418053950457, 0.46180037625340953, 0.4464380591536117, 0.5443796158621186, 0.8737858670453231, 0.26161584788954706, 0.5602020369235264, 0.60754757062532, 0.406208918457303, 0.49736961582675576, 0.5315750666256798, 0.74985591488726, 0.2890763324407632, 0.7448052569913367, 0.5019711803230975, 0.5048222139696865, 0.3406755024273145, 0.8515031464397907, 0.65463943945037, 0.3586949867506822, 0.45911445319652555, 0.5969820407821852, 0.5736628896556795, 0.666387751698494, 0.462223979489257, 0.9071163093050321, 0.5842852951849209, 0.5043457963271066, 0.5288292507330576, 0.5785476862899184, 0.6141017850488424, 0.6419174632300502, 0.48204769591490426, 0.5008673498784935, 0.5894742355578475, 0.5602306798100471, 0.532286143638924, 0.5295443737331559, 0.5589556768536568, 0.557760339230299, 0.4838303461049994, 0.6279381923492848, 0.6219204054750864, 0.46174814477562903, 0.6420123585674727, 0.5794768357649446, 0.4750993063983818, 0.5700639382396874, 0.7092654556035995, 0.5130092173814773, 0.5597282089293003, 0.5706173834623769, 0.6994890712834652]
2025-11-14 09:18:09 - fedrand - INFO - loss data:
2025-11-14 09:18:09 - fedrand - INFO - [0.7039499222546032, 1.6957092816010118, 0.8937663056978993, 1.2915185075253248, 0.8682621151208878, 0.6569230791551677, 1.5495656646395983, 1.4364568049709003, 1.3571775561819472, 0.9557442400190566, 1.153956032113025, 0.38285198329528525, 1.4465134424467883, 0.9201191259438501, 0.4421330981163515, 1.0349157263835271, 0.7296030951870812, 0.596729116824766, 3.650341108441353, 0.7138310665739518, 0.6802207628265023, 0.36863881748932825, 0.5371992220481236, 0.6379540896152749, 0.5522623176807943, 0.43779508220952523, 0.3731320123653859, 0.7424871710439523, 0.6380747407674789, 0.6094889929518104, 1.239826885362466, 0.4074572301479445, 0.5967628642916679, 0.5358239094677724, 0.5096785590673486, 0.4416535000889935, 0.45729147626653965, 0.5810588416953881, 0.5048779963541771, 0.25872542302217977, 0.5230191168685754, 0.26335343414163953, 0.3437649380947631, 0.3712476669261817, 1.189329984287421, 0.9840951772297131, 0.4232535105353842, 1.4269772917032242, 0.5416977659744375, 0.6713906578719616, 0.7511936068242671, 0.3302062007827325, 0.5640881075523794, 0.3889029014757589, 0.7603215843439102, 1.044637168136736, 0.3478813817430484, 0.3626680871226678, 0.48360632359981537, 0.4053485686449628, 0.16706494846767939, 0.536510316580804, 0.42692259450753534, 0.6852179318666458, 0.44247820344753563, 0.9420146206393838, 0.5140953247745832, 0.5045529120480237, 0.6927060283720493, 0.5561502294614911, 0.847318942969044, 0.25853345474331746, 1.2010218913064283, 0.4065757616598537, 0.5088832167141577, 0.6910370655357838, 0.4324736278504133, 0.5993326583840684, 0.8085183333605528, 0.4231340534668538, 0.5064596362850246, 0.24990637498235124, 0.6256795095198828, 0.4069880972616374, 0.41639899807826924, 0.585345297083028, 0.5197819109385212, 0.5412758123399555, 0.1367658951029737, 1.4199732288718223, 0.8337113261222839, 0.6531846473614376, 0.41702753289913136, 0.3292455251212232, 0.27180857512805806, 0.7375133272041292, 0.602935857632581, 0.621882143119971, 0.40959948738631996, 0.5239828842071196, 0.28595763422842874, 0.7915533893906018, 0.2902110878770289, 0.8539705524841945, 0.28138478947544676, 0.4109564827460992, 0.36605052860197274, 0.319978938337105, 0.450632669598512, 0.3497306979571779, 0.535706584013122, 0.36153627053402315, 0.4711721707135439, 0.4130609553111227, 0.3399482738311711, 0.47822147845484625, 1.1297379537832501, 0.4974918784573674, 0.4464831859559605, 0.35633431355011436, 0.7773760785348713, 0.47470392966642977, 0.6990768946707249, 0.5612176104138294, 0.4075374110885288, 0.40578361323957024, 0.44758380701144534, 1.0208521541208029, 0.31634354568903517, 0.19777527344154402, 0.33118585192010197, 1.0401528898316126, 0.7685765727524995, 0.4852514208372061, 0.5115281977562928, 0.4465763115050162, 0.444431230927939, 0.306644775529599, 0.4160122126340866, 0.8098824912061294, 0.7230276726186275, 0.7082771690976288, 0.46698630754561987, 0.5015050672926009, 0.40032495409250257, 0.6266381116583943, 0.5220043522616227, 0.5004228331586894, 0.44492352395997536, 0.44897482054465265, 0.52371656973111, 0.8031873856153753, 0.27138275078346513, 0.5530864213917243, 0.5982073042541742, 0.4335987444912248, 0.5055031893774867, 0.39633994549512863, 0.7062553623727723, 0.284344032210739, 0.7375475759617984, 0.49378006788901985, 0.5273008524056744, 0.38742661079097734, 0.7702353720863659, 0.7375239386326737, 0.34960909503408605, 0.4494922952519523, 0.6217643664455881, 0.6396434572525322, 0.6611396074295044, 0.44757162950312096, 0.6739291687806448, 0.6308081895112991, 0.5258846847224049, 0.6545595315595468, 0.6926323680414094, 0.5226969297975301, 0.6194557579963104, 0.477332562332352, 0.5010681180013479, 0.6578303718318541, 0.6759030669927597, 0.5196071322349941, 0.49747528495157467, 0.6078238636255264, 0.5940248081460595, 0.4819020746896664, 0.6150630200425907, 0.6125556003302336, 0.6031841486692429, 0.6289044832495819, 0.5670153619721532, 0.5160023346543312, 0.6756356497082794, 0.5698228081067402, 0.5938443976143996, 0.5290310027698676, 0.5650904137641191, 0.5902857312847392]
2025-11-14 18:42:24 - fedrand - INFO - loss data:
2025-11-14 18:42:24 - fedrand - INFO - [0.7010745153713384, 1.8340549133718014, 0.8855345564730027, 1.2867866614833474, 0.87615421662728, 0.7223397553326529, 1.5042256050203977, 1.4623145053784052, 1.3380428670595088, 0.986739582899544, 1.1262063217975038, 0.3806233031161903, 1.3623034228881201, 0.9251727518789908, 0.42771470789901084, 0.9243707003692786, 0.7334319414157007, 0.5829579664083818, 3.3500817120075226, 0.7435235994995809, 0.7167259383946657, 0.38206131111979225, 0.5352180113395055, 0.6318082104710971, 0.5874314659963484, 0.44161754912284756, 0.40153497404729327, 0.6094539253196368, 0.6576973805824915, 0.49111201986670494, 1.1057073324918747, 0.40132289512548597, 0.5766146185497443, 0.5074097841340852, 0.5369832870240012, 0.4272854398365417, 0.481156700115273, 0.5904730014503001, 0.5231057533075929, 0.26799685485422337, 0.563725899408261, 0.2877888487210791, 0.35809191882920766, 0.3765744803347377, 1.0311054254416376, 1.024790524998132, 0.4127781429948906, 1.4080630531534553, 0.5063366072033257, 0.5482154373079539, 0.9165823481538716, 0.30840763411272254, 0.5843961648643017, 0.35665484958965527, 0.7678373556584119, 0.9178078801681597, 0.32299968987507255, 0.38403187744368456, 0.4946675321708123, 0.4064552345296793, 0.15053703830450127, 0.5442616038355113, 0.44619496030112105, 0.8496506387988726, 0.36961942786971724, 0.8191057210788131, 0.6341924981524547, 0.5565851552654868, 0.7055479369126261, 0.6525036964565516, 0.8763906961927812, 0.2869841273123812, 1.0671777584973503, 0.42735481422016586, 0.5236807388636996, 0.6433341215054195, 0.29796917364001274, 0.5948955142614889, 0.6072112075053155, 0.4420128000741885, 0.5127859069582295, 0.24124704580754042, 0.5772149273990721, 0.39656461275493105, 0.36956726053419214, 0.5484255299133598, 0.5295586241719623, 0.49478429177964944, 0.3063273345847336, 1.0190125932296117, 0.612682405859232, 0.5628424249589443, 0.33804617445760715, 0.31635608464582926, 0.3464979027116083, 0.748942320152898, 0.5116971233019642, 0.5528224501758814, 0.37222365051022044, 0.5718341904381911, 0.28635189081787277, 0.8369575425845516, 0.2822528993996808, 0.9767094428340595, 0.2995427663780801, 0.38874806461267564, 0.3623093509155771, 0.3175957432973923, 0.4898076886716096, 0.526337101807197, 0.5486292653607534, 0.40990795439631933, 0.41851596931616464, 0.3010805325680658, 0.32702168377531526, 0.4243773914285056, 1.0473713779858516, 0.511268765386194, 0.5445398297896118, 0.34785378658980654, 0.6484096837230027, 0.5460834993980825, 0.46918064169585705, 0.46732410714030265, 0.42908913297173773, 0.4468861296928177, 0.28474147162503666, 1.2206803510586421, 0.29952965124935044, 0.23750735545116994, 0.32256584896158685, 0.7785004169369737, 0.7042925290763378, 0.4183643990739559, 0.5090389575882286, 0.4654601933617218, 0.4552242238884387, 0.30641638812246835, 0.30065887440976347, 0.7861694085101287, 0.6644192429880301, 0.6999172546590369, 0.5952900244909174, 0.50952711943537, 0.4355551469153252, 0.6500682436861098, 0.5008914644519489, 0.4998917268479572, 0.5164842952456739, 0.45256458199047067, 0.45823044310274874, 0.8204090483486652, 0.25964134740185, 0.5783766699428468, 0.623472545715049, 0.41990836279685884, 0.5514100870699622, 0.3886807756498456, 0.7403294348541428, 0.28702659391912455, 0.7510625918706257, 0.48407592510856273, 0.5338062874096281, 0.3794147689875803, 0.7366095088422299, 0.7452614282568296, 0.34502161552922594, 0.46698769877354307, 0.6111190879169632, 0.6006718021817505, 0.5963941365480423, 0.4277748128709694, 0.8851146707932154, 0.5667945352547309, 0.5523649778217077, 0.4413803016146024, 0.5867171053412474, 0.5336962983012199, 0.573300445533317, 0.48857669457793235, 0.4928777275161575, 0.638074333469073, 0.5471804412081838, 0.5298184292573554, 0.5303308007179522, 0.4363323971629143, 0.5499850693158805, 0.48310803389176726, 0.6205261445174646, 0.6013955840840937, 0.4202101267874241, 0.680529185899214, 0.5702877136568228, 0.46544917641828454, 0.6238816072020614, 0.6435997088750203, 0.5595657835404078, 0.5800904529790083, 0.5523821118753403, 0.5975505534918626]
