2025-11-06 16:50:10 - fedrand - INFO - loss data:
2025-11-06 16:50:10 - fedrand - INFO - [0.6035629138350487, 0.9281898587942123, 0.6268493138253689, 0.7795327369123697, 1.2062118465158467, 1.8258275842526928, 0.7958926491439342, 1.6351898908615112, 0.8099584728479385, 0.4468810673803091, 1.0727797523140907, 0.519591923803091, 0.648353857298692, 0.6058882474899292, 0.5637599721550941, 0.7665905728936195, 0.5834431961799661, 0.2965689156204462, 0.6945631206035614, 0.6229650899767876, 0.3895997069776058, 0.7545746117830276, 0.5898052379488945, 0.7244521543383599, 0.7680091839283705, 0.6220910578966141, 0.5572479479014874, 0.5207330659031868, 0.5989824583133062, 0.30418521414200467, 0.7442356735467911, 0.7215644121170044, 0.44032058119773865, 0.6749190643429757, 0.17174720391631126, 1.148801438510418, 0.5188769704351822, 0.32841367460787296, 0.49424157068133356, 0.7468398809432983, 1.137305423617363, 0.537097180262208, 0.780020764718453, 0.49980471717814606, 0.19656534772366285, 2.0910549461841583, 0.2579077798873186, 0.31460863873362543, 0.36827016845345495, 0.4792071972042322, 0.3519709356129169, 0.821849524229765, 1.0776206919302542, 0.2855224769562483, 1.022408626973629, 0.6642820686101913, 0.43932267278432846, 0.4993623703718185, 0.33351665884256365, 0.2638853117823601, 0.24071145616471767, 0.046785153448581696, 0.47759120278060435, 0.30059868345657986, 1.9059202373027802, 0.48805809020996094, 0.4548910688608885, 0.24777002508441606, 0.7342936918139458, 0.4086565300822258, 0.357481949031353, 0.43694864213466644, 0.4088989251293242, 0.43900402649079395, 0.8890546459704638, 0.22528270110487938, 0.7721884623169899, 0.20993752777576447, 0.3719922765158117, 1.3447518441826105, 0.3242111826936404, 0.2610274249066909, 0.0846879885907078, 2.197082533687353, 0.25978457020214085, 0.08152936004706943, 0.8822648875415325, 0.25002912832424046, 0.7716960720717907, 0.4410789683461189, 0.2527579218149185, 1.6299557611346245, 0.4740612730383873, 0.10969737961163951, 0.03178131616570883, 1.4502069759182632, 0.45489246646563214, 0.3996318615972996, 0.3346511386334896, 0.469924945384264, 0.3354491703212261, 0.7279048934578896, 0.2864068284630775, 0.2986848981448323, 4.280046343803406, 0.6587318795500323, 0.41949224285781384, 0.38623568374148615, 0.24390389840118587, 0.38172920048236847, 0.4314126893877983, 0.28109911767144996, 0.17070253044366837, 0.28378582298755645, 0.4886566661298275, 0.25957407131791116, 0.4656630279496312, 0.4691256195306778, 0.3156743425255021, 0.35365575179457664, 0.2643727894941953, 1.173724664375186, 0.19306116178631783, 0.6201321333646774, 0.3070989567786455, 0.4055121249208848, 0.30661695413291457, 0.5954891256988049, 0.4046729579567909, 0.17094894881463712, 0.039735406343728144, 0.9234260240716847, 1.8797387074705005, 0.2037796361837536, 0.15555574816729253, 0.16870213101307552, 0.1303423484787345, 0.89660235196352, 0.6685577090829611, 0.27445591054856777, 0.22976502776145935, 0.3499312807805836, 1.0491970386356115, 1.3316742920627196, 0.8573643596222004, 0.43416414931416514, 0.569904428596298, 0.4599348306655884, 0.30157983054717385, 0.3615421038120985, 0.300884672626853, 0.2947738505899906, 0.32414660789072514, 0.25850595720112324, 0.33661665953695774, 0.4002596726641059, 0.288024228066206, 0.3687551021575928, 0.4063463620841503, 0.32180783003568647, 0.24711538143455983, 0.47622307762503624, 0.7905810005962849, 0.29744114105900127, 0.48147954046726227, 0.21328368559479713, 0.8132440596818924, 0.3734760737117742, 0.8511234201490879, 0.18648029553393525, 0.7176179345697165, 1.1308533698320389, 0.6579340672275672, 1.6302877366542816, 0.21884504581491154, 0.16435315366834402, 0.7714076459407806, 0.22958627053432995, 0.24316787533462048, 0.47497620433568954, 0.23418454360216856, 0.5173159492098622, 1.0795082934200764, 0.8738563060760498, 0.14229940672715505, 0.6150163255631924, 0.38460903987288475, 0.2622387232258916, 0.3665634093987238, 0.38711214375992614, 0.5130682703107595, 0.4464232542862495, 0.4638969376683235, 0.52256949711591, 0.13923131157126692, 0.5760824382305145, 1.0489650219678879, 0.6989267334342003, 0.1331577319651842, 0.2236744643499454]
2025-11-08 14:29:57 - fedrand - INFO - loss data:
2025-11-08 14:29:57 - fedrand - INFO - [0.5823812209069729, 0.832319587469101, 0.6261919051408767, 0.7905781105160713, 0.8021748829374297, 2.087314920150675, 1.0963382437825202, 0.7353719472885132, 0.624552883207798, 0.4478906214237213, 1.0990821421146393, 0.5401590064167976, 0.6072549944122632, 0.5865262672305107, 0.5367698833346367, 0.8425939045846462, 0.5908825360561928, 0.31088363397866486, 0.8058784976601601, 0.6647164051731427, 0.40340468287467957, 0.9022396057844162, 0.6319346949458122, 0.7580396682024002, 0.7541724257171154, 0.8171550199389458, 0.5839462921023368, 0.5617831945419312, 0.6073891048630079, 0.34879599387447036, 1.2301288172602654, 0.8051040172576904, 0.495797211304307, 0.7712376415729523, 0.1991138675560554, 1.7078538537025452, 0.6214812956750393, 0.48363959416747093, 0.46926277652382853, 0.8211032301187515, 1.1511364448815584, 0.7280584946274757, 0.7504781571527321, 0.6863061847786108, 0.19763513002544641, 1.6794062852859497, 0.28402113128686324, 0.33207872658967974, 0.4166129559278488, 0.6898040547966957, 0.5186353022232651, 1.359473578631878, 0.8982219704323344, 0.30335002969950436, 1.3027019649744034, 0.9540894478559494, 0.6959298253059387, 0.6548002526164055, 0.3835199370980263, 0.3268080409616232, 0.2573151713237166, 0.05490269232541323, 0.5364967044442892, 0.3171022074917952, 1.7618806511163712, 0.6908567100763321, 0.4836449362337589, 0.2986682516833147, 1.0077486038208008, 0.5384965762495995, 0.4775059446692467, 0.5124799907207489, 0.37656779810786245, 0.7348180998039121, 0.9818874090909958, 0.2795870915055275, 0.9084851577877998, 0.5175536349415779, 0.7772311057895422, 0.7262049298733473, 0.4617715999484062, 0.3687890653808912, 0.06891595411838757, 2.155533090978861, 0.26871977794410973, 0.08643234955767791, 0.9543788611888886, 0.3006868289783597, 1.0365445911884308, 0.45894451439380646, 0.32332971002906563, 0.9549053758382797, 0.6510250307619572, 0.0907105309714906, 0.017805081459907036, 1.4273672028793953, 0.700411343947053, 0.6630786649882794, 0.6995711922645569, 0.7705568224191666, 0.39198141545057297, 0.8739842921495438, 0.31717260703444483, 0.2629669794292163, 4.3394604325294495, 0.732994950376451, 0.421813802793622, 0.36873605176353724, 0.28664737450890243, 0.6390434615314007, 0.4698357954621315, 0.3220581940064827, 0.200502260401845, 0.2815701149404049, 0.7154229953885078, 0.2561955515295267, 0.6506674438714981, 0.7541197344660759, 0.3452884014695883, 0.3039833679795265, 0.22974464818576557, 1.6884795455262065, 0.20546841248869896, 0.9175837934017181, 0.31432550624012945, 0.41132824309170246, 0.32871502861380575, 0.5861385613679886, 0.3262171298265457, 0.1302173796567432, 0.05957810758829712, 0.8306068808629384, 1.5799911908122288, 0.24432452814653516, 0.15654032039714771, 0.25105750014384587, 0.20794889846195777, 0.9128682542592287, 0.6380775738507509, 0.5327586457133293, 0.6009431853890419, 0.27513922182843087, 1.1702811811119318, 1.3163812179118395, 0.9811518123994271, 0.44622654691338537, 0.6785236566017072, 0.3579631969332695, 0.41062622517347336, 0.4155180361121893, 0.4058896042406559, 0.3014543168246746, 0.3384104333817959, 0.2305574044585228, 0.4559165555983782, 0.5470855515450239, 0.40817074477672577, 0.5397824309766293, 0.4023353084921837, 0.34741144614915054, 0.2619395986199379, 0.5316860377788544, 0.6462630376219749, 0.5359806269407272, 0.6940367072820663, 0.16846057027578354, 1.273516371846199, 0.4201649283996731, 1.1390906482934953, 0.1959111314577361, 0.8144183252006769, 1.0923674553632736, 0.5522515009700631, 1.2953102461993695, 0.20391646151741344, 0.2233274383470416, 0.6630533717572689, 0.27409588431732523, 0.22434256163736185, 0.4370737783610821, 0.22401073802676466, 0.47116098035540843, 0.9809508547186852, 0.8051307201385498, 0.17623548191040755, 0.5811856247484684, 0.46294690296053886, 0.22150229383260012, 0.5841561872512102, 0.4060654702285926, 0.5985910862684249, 0.62357925872008, 0.5090004689991474, 0.5518157346174121, 0.12071369464198747, 0.7266595661640167, 1.0908042937517166, 0.8218415275216102, 0.178413675352931, 0.2405988002816836]
2025-11-09 19:49:27 - fedrand - INFO - loss data:
2025-11-09 19:49:27 - fedrand - INFO - [0.5677224688231945, 0.8407872319221497, 0.6142944186925888, 0.8524596005678177, 0.9598274602709959, 1.985462221200578, 0.9750281412154436, 0.9770564138889313, 0.673163577914238, 0.43494688272476195, 1.1042540334165096, 0.5732969008386135, 0.6684841414292653, 0.6177579760551453, 0.5552913129329682, 0.90760762616992, 0.6029537820981609, 0.3113385338336229, 0.8555667884647846, 0.6705110718806584, 0.4011536128818989, 0.9349096864461899, 0.615464873611927, 0.7755271285772324, 0.778564315289259, 0.682619621604681, 0.5680479429662227, 0.5554559454321861, 0.5095889034370581, 0.3713169979552428, 1.074087603390217, 0.9601968377828598, 0.47620862908661366, 0.7283360183238983, 0.32002678761879605, 1.4277226701378822, 0.536088182280461, 0.3602315249542395, 0.4967998579144478, 0.6644090339541435, 1.1050401404500008, 0.6221818812191486, 0.8394453140596548, 0.6673061661422253, 0.23906221985816956, 2.0678113102912903, 0.2506039080035407, 0.30631565749645234, 0.3852959699928761, 0.4803847074508667, 0.43243658673018215, 1.1151864483952523, 0.9036898977873433, 0.3553818350657821, 1.3378328680992126, 0.8526807725429535, 0.6327418759465218, 0.5669153407216072, 0.3724555835127831, 0.26825179532170296, 0.29989806432276966, 0.046962044201791286, 0.48829143717885015, 0.31709298988183343, 1.6300923228263855, 0.6423296481370926, 0.48340399004518986, 0.327193604161342, 0.7834933400154114, 0.5190012380480766, 0.44767916202545166, 0.5240819528698921, 0.36495733857154844, 0.5522110044492163, 0.7295444490388036, 0.2592835031449795, 0.8149804800748826, 0.29918839037418365, 0.4983006797730922, 0.952813258394599, 0.3529762364923954, 0.24863490847249825, 0.1066152374431921, 1.7791818149387837, 0.30295844784898995, 0.12910927558388924, 0.8558556452393532, 0.266692921333015, 0.6705414690077305, 0.36773066222667694, 0.26623034924268724, 1.4514361470937729, 0.5742741301655769, 0.10799984492445623, 0.05219466251017164, 1.6515460662776604, 0.4071734768028061, 0.4127923287451267, 0.4219759479165077, 0.606038324534893, 0.3162093451246619, 0.9393092840909958, 0.3173837877810001, 0.292260360361777, 3.533982038497925, 0.5693616177886724, 0.507487297989428, 0.35964331475810873, 0.24151140777394176, 0.5291487164795399, 0.4627554193139076, 0.25633469751725596, 0.23094651401042937, 0.30886902250349524, 0.5676927305757999, 0.37984702587127683, 0.3992040064185858, 0.4554914653301239, 0.3103995049993197, 0.2803361602127552, 0.23022168847577026, 1.0969809088855982, 0.1858845381066203, 0.5620604753494263, 0.38627115190029143, 0.4583720987041791, 0.35463929586112497, 0.7423988543450832, 0.331830482929945, 0.36875056930714184, 0.07702163983291636, 0.7882972357927227, 1.2920175763271498, 0.4082191871711984, 0.2971562746174641, 0.17493766807019712, 0.1603469854220748, 1.0188688948750495, 0.7842632755637169, 0.31921472400426865, 0.31672827899456024, 0.2736934429965913, 1.2100118293892592, 1.4480732204392552, 1.0003501592824857, 0.5223410006612539, 0.6054578088223934, 0.5501452907919884, 0.32359925781687104, 0.35533878579735756, 0.3421730950474739, 0.34847281873226166, 0.3377727344632149, 0.456373430788517, 0.3743648352101445, 0.40824763011187315, 0.39997302864988643, 0.4447912126779556, 0.839658934623003, 0.3322938234855731, 0.5809228666126728, 0.4740622453391552, 0.902208935469389, 0.33064577728509903, 1.0477268397808075, 0.2359471721574664, 0.8927402570843697, 0.3923693773200891, 1.0623633109033108, 0.18659068712343774, 0.9355939794331789, 0.9397272691130638, 0.7141222269274294, 1.6438119560480118, 0.22373852878808975, 0.20779784210026264, 0.5508368372917175, 0.35711688217189574, 0.25440436477462447, 0.4742962270975113, 0.23411738181797165, 0.5046998103045754, 1.2241195179522038, 0.8524453192949295, 0.1522214056303104, 0.6193603031337261, 0.32561010122299194, 0.23126334510743618, 0.4242366334009502, 0.3298355812827746, 0.5811996802687645, 0.389933622131745, 0.6203698478639126, 0.6052223149687052, 0.15881535602319571, 1.397578775882721, 1.2375006973743439, 0.7164062112569809, 0.15303225461393594, 0.22324972848097482]
2025-11-10 17:55:30 - fedrand - INFO - loss data:
2025-11-10 17:55:30 - fedrand - INFO - [0.5677224688231945, 0.8407872319221497, 0.6142944186925888, 0.8524596005678177, 0.9598274602709959, 1.985462221200578, 0.9750281412154436, 0.9770564138889313, 0.673163577914238, 0.43494688272476195, 1.1042540334165096, 0.5732969008386135, 0.6684841414292653, 0.6177579760551453, 0.5552913129329682, 0.90760762616992, 0.6029537820981609, 0.3113385338336229, 0.8555667884647846, 0.6705110718806584, 0.4011536128818989, 0.9349096864461899, 0.615464873611927, 0.7755271285772324, 0.778564315289259, 0.682619621604681, 0.5680479355156421, 0.5554559156298637, 0.5095877933005492, 0.37132161669433117, 1.0740678787231446, 0.959981769323349, 0.4762315098196268, 0.7281943708658218, 0.32015006182094413, 1.4283664673566818, 0.5360421886046728, 0.360166018207868, 0.49611802101135255, 0.6648513227701187, 1.1050311848521233, 0.619435902684927, 0.8241856781144937, 0.6660738984743754, 0.23929287306964397, 2.047595351934433, 0.25087976273951224, 0.30667680874466896, 0.3853424683213234, 0.4774842970073223, 0.43394141625612975, 1.1272000201046466, 0.8968828762170031, 0.36220760773867366, 1.368582621216774, 0.8599154204130173, 0.6345718652009964, 0.564181961119175, 0.37646080181002617, 0.26926800794899464, 0.3008468335494399, 0.04671165579929948, 0.49572792313992975, 0.32248239840070403, 1.6080664694309235, 0.6393249481916428, 0.487154982984066, 0.3258010459442934, 0.7938919067382812, 0.5236519128084183, 0.45030736178159714, 0.5304794162511826, 0.37043326515704394, 0.5449133608158768, 0.7307675472460687, 0.26602241694927214, 0.7923494569957257, 0.2881288379430771, 0.46841777916997673, 0.9856306668370962, 0.3546675927937031, 0.24932260128359002, 0.10464786206648569, 1.7466908119618894, 0.3063969453829082, 0.13410615564498585, 0.8450576476752758, 0.26584542393684385, 0.6702247895300388, 0.3659568056464195, 0.26833353042602537, 1.475938431918621, 0.5817289873957634, 0.10900829362637726, 0.05054956959631656, 1.7133149791043252, 0.4194133188575506, 0.40984672755002977, 0.41548167541623116, 0.5907742828130722, 0.3130844375118613, 0.9257693141698837, 0.3209006942808628, 0.29493228512516606, 3.527245879173279, 0.5637946748174727, 0.5031766975298524, 0.36418199065762263, 0.24112725583836436, 0.5212709605693817, 0.46215496212244034, 0.25658014323562384, 0.2338965505361557, 0.3144646015018225, 0.573235496878624, 0.38607426434755326, 0.40026157908141613, 0.4536572530865669, 0.31049974697331584, 0.28373582661151886, 0.23150778714463943, 1.0925477165728807, 0.1861104778945446, 0.5683774277567863, 0.38480676487088206, 0.45615770171085995, 0.354353117197752, 0.7362122014164925, 0.3443351201713085, 0.3619465193607741, 0.07670375026969446, 0.7752926201064838, 1.3197474356028478, 0.39963659501518123, 0.3037884793200697, 0.18041839140156907, 0.1612978079666694, 1.0130549192428588, 0.7679501324892044, 0.32181253284215927, 0.31378037482500076, 0.27302193026989696, 1.2212571224663407, 1.4510339681680005, 1.0017696072657902, 0.5192658036947251, 0.6050567893932264, 0.5360794514417648, 0.3215601096550623, 0.3546920195221901, 0.34131098464131354, 0.3480970785021782, 0.3378795851022005, 0.4500039853155613, 0.37400822155177593, 0.407894198782742, 0.40382037684321404, 0.43797770515084267, 0.8471212796866894, 0.33001195651789506, 0.5808025695383549, 0.4764215350151062, 0.8946015812456608, 0.32504601776599884, 1.0553921312093735, 0.2337644001469016, 0.8735629804432392, 0.38811974519760245, 1.0508973300457, 0.18861256452898184, 0.9374360982328653, 0.9275314807891846, 0.7041828491621547, 1.6226286381483077, 0.2152394751707713, 0.2088297577574849, 0.5643473200500011, 0.35411547207170063, 0.25586601470907533, 0.4736357033252716, 0.2341791052992145, 0.5019509591576126, 1.2313286513090134, 0.8665259927511215, 0.151407858915627, 0.6204196780920029, 0.3419530764222145, 0.23211239092051983, 0.42411448152011466, 0.329853480681777, 0.5770747065544128, 0.39570624505480134, 0.6189366355538368, 0.6154009312391281, 0.1525012554290394, 1.4018130153417587, 1.236801654100418, 0.7126626640558242, 0.1514097187668085, 0.22190983220934868]
2025-11-11 10:34:40 - fedrand - INFO - loss data:
2025-11-11 10:34:40 - fedrand - INFO - [0.5564978756010532, 0.8469810485839844, 0.6177323639392853, 0.920241479203105, 0.9664408234594803, 2.111540936748497, 1.0656566791236401, 0.8041871041059494, 0.6335985511541367, 0.4353724615648389, 1.079389899969101, 0.5247178375720978, 0.61713312069575, 0.5776723027229309, 0.490686959028244, 0.6398727484047413, 0.5254744254181989, 0.2914422780275345, 0.6805651970207691, 0.6109448249141376, 0.4035102929919958, 0.8398116081953049, 0.5849727094173431, 0.7588298663496971, 0.6692365501075983, 0.6766626730561256, 0.5543934509158135, 0.551720954477787, 0.5021491833031178, 0.3374211365977923, 1.0442019313573838, 0.7758323848247528, 0.42904710583388805, 0.7038564711809159, 0.19255455645422143, 1.415686473250389, 0.5445490802327791, 0.35855312645435333, 0.5822967022657395, 0.6802621558308601, 1.1506123505532742, 0.600438991561532, 0.7777297186354796, 0.5925291615227858, 0.2159237579908222, 1.443122535943985, 0.25417699724332327, 0.3619350790977478, 0.45360186547040937, 0.5279893130064011, 0.4182011939585209, 0.8495522737503052, 1.0704999461563096, 0.2753632128238678, 0.9280251637101173, 0.592990979552269, 0.4630691297352314, 0.606881833076477, 0.35549035519361494, 0.3143333960324526, 0.2704701578244567, 0.04355629859492183, 0.4497694056481123, 0.26811516160766286, 1.6109609827399254, 0.6199903935194016, 0.47590411081910133, 0.23730488494038582, 0.8677316308021545, 0.41626329720020294, 0.501622162759304, 0.4589757099747658, 0.31230536121875047, 0.4561548361283106, 0.9170289186760783, 0.33933842182159424, 0.6556620337069035, 0.45684871822595596, 0.44948670999147, 1.0384861398488283, 0.34471779627104604, 0.26472231075167657, 0.04968510489884971, 1.5814593143761158, 0.25514318608911707, 0.2123164134148586, 1.0239432536065578, 0.2579820895567536, 0.6447272598743439, 0.33814291283488274, 0.42423056475818155, 1.1459544226527214, 0.43702618032693863, 0.2172639431680889, 0.022840200706721388, 1.5947068639216013, 0.5632568961203409, 0.41109723001718523, 0.3203275576233864, 0.687565628439188, 0.30313925072550774, 0.7116672471165657, 0.225956591963768, 0.3437379507037501, 3.5540050864219666, 0.5310471868142486, 0.29675162490457296, 0.2994220322968128, 0.2741747232697283, 0.6794248633086681, 0.35386990010738373, 0.26297623943537474, 0.1564479060471058, 0.3058915019035339, 0.7231958359479904, 0.3061725560575724, 0.6097840392030776, 0.35299107879400254, 0.3202345172564188, 0.32796475291252136, 0.27539111119363546, 1.0202049370855093, 0.17658417392522097, 0.8244604915380478, 0.32971337251365185, 0.4417103187491496, 0.3361326541751623, 0.6019096076488495, 0.4180160406976938, 0.159362445111684, 0.018106459592672763, 1.0200237610808673, 1.1201765533801842, 0.38162015611305833, 0.18161961239820812, 0.21102865470262866, 0.18630668632686137, 0.9118049500510097, 0.48814320750534534, 0.5660296902060509, 0.4066733568906784, 0.43514601145870985, 1.1398857205640525, 0.8572843236227831, 0.9535713239262501, 0.4619911272078753, 0.5549349406113226, 0.4283762127161026, 0.4032529145479202, 0.33349057473242283, 0.34726354032754897, 0.46740730106830597, 0.4838141296058893, 0.23468061909079552, 0.34681480936706066, 0.3966249953955412, 0.420265756547451, 0.5111784562468529, 0.36273346841335297, 0.329765381043156, 0.210779420286417, 0.4657856337726116, 0.5361577726900577, 0.4982300934692224, 0.655381117016077, 0.26349295154213903, 0.6631590127944946, 0.3823660043999553, 0.940393927693367, 0.19266627573718625, 0.7261633723974228, 0.9177906811237335, 0.4659221066782872, 1.2521440252661704, 0.2690337399641673, 0.18196082767099142, 0.7971192218363286, 0.167189234867692, 0.33339581079781055, 0.44429756700992584, 0.24428481070531738, 0.44604012328717446, 0.9533408656716347, 0.8655776977539062, 0.16458787731826305, 0.5624664716422558, 0.4824635311961174, 0.25317426351830363, 0.6133436590640081, 0.47156252215305966, 0.46336891017854215, 0.6110402091095845, 0.4267718670889735, 0.6402136851102114, 0.2220040247258213, 0.5439070910215378, 1.2667482197284698, 0.5785069599747658, 0.13185814544558525, 0.23120499464372793]
2025-11-13 18:29:00 - fedrand - INFO - loss data:
2025-11-13 18:29:00 - fedrand - INFO - [0.5606954872608185, 0.8225753754377365, 0.6229886196553707, 0.8677340112626553, 1.0420794297371887, 2.16511397017166, 1.3461543038487433, 0.4648459553718567, 0.5872268006205559, 0.35826473496854305, 1.1232167221605778, 0.5663971163332462, 0.664514534175396, 0.5902353227138519, 0.5345314726233482, 0.7454734854400158, 0.5830262475388331, 0.3060760207474232, 0.8170478381216526, 0.6763121994833152, 0.40999314561486244, 0.8761755675077438, 0.6591276004910469, 0.7838311716914177, 0.9347375426441431, 0.8337503045797348, 0.6343106001615524, 0.6195531040430069, 0.6466045168538889, 0.32346032435695327, 1.347248560190201, 0.865205317735672, 0.4969811122864485, 0.8810553014278412, 0.21703689669569334, 1.4224016070365906, 0.6047757441798846, 0.39699994400143623, 0.5181728884577751, 0.7315803915262222, 1.1564779970794916, 0.691495519131422, 0.7689421263833841, 0.6495193094015121, 0.2249075947329402, 1.304132655262947, 0.2820131098075459, 0.42093361616134645, 0.46857155188918115, 0.5387056190520525, 0.4859540408477187, 1.4112405359745026, 0.8624820774421096, 0.3097116179764271, 1.2289561331272125, 1.0272441059350967, 0.5989712178707123, 0.5446935445070267, 0.38818934112787246, 0.350178737193346, 0.2972178068943322, 0.038455127738416195, 0.5665290802717209, 0.31438509871562326, 1.6215583384037018, 0.8279618471860886, 0.5708599090576172, 0.3043801821768284, 1.052583247423172, 0.5544907450675964, 0.5886680409312248, 0.6040991544723511, 0.4576525162905455, 0.8590503506323633, 1.4455165158957244, 0.44615538269281385, 0.733707158267498, 0.4590326100587845, 0.6449836768209934, 0.8779657427221537, 0.43318207996586955, 0.391410214205583, 0.07072066459416723, 2.90322605073452, 0.29076998963589884, 0.24546214829509458, 1.3681228518486024, 0.3370705472305417, 1.0405313149094582, 0.7877554595470428, 0.4326736690476537, 1.3645388558506966, 0.5941421762108803, 0.20198431086868773, 0.029234517980108246, 1.4282134170643985, 0.6273664589971304, 0.68795026242733, 0.5053300149738789, 0.8812541142106056, 0.4871878754347563, 0.9319639503955841, 0.33533399254083635, 0.378517725582545, 3.5750813484191895, 0.8094799262471497, 0.6114415004849434, 0.377091114823189, 0.2513933088630438, 0.7567116729915142, 0.4341866075992584, 0.35980452348788583, 0.23263987600803376, 0.4009395819157362, 0.6174549609422684, 0.43040680438280104, 0.47396543249487877, 0.4118001155555248, 0.4173917702088753, 0.3901769481599331, 0.35334902960393166, 0.9104270879179239, 0.2564749075099826, 0.9959655106067657, 0.4297689586877823, 0.5010776010652382, 0.4138739503920078, 0.6513010859489441, 0.5818350277841091, 0.29681328466782964, 0.08154768909379426, 1.0679444373656426, 1.6857574937037296, 0.26013393711764365, 0.2712240611823897, 0.2405821527043978, 0.21363742655764023, 1.1399236261844634, 0.4538327269256115, 0.5087596699595451, 0.5100851878523827, 0.5191637229174375, 1.0597410649061203, 1.0657702572643757, 1.058983501046896, 0.6076917573809624, 0.5611728212485712, 0.5165717825293541, 0.49534539630015695, 0.4015739355236292, 0.40142975002527237, 0.4591004028916359, 0.49247079342603683, 0.3412608653306961, 0.423478078097105, 0.4608762636780739, 0.49700936426719033, 0.4914659336209297, 0.44870753586292267, 0.4166564663251241, 0.4050488568842411, 0.5171576775610447, 0.5389114610850811, 0.5767192294200262, 0.7849941551685333, 0.3074993783608079, 0.7022687457501888, 0.4184051806935006, 0.9479232303798198, 0.26292321595052875, 0.8648544810712337, 0.8761292546987534, 0.5095418125597967, 1.2275975957512855, 0.32846073557933175, 0.265382032841444, 0.896100714802742, 0.2417118897040685, 0.4086141549050808, 0.5745027661323547, 0.30366709911161, 0.4736665634231435, 1.0906624421477318, 1.3805969059467316, 0.22252949588000775, 0.6823157347738742, 0.7125863954424858, 0.41049095802009106, 0.664734148963665, 0.4680810309946537, 0.5555851049721241, 0.7822289628287157, 0.5239496789872646, 0.7323371183127165, 0.22341151680383417, 0.8230537846684456, 1.190570890903473, 0.7356281682848931, 0.16962340660393238, 0.28003999715050065]
2025-11-14 08:19:49 - fedrand - INFO - loss data:
2025-11-14 08:19:49 - fedrand - INFO - [0.6047707676887513, 0.8772675096988678, 0.6299360767006874, 0.8630025394260883, 0.8516609395026333, 2.094958871137351, 1.3376377083361148, 0.5220156386494637, 0.5774167031049728, 0.35378928668797016, 1.0714787635952234, 0.5452927924692631, 0.6752762173612912, 0.6078418344259262, 0.555723886191845, 0.8078363128006458, 0.6101027032774355, 0.32941571790724994, 0.8071828596293926, 0.6866227475305398, 0.3908030726015568, 0.853327751159668, 0.6508807316422462, 0.767909574508667, 0.9096283800899982, 0.8427391827106476, 0.6194852672517299, 0.5703950449824333, 0.6228183296819528, 0.32357559601465863, 1.203886093199253, 0.7101366370916367, 0.5081728398799896, 0.7817343905568123, 0.2386357399324576, 1.500837653875351, 0.6336525840063889, 0.37936777248978615, 0.4946496397256851, 0.6634368002414703, 1.1003954708576202, 0.6690863315016031, 0.724308470884959, 0.5683044468363126, 0.22207076102495193, 1.671505630016327, 0.2923074953723699, 0.39708603993058206, 0.4318540759384632, 0.5071664862334728, 0.47070226203650234, 1.6273050598800183, 0.767967505277031, 0.309206123277545, 1.3431090712547302, 1.1195909231901169, 0.6648473516106606, 0.5116627424955368, 0.41061688512563704, 0.3377074971795082, 0.2797734934836626, 0.06038631033152342, 0.5351382430642844, 0.30999901394049323, 1.6300920844078064, 0.6875694543123245, 0.5355754904448986, 0.35357575987776124, 0.9653674960136414, 0.5462067574262619, 0.519712820649147, 0.6059196144342422, 0.44439304508268834, 1.0464123705039836, 1.417401352338493, 0.3179251477122307, 0.7819993533194065, 0.343140110373497, 0.7495793726295232, 0.7198515180498362, 0.4224050448586543, 0.3642673219243685, 0.09488906072349185, 2.9963691577315332, 0.3516586756437189, 0.1750879023456946, 1.180719043314457, 0.3156524123623967, 1.1071049720048904, 1.1215618997812271, 0.3737301092594862, 1.1230700761079788, 0.6352600269019604, 0.14721271936367783, 0.033921528323036104, 2.2053036531433463, 0.6058355905115604, 0.7382775247097015, 0.5034852214157581, 0.8950020000338554, 0.5162531994283199, 0.9886497259140015, 0.3558695986866951, 0.3566340241361306, 3.9983261227607727, 0.9482067690696567, 1.1064897626638412, 0.4539170220701231, 0.27290500591819483, 0.7908614501357079, 0.5805351436138153, 0.3323664031922817, 0.2571912586688995, 0.36766646057367325, 0.6746560707688332, 0.4344113729894161, 0.4751463457942009, 0.4284450143575668, 0.41393262768785155, 0.3912608213722706, 0.3209190110857081, 1.0707939509302378, 0.267632570117712, 0.8436142951250076, 0.4195997968316078, 0.5256807506084442, 0.4727599203586578, 0.8151405975222588, 0.5308738686144352, 0.33199618394590086, 0.09055714770996323, 0.8002655604699006, 1.5564680745980393, 0.277000873349607, 0.18939437377007884, 0.2003543216114243, 0.17637312902758517, 1.2765481673181056, 0.5550663452595472, 0.4535389058291912, 0.35827280580997467, 0.5113837763667106, 0.8478731503710151, 1.050543390835325, 1.148448786387841, 0.6920152008533478, 0.6041045592476924, 0.5470850467681885, 0.39034959177176154, 0.4368526116013527, 0.4441307492554188, 0.43186105042696, 0.43610781989991665, 0.4486704543232918, 0.45150168612599373, 0.5286952871829271, 0.4752858988940716, 0.42254988104104996, 0.6757677271962166, 0.40747363070646925, 0.48633031770586965, 0.5482230708003044, 0.7479463867843151, 0.37738000601530075, 0.7585446387529373, 0.2996672414243221, 0.799235112965107, 0.4688654069064392, 1.0008006304502488, 0.23803443579624095, 0.8925907928496599, 1.1470806896686554, 0.7653313047097375, 1.4271752089262009, 0.2485901874800523, 0.293608121573925, 0.7884154185652733, 0.32001077342364526, 0.34373553966482484, 0.6007854789495468, 0.3053051332632701, 0.6025922472278277, 1.1832756251096725, 0.9865528345108032, 0.21074422262609005, 0.7272347703576088, 0.5197593234479427, 0.3335542306303978, 0.4626348986186915, 0.43332770218451816, 0.6081799119710922, 0.6274301633238792, 0.6379877999424934, 0.6417737595736981, 0.21084719016734096, 0.8998473435640335, 1.2127986550331116, 0.785758675634861, 0.20548787154257298, 0.29956946025292075]
2025-11-14 17:41:13 - fedrand - INFO - loss data:
2025-11-14 17:41:13 - fedrand - INFO - [0.5644388511776924, 0.9182968884706497, 0.6297187320888042, 0.9161960028111935, 0.8839273461813314, 1.890497009968385, 1.2242685571312903, 0.5809963122010231, 0.5809854045510292, 0.40169509015977384, 1.121542977169156, 0.5422549076378346, 0.6056844815611839, 0.5867779925465584, 0.5387376323342323, 0.9012055993080139, 0.5978127894923091, 0.32526339292526246, 0.9005730673670769, 0.6784359812736511, 0.40516916289925575, 0.9252814203500748, 0.6270383894443512, 0.7618881389498711, 0.7775419000536203, 0.6915864259004593, 0.5754994824528694, 0.5345015078783035, 0.5488379423816999, 0.29729461049040157, 1.1871051996946336, 0.9239926487207413, 0.5062847286462784, 0.7051929607987404, 0.3014376436670621, 1.6630510091781616, 0.5875134070714315, 0.46433097372452414, 0.48158294782042504, 0.7109169438481331, 1.1431697197258472, 0.5929071176797152, 0.8497196286916733, 0.6309225857257843, 0.2661033943295479, 1.6432397961616516, 0.2709972215234302, 0.3380616523325443, 0.40334269404411316, 0.48737622052431107, 0.40764948511496185, 1.6935352064669131, 0.8113970232920514, 0.3092413995414972, 1.2706262320280075, 0.8752434104681015, 0.6343967318534851, 0.5295442402362823, 0.38853125721216203, 0.3240940775722265, 0.3489167934283614, 0.048760426230728626, 0.491517798230052, 0.3194715045392513, 1.93883316218853, 0.8268399089574814, 0.504547331482172, 0.37743537997206056, 0.9409018158912659, 0.5600192472338676, 0.4637608975172043, 0.5670660585165024, 0.3652076929807663, 1.085203147984834, 1.3156573793850839, 0.3200081065297127, 0.6818397983908653, 0.2857556827366352, 0.5956035126000643, 1.0384329613298178, 0.3712724850823482, 0.31326585014661157, 0.09161180105002131, 2.900462198257446, 0.28272246179403737, 0.13317779948960784, 1.34629772529006, 0.30476191472262143, 0.8317781984806061, 0.6420158445835114, 0.30718846507370473, 1.3404123112559319, 0.6008077375590801, 0.15981379373826915, 0.030287377381076414, 1.8178541145753115, 0.5316449447224537, 0.6103799410164357, 0.44943639263510704, 0.7686823569238186, 0.3715524412691593, 1.0012303441762924, 0.3587272971868515, 0.3287309146318067, 4.099836587905884, 0.9246447125915438, 0.8384416960179806, 0.3643662636944403, 0.2441817590345939, 0.6703164987266064, 0.4664866700768471, 0.3002085934082667, 0.19919926971197127, 0.32361256927251814, 0.5468018352985382, 0.4536862850189209, 0.4176801983267069, 0.4678182065486908, 0.356402954707543, 0.3591185435652733, 0.3031625401991833, 1.0591744631528854, 0.23861764837056398, 0.916274219751358, 0.4073077209293842, 0.48241953924298286, 0.4707833670079708, 0.6634397506713867, 0.46016889065504074, 0.4563399207674795, 0.11781405303109851, 0.8378753704277592, 1.2437071299452025, 0.3015591388102621, 0.16382483018484587, 0.18921523469810686, 0.17877613070110482, 1.2738334506750106, 0.5678931716829538, 0.3877519331872463, 0.3780047744512558, 0.4019991721957922, 1.0233603343367577, 0.9982323826601108, 1.1996835321187973, 0.6929262675344944, 0.5844167359173298, 0.573169507086277, 0.38695117086172104, 0.4078627619892359, 0.4034924477338791, 0.4103975221514702, 0.37740460596978664, 0.5889097191393375, 0.40084559470415115, 0.5455968715250492, 0.48976311832666397, 0.48725949972867966, 0.8236224129796028, 0.3870763485630353, 0.5197911024093628, 0.5274477750062943, 0.9222416236996651, 0.4087128428121408, 0.8568191826343536, 0.33031503930687905, 0.7515094541013241, 0.41460457821894026, 0.8841845117509365, 0.27237339826921625, 0.778134111315012, 0.8709213361144066, 0.5705406139087346, 1.260305941104889, 0.2819467584292094, 0.2581663317978382, 0.5837307550013066, 0.38126924758156144, 0.30733141737679637, 0.5352742113173008, 0.2758099997105698, 0.5572581156674359, 1.1766653470695019, 0.8841642439365387, 0.2036738739659389, 0.6646109566092491, 0.36646097898483276, 0.2963647022843361, 0.5244624842372205, 0.4048300248881181, 0.5819018140435219, 0.49245483676592505, 0.6391138024628162, 0.6810634512454271, 0.2290456401080721, 1.2410064339637756, 1.1916736364364624, 0.796115405857563, 0.2027800016105175, 0.26634194018940127]
2025-11-23 09:45:21 - fedrand - INFO - loss data:
2025-11-23 09:45:21 - fedrand - INFO - [0.5922812618780882, 0.6731086966064241, 0.4504252076148987, 1.0095605980604887, 0.622093154489994, 0.7757834114134312, 0.6080882251262665, 0.6697548676696088, 0.7770625986158848, 0.6326623491942882, 0.8900542259216309, 0.6984347969293594, 0.37374862022697924, 0.6523047387599945, 0.5878295452437468, 0.6280480559087462, 0.5319847409923871, 0.4852972874417901, 0.5202995849773288, 0.5668451926903799, 0.6563541449606418, 0.492940753698349, 0.4835383316501975, 0.4274107713252306, 0.4410441508516669, 0.4918832832326492, 0.5462928634136915, 0.4500207342207432, 0.5037133933976292, 0.4265454180538655, 0.5173187152482569, 0.6203087899419997, 0.37399988644756377, 0.2855318484827876, 0.4070658792508766, 0.4556870386004448, 0.39302864000201226, 0.44127972796559334, 0.3847786729068806, 0.29095956971868875, 0.5527369607239961, 0.44884213246405125, 0.29956447035074235, 0.44707935862243176, 0.43507900424301627, 0.48307177871465684, 0.4237160120159388, 0.36943046655505896, 0.5856175360580286, 0.42821609741076827, 0.2898159382864833, 0.41025860607624054, 0.3625313090160489, 0.40626551202601857, 0.2998593876603991, 0.25382347820559514, 0.3899957604706287, 0.2971808589063585, 0.4193749936297536, 0.3532522404566407, 0.4208175800740719, 0.3522419178218115, 0.3243325430899858, 0.33991074599325655, 0.3612483771285042, 0.41894881539046763, 0.3911118424601025, 0.409736979752779, 0.40342403799295423, 0.4162600710988045, 0.29790597966639326, 0.3536899084225297, 0.28946591913700104, 0.2959812836721539, 0.30119752399623395, 0.3279918175190687, 0.3781411767937243, 0.29564899429678915, 0.3501813461072743, 0.38400201918557286, 0.4456375863403082, 0.3962314948439598, 0.39360665826825425, 0.40833704154938455, 0.3743508872576058, 0.35911671854555605, 0.24932281561195851, 0.4009277280420065, 0.4061261521637789, 0.4008992414921522, 0.3572225613312589, 0.28644434120506046, 0.3269654558971524, 0.3852896448224783, 0.3009894068870279, 0.3027964222244918, 0.3243034277111292, 0.31100608427077536, 0.31073727309703825, 0.38993857726454734, 0.31957530369982123, 0.41612808369100096, 0.3684412848204374, 0.5616347961127758, 0.31960358954966067, 0.2854636081494391, 0.3878666991367936, 0.36572771742939947, 0.36029341332614423, 0.327537955964605, 0.29341412377543746, 0.2717556596035138, 0.3641623277508188, 0.3319731328636408, 0.24293239787220955, 0.2408675031736493, 0.32351668644696474, 0.37853324088468476, 0.3761954117152426, 0.2570593528449535, 0.2588032984174788, 0.3511927339248359, 0.34219779167324305, 0.3584233110770583, 0.3546404522843659, 0.3341251667588949, 0.3344517286556462, 0.2644508481439617, 0.29253530548885465, 0.3887799851596355, 0.38425181386992335, 0.3280580920400098, 0.25577351986430585, 0.27140820217318834, 0.4735901612788439, 0.3217523373197764, 0.2601038748398423, 0.3920528051443398, 0.29121065232902765, 0.2625075217336416, 0.2520801439881325, 0.35297487154603, 0.27554649729281666, 0.24364975240961131, 0.25326840530033223, 0.31489013275131583, 0.2789127256721258, 0.22727302651619538, 0.2731954801827669, 0.3033102716319263, 0.2776674058288336, 0.2838315517175943, 0.2941498512402177, 0.40787086077034473, 0.3888286966830492, 0.44927592389285564, 0.27057240303191876, 0.2948573593981564, 0.251450383849442, 0.45505400449037553, 0.2898931749165058, 0.20313438978046178, 0.2637360576540232, 0.28956422992050646, 0.3666947143152356, 0.3753128103911877, 0.2798196729272604, 0.258217072673142, 0.2651279551908374, 0.3268362325616181, 0.328725794951121, 0.3953414162620902, 0.19597887247800827, 0.25610900670289993, 0.264368087798357, 0.30142148612067104, 0.4922635734081268, 0.3642975957482122, 0.2900120747275651, 0.26343916583185395, 0.2881805682554841, 0.22430672738701105, 0.2616348162293434, 0.36908929497003556, 0.3698166683316231, 0.3948034390807152, 0.4431811962276697, 0.2794009242206812, 0.3764395131729543, 0.3197136927396059, 0.3039570864289999, 0.22922630421817303, 0.3501726984977722, 0.29353276776770754, 0.2306117064629992, 0.3010247327387333, 0.2281963374465704, 0.27080617994070055, 0.3247168680652976, 0.29778804862871766]
2025-11-23 12:12:46 - fedrand - INFO - loss data:
2025-11-23 12:12:46 - fedrand - INFO - [0.3963658340275288, 0.5008891291916371, 0.5661748602986336, 0.5486940801143646, 0.5862051226198673, 0.45705092530697583, 0.5574084490537643, 0.9533577710390091, 0.5323919001966715, 0.26669578067958355, 0.9995391711592674, 0.7365821801126002, 0.5820349849760532, 0.5643512271344662, 1.0733735471963883, 0.546672298014164, 0.42878557443618776, 0.5254357419908047, 0.4901608306914568, 0.49966239705681803, 0.4973598551005125, 0.21017100401222705, 0.7220412835478782, 0.5060682520270348, 0.5237389288842678, 0.4292890321463346, 0.4477883704006672, 0.5406222272664308, 0.4401822164654732, 0.39544507060199974, 0.5338502556085587, 0.3306988566182554, 0.46684415489435194, 0.32828426994383336, 0.45720193684101107, 0.584698810428381, 0.682851529866457, 0.6324812717735767, 0.36694607995450496, 0.42545600086450575, 0.4516335241496563, 0.4217617277055979, 0.3973929852247238, 0.3218896482139826, 0.44796194992959504, 0.3690180916339159, 0.33143740966916085, 0.39594821743667125, 0.36577717363834383, 0.37603189889341593, 0.2997185029089451, 1.0573618547990917, 0.740629106760025, 0.46197165809571744, 0.32061357609927654, 0.9298480585217476, 0.31504229363054037, 0.43303645923733713, 0.23100948818027972, 0.48561020717024805, 0.37103591244667766, 0.3338636107742786, 0.32918843822553756, 0.23214761847630144, 0.31041131224483254, 0.45540521666407585, 0.5361557431519032, 0.22334672342985867, 0.3875304151326418, 0.25100581729784605, 0.23579291719943285, 0.3777901394292712, 0.42545838430523875, 0.30757783269509675, 0.36145873423665764, 0.29493298921734096, 0.22937183333560823, 0.4724851123988628, 0.3504410059656948, 0.25761340726166965, 0.6397998631000519, 0.28521346040070056, 0.3386483496055007, 0.2230739902704954, 0.3294716890901327, 0.37934566009789705, 0.5219504364766181, 0.3451996047049761, 0.2894060844555497, 0.35251632109284403, 0.3600477810949087, 0.34744826834648845, 0.6563536308705806, 0.38107866756618025, 0.42997937798500063, 0.38960223756730555, 0.3334137063473463, 0.22174311224371196, 0.4251596055924892, 0.40492744855582713, 0.32682988280430436, 0.54550551623106, 0.26045315712690353, 0.42467354275286195, 0.3038473716005683, 0.29990059733390806, 0.3137116651982069, 0.29556223172694446, 0.7454992927610874, 0.7089841932058334, 0.39500813782215116, 0.25437631234526636, 0.3004685461521149, 0.20725557813420892, 0.4446115270256996, 0.5602208444848656, 0.3962777514010668, 0.2989876264706254, 0.27467560609802605, 0.48939053490757944, 0.24960400331765414, 0.35627164598554373, 0.4069367764517665, 0.6989212956279516, 0.17386056650429965, 0.4008797639980912, 0.42580871358513833, 0.22487238124012948, 0.5012009590864182, 0.33199413046240805, 0.24550602305680513, 0.2470012539997697, 0.22493015192449092, 0.6657112881541252, 0.21325153494253754, 0.15038336496800184, 0.6579351782798767, 0.2035978887230158, 0.1968897944316268, 0.43599872291088104, 0.3988832198083401, 0.34332265257835387, 0.3091828290373087, 0.4486370302736759, 0.31900591142475604, 0.39879707247018814, 0.2955161422491074, 0.31806760653853416, 0.3937182955443859, 0.4208695203065872, 0.2902716575190425, 0.25040553845465185, 0.3408289417624474, 0.36966316103935243, 0.4092262960970402, 0.427768849208951, 0.2683164268732071, 0.359544488042593, 0.30170651040971275, 0.25356353279203175, 0.3831626556813717, 0.24292566254734993, 0.37909417748451235, 0.4122042920440435, 0.30120346918702123, 0.361653658375144, 0.34200620241463187, 0.34817796275019647, 0.3575316555798054, 0.33174424692988397, 0.4062826160341501, 0.23239753097295762, 0.17086820863187313, 0.1496611073613167, 0.627364857122302, 0.5511775573715568, 0.8451935485005379, 0.5198043597862124, 0.5392715945839882, 0.18930377066135406, 0.4703512955456972, 0.4240082710981369, 0.2625038018450141, 0.23811734262853862, 0.25326281860470773, 0.4177346907556057, 0.5243974056094884, 0.37552978023886685, 0.3596675740554929, 0.2598837472498417, 0.49653884433209894, 0.33260388039052485, 0.37898555099964143, 0.4078219335526228, 0.45652693435549735, 0.3276183471083641, 0.33868383429944515, 0.24065999649465084, 0.25750600509345534, 0.33443223163485525]
2025-11-23 15:19:58 - fedrand - INFO - loss data:
2025-11-23 15:19:58 - fedrand - INFO - [0.49581529553979636, 0.8338724065572023, 0.5062130040489137, 0.48259799629449845, 0.8000320985913276, 0.6373224568863709, 0.26231462312862275, 0.5648937913123518, 0.5556854659691453, 0.4292468139901757, 0.42451255293563006, 0.4667200915515423, 0.4227671787142754, 0.32677277671173216, 0.5761191491037607, 0.4187972157572707, 0.5026389332488179, 0.5930454656481743, 0.4481303825974464, 1.2290303971618415, 0.5208290589507669, 0.5881890095770359, 0.6971935708075763, 0.47800299283117054, 0.5955856919288636, 0.2728411331772804, 0.5234206991270185, 0.5655715718865395, 0.43561751376837493, 0.5181003806491693, 0.28801091918721794, 0.2213663441129029, 0.457319903622071, 0.3668767106719315, 0.5372832395136357, 0.48680612053722144, 0.3476948981173337, 0.4015647701919079, 0.48704747669398785, 0.4372218239121139, 0.3301596911624074, 0.42381140012294055, 0.35618303846567867, 0.22162696701707318, 0.17122832676395774, 0.639356828480959, 0.46010215394198895, 0.4569189939647913, 0.34250368674596154, 0.44702998325228693, 0.3789029979457458, 0.20251481654704548, 0.5243141259998083, 0.2627204970223829, 0.5112761515192688, 0.6163601532578469, 0.2894410934997722, 0.3014768692664802, 0.30236776508390906, 0.303417873258392, 0.24174251975491642, 0.19733828995376826, 0.2572807241231203, 0.4041638574252526, 0.3432004861533642, 0.29149344337638466, 0.21881369557231664, 0.5511691778898239, 0.3770090630976483, 0.4337928891181946, 0.1770111188525334, 0.47465624076624713, 0.4858212348073721, 0.21044346663790442, 0.25314877592027185, 0.24243259622016922, 0.3888624422252178, 0.21335261078784243, 0.3871776670217514, 0.3914135737965504, 0.3238959852606058, 0.2196103758062236, 0.3775670720885197, 0.24247803423786535, 0.701566854864359, 0.31121476494396727, 0.30993548408150673, 0.20257749352022075, 0.23571439757943152, 0.29347719457000493, 0.27387409694492815, 0.2406397646293044, 0.12876604716293513, 0.3750420739874244, 0.3100828941911459, 0.17509471504793814, 0.35583561402745545, 0.35181019082665443, 0.2940348074771464, 0.2307024165056646, 0.23669691001996399, 0.36889573745429516, 0.24934515814917785, 0.1496291594870854, 0.2554073938168585, 0.37148641352541745, 0.2751106562558562, 0.16274920902214945, 0.15574947235484918, 0.22260487787425517, 0.3026188716292381, 0.2363264863844961, 0.32602398470044136, 0.14455104982480405, 0.3537440871198972, 0.23607748923823238, 0.34066155338659887, 0.2500108685810119, 0.3469793189316988, 0.33074953965842724, 0.27342901211231946, 0.3591437965631485, 0.4156973940785974, 0.2975265342742205, 0.5013380778022111, 0.21741902912035585, 0.2856187231373042, 0.2637579437966148, 0.18518266784958543, 0.13750305748544633, 0.20986193938491243, 0.3207430440932512, 0.24654140984639525, 0.3398544266199072, 0.24956268678652122, 0.24352359655313194, 0.26725603369995954, 0.46146163328861195, 0.3397193029522896, 0.2748776631429791, 0.24148228578269482, 0.3142218448221683, 0.1876149360090494, 0.2835531707853079, 0.2834975905716419, 0.18019060445949436, 0.44461775342933835, 0.29352208515629175, 0.4689698278903961, 0.5707994997501373, 0.38938489866753423, 0.3753877356648445, 0.20516474209725855, 0.25775403608568015, 0.22155771777033806, 0.26682881948848564, 0.45166488252580167, 0.33425567504018544, 0.1735491245985031, 0.18617339560296386, 0.8994188282638789, 0.15800368273630738, 0.48260437180288135, 0.16030419431626797, 0.11359568242914975, 0.30512225823476913, 0.31271896325051785, 0.41132583003491163, 0.23421994938204688, 0.12037707809358836, 0.4101766664534807, 0.1654098216444254, 0.3427454877644777, 0.18273454876616596, 0.2347246284596622, 0.22892053877003493, 0.6082619903609157, 0.23744213348254561, 0.2685082270453374, 0.1439154866617173, 0.14267487484030425, 0.2347044506110251, 0.3409923052880913, 0.2996037342896064, 0.7813008442521094, 0.3215818706899881, 0.2589282835368067, 0.25566725758835673, 0.18338774959556758, 0.3506491815671325, 0.7243395522236824, 0.5854766272008419, 0.26040553152561186, 0.14578197626397013, 0.3258219752460718, 0.5992631752043962, 0.6062420260782043, 0.3050722207874059, 0.19354699978915352, 0.23321179719641805]
2025-11-26 18:00:26 - fedrand - INFO - loss data:
2025-11-26 18:00:26 - fedrand - INFO - [0.5558442482259125, 0.669414443274339, 0.44703098237514494, 0.9601694568991661, 0.6473342917859555, 0.7937513807788491, 0.6337279812432826, 0.6556977860629558, 0.792140943929553, 0.6425340279936791, 0.9034698093309999, 0.7380332827568055, 0.39631592519581316, 0.6554445147514343, 0.6215484886326723, 0.6390753251810868, 0.564276925722758, 0.5318127501755953, 0.5744068786501885, 0.6121057788550388, 0.6863727547228337, 0.548519111610949, 0.539317748695612, 0.5232097584754228, 0.4753158973529935, 0.5189271542761061, 0.6000690467655658, 0.5505049124360084, 0.5067728083580733, 0.46709971204400064, 0.6055845722556115, 0.6521537717845705, 0.4352402923803311, 0.39011911265552046, 0.5860282892361284, 0.5215116180479527, 0.4664587935432792, 0.4623963769990951, 0.5659497352316976, 0.44721417147666215, 0.6455191738903523, 0.5156565006822348, 0.42095304783433674, 0.5165583603084087, 0.565921382047236, 0.5330237243324518, 0.6070080451667309, 0.5459686974063516, 0.7922575217154291, 0.4876435035839677, 0.5431155145168305, 0.6046945191919804, 0.4634834498167038, 0.5607914187014102, 0.39756468336563555, 0.35085977545350033, 0.5644658111035824, 0.4358865190297365, 0.5480663254857063, 0.5529416240751743, 0.5635344132781028, 0.42303896785597317, 0.4192663073539734, 0.395979243144393, 0.49032541597262025, 0.5815784230828285, 0.5087082104550468, 0.515552009921521, 0.5739106830209494, 0.560375739634037, 0.39342579417862, 0.45196679309010507, 0.4118347819894552, 0.394686284661293, 0.34320959225296976, 0.4343204844743013, 0.5128840889781714, 0.37709645871073005, 0.47513806908391415, 0.49202571995556355, 0.523768650367856, 0.45953001314774156, 0.4603344328934327, 0.5030068263411522, 0.48745638485997916, 0.561959944665432, 0.3196299958974123, 0.5562049355357885, 0.5120518459007144, 0.604939553141594, 0.4564775136609872, 0.36493925414979456, 0.4578407723456621, 0.49233344569802284, 0.40007639821204877, 0.3883798748254776, 0.4306863140314817, 0.4117558363825083, 0.40245501063764094, 0.40954146832227706, 0.5202242285013199, 0.4580443434417248, 0.3215752221643925, 0.6867671936750412, 0.3796116277575493, 0.3597796090878546, 0.462782921269536, 0.4969345033168793, 0.42734883092343806, 0.4569123310347398, 0.4019599978812039, 0.35046056755689076, 0.4360972768627107, 0.42441192567348485, 0.37181662395596504, 0.33902240097522734, 0.3863577712327242, 0.33464490360105026, 0.53775418880913, 0.2907523509114981, 0.371308936085552, 0.3433546908898279, 0.46846652776002884, 0.5126806383021176, 0.4729942774400115, 0.46731027886271476, 0.3880581192465292, 0.3762388936761353, 0.4082470014691353, 0.4484054945409298, 0.43901388882659376, 0.36405011925671715, 0.3194988612085581, 0.3478847580936417, 0.4934306778013706, 0.43038996937684715, 0.3639263641089201, 0.46662487611174586, 0.39474486131221054, 0.363332125875685, 0.3631830755621195, 0.45226063095033164, 0.35997859872877597, 0.34055684237844414, 0.3335306832086644, 0.39013894461095333, 0.365882250899449, 0.3479003608226776, 0.35801172591745856, 0.4095003973692656, 0.363895421102643, 0.3856817959342152, 0.346922617033124, 0.516946813557297, 0.39178392849862576, 0.43829665519297123, 0.3481471942116817, 0.36911177802830936, 0.3307473465800286, 0.5095649719238281, 0.39217920154333114, 0.2752045013010502, 0.3602023132145405, 0.38261826559901235, 0.45229293378069996, 0.4368406825698912, 0.34349738135933877, 0.3406834589317441, 0.3259071635082364, 0.43063209764659405, 0.4898811425599787, 0.4127522226423025, 0.36705124378204346, 0.46420791579617393, 0.3155832316726446, 0.40496541615575554, 0.5261332347989083, 0.47134787612594664, 0.371437593922019, 0.3273357526709636, 0.3876497521996498, 0.2792927220463753, 0.3133963603526354, 0.4866766419261694, 0.46167716663330793, 0.475135350599885, 0.5700730415992439, 0.3492903675884008, 0.5658962354063988, 0.398533059284091, 0.4123696957714856, 0.31773743219673634, 0.41942181922495364, 0.39821109577185576, 0.27619561863442266, 0.4686077289283276, 0.295226463675499, 0.35311460085213187, 0.42137447781860826, 0.3526212074793875]
2025-11-26 19:36:52 - fedrand - INFO - loss data:
2025-11-26 19:36:52 - fedrand - INFO - [0.41796294674277307, 0.499451544880867, 0.5634318742901087, 0.5383488904684782, 0.5949655175209045, 0.45567099191248417, 0.5129406977444887, 1.0978025406599046, 0.5174416270107031, 0.29606224931776526, 1.0067860022187234, 0.7803837701678276, 0.5881797585636377, 0.5652981340885163, 1.1665564239025117, 0.5676528364419937, 0.4907013691961765, 0.6155327960848809, 0.5473830338567496, 0.5450486980378628, 0.5904043130576611, 0.22676439099013806, 1.0233912490308286, 0.5317177437245846, 0.5618722110986709, 0.4750054463744164, 0.5283860750496387, 0.5739633791148662, 0.5480440482497215, 0.5567786209285259, 0.5422938242554665, 0.33800252713263035, 0.4932424126192927, 0.34665111303329466, 0.5294330045580864, 0.6774903818964958, 0.5884135618805886, 0.7791460156440735, 0.38753827959299086, 0.4949170045554638, 0.4894920513033867, 0.4862804818898439, 0.45741087272763253, 0.364271130040288, 0.5806851387023926, 0.45824430808424954, 0.39343254193663596, 0.5132472053170204, 0.4784590803086758, 0.5657737143337727, 0.42096306532621386, 0.8530281338840723, 0.8907879412174224, 0.5433950170874595, 0.4429974086582661, 0.8289304435253143, 0.362706274073571, 0.4988273806869984, 0.30020147990435364, 0.6623389706015587, 0.549474086612463, 0.4814285412430763, 0.40707193203270436, 0.3003842141479254, 0.4182381726801395, 0.579678462818265, 0.7713262315839529, 0.25044218860566614, 0.5284323547035455, 0.31449138689786194, 0.33577994592487814, 0.35207354426383974, 0.614622225612402, 0.39128476567566395, 0.43977263327687977, 0.39544040374457834, 0.3070871070027351, 0.5963065430521965, 0.37303261253982783, 0.32075381707400086, 0.6335615590214729, 0.36894352324306967, 0.39046983923763035, 0.2945811478421092, 0.40955233834683896, 0.5804858668707311, 0.6783342544920743, 0.49164507985115047, 0.3721512209624052, 0.42769606560468676, 0.42907394021749495, 0.3507866904139519, 1.0179528340697288, 0.3917869161814451, 0.5590957820415496, 0.49163873456418516, 0.4185748636722565, 0.2972023207694292, 0.49953402020037174, 0.5321363624185325, 0.37928804466500876, 0.5240245461463928, 0.32606009505689143, 0.4069004811346531, 0.37034158036112785, 0.37327214069664477, 0.49636309742927553, 0.40005102660506964, 0.590759351477027, 0.7633448258042336, 0.4127199038863182, 0.31823088210076095, 0.3751842822879553, 0.2134892363101244, 0.48647534437477585, 0.6636494554579258, 0.46009619124233725, 0.3870944816619158, 0.3015865203924477, 0.5435488298535347, 0.3466610573232174, 0.46715340949594975, 0.4216960269957781, 0.5841837823390961, 0.24591666534543039, 0.5162609601393342, 0.49218145981431005, 0.31973212510347365, 0.5306073993444442, 0.37664558123797176, 0.31010490749031305, 0.38462796397507193, 0.3317867059260607, 0.7962050899863243, 0.27869768496602776, 0.1861139022745192, 0.7123065948486328, 0.2792587962001562, 0.34386343508958817, 0.5130636602640152, 0.4451310344040394, 0.48950591050088404, 0.4006769176572561, 0.4652532659471035, 0.40231796242296697, 0.4917535774409771, 0.3686421923339367, 0.40448785573244095, 0.3524557873606682, 0.3892890244722366, 0.35408940352499485, 0.3533138033002615, 0.4292385049164295, 0.41734576150774955, 0.40835250839591025, 0.4609127290546894, 0.369464123249054, 0.45758897848427293, 0.3681281961500644, 0.3335258770734072, 0.5361047357320785, 0.3662360727787018, 0.494235011190176, 0.3618211101740599, 0.37563683465123177, 0.5053521398454904, 0.41211174577474596, 0.3829041115939617, 0.4133259393274784, 0.474121805280447, 0.44888113662600515, 0.2940492805093527, 0.2421790339052677, 0.19643797725439072, 0.6197580959647894, 0.5685009818524123, 0.9239161610603333, 0.5839490618556737, 0.6686782076954841, 0.3113486943766475, 0.5443611703813076, 0.5503101680427789, 0.32075504437088964, 0.3053809404373169, 0.3101518679410219, 0.5159612733870744, 0.6150031663477421, 0.49673185348510746, 0.44241609387099745, 0.3089700132608414, 0.6419262088835239, 0.44088189266622063, 0.4481538701802492, 0.49129525981843475, 0.6295340523123741, 0.4358763560652733, 0.33026727065443995, 0.3311012960970402, 0.3048858489841223, 0.3688046433031559]
2025-11-26 21:15:40 - fedrand - INFO - loss data:
2025-11-26 21:15:40 - fedrand - INFO - [0.5253133453428745, 0.8032286025583744, 0.5068569492548705, 0.47252533975988625, 0.8386202588677406, 0.6619310552875202, 0.3219398055225611, 0.5745986812748015, 0.5944902547635138, 0.4740326199680567, 0.392971059679985, 0.4719685036689043, 0.46319087855517865, 0.33241095673292875, 0.5909875533543527, 0.44539069198071957, 0.5381156103685498, 0.6268914118409157, 0.5231623485684395, 1.1953467171639205, 0.458157844748348, 0.6130490142852068, 0.7899699231609703, 0.4662540884688497, 0.6215898975729943, 0.30379144228063526, 0.6984887255355716, 0.5833207987248897, 0.44232027176767585, 0.5830057094494502, 0.31169670571883523, 0.2315721908584237, 0.4975230044374863, 0.4022810813039541, 0.6098576091229916, 0.5307557319290936, 0.40447732405737047, 0.3991535447537899, 0.6337573539465665, 0.47672126023098826, 0.39536259360611437, 0.524210955388844, 0.4433145496994257, 0.23934474433772265, 0.17595029114745558, 0.7869430743157864, 0.5391137592494488, 0.8264167755842209, 0.4644458250453075, 0.5535148620605468, 0.4572437308728695, 0.25777437156066296, 0.5565385612659156, 0.31059063216671345, 0.6785357233136893, 0.6571785017848015, 0.34473750540055337, 0.3845136873424053, 0.4044727127067745, 0.36527816454569495, 0.2822171615436673, 0.21794395516626536, 0.35865781400352714, 0.47809234336018563, 0.4330445006489754, 0.39499561619013546, 0.28650052566081285, 0.5936336286365986, 0.3445476367138326, 0.6483792915940285, 0.292757336050272, 0.7244469476242861, 0.4469848400913179, 0.26443000581736364, 0.3329313368536532, 0.31729862121865154, 0.5602218523621558, 0.3241427283734083, 0.49077481888234614, 0.4306358195220431, 0.5613833725452423, 0.39122147373855115, 0.5976620845496654, 0.339203676674515, 0.7749985948204994, 0.39521284904330967, 0.37297669922312104, 0.2578095315024257, 0.30277846520766616, 0.4195102371275425, 0.4253755025565624, 0.3454700831323862, 0.16596029084175826, 0.5329659730195999, 0.480850313603878, 0.25519550159418336, 0.5203628747723996, 0.4211212657392025, 0.4129807375371456, 0.3571879700757563, 0.2726224590092897, 0.4711712412536144, 0.32360418497895205, 0.2234823872335255, 0.2801273032091558, 0.45207035820931196, 0.4027054456062615, 0.2235758307389915, 0.2285600228390346, 0.2837386479601264, 0.48679737336933615, 0.35863407310098405, 0.41763417795300484, 0.17654355918057263, 0.4580855052918196, 0.3337302109226584, 0.42952026417478917, 0.2726788714528084, 0.45948349982500075, 0.46042022071778776, 0.40014864318072796, 0.483121731504798, 0.6230790607631207, 0.3187755638733506, 0.7368531794287264, 0.27757747266441585, 0.3926216309890151, 0.4066117140154044, 0.2609010430984199, 0.22996364617720247, 0.3089135396294296, 0.46572577161714435, 0.36028186045587063, 0.46860670267293847, 0.3761295272037387, 0.3875376719981432, 0.3689183135982603, 0.49784859642386436, 0.5393315028399229, 0.34601957108825443, 0.30948579125106335, 0.45569214001297953, 0.2535856203176081, 0.4075901591219008, 0.38656628504395485, 0.2318022411316633, 0.36180932354182005, 0.48780735693871974, 0.7244504727423191, 0.5154938977211714, 0.4470960758626461, 0.5761769078671932, 0.24003613777458666, 0.3309380240738392, 0.2911511920392513, 0.4087366495281458, 0.6443252071738244, 0.4187006413936615, 0.24455822659656407, 0.2652117979712784, 1.0556767113506793, 0.29693007562309504, 0.6490447187330574, 0.24896386489272118, 0.17170224599540235, 0.42052778247743844, 0.3020236976444721, 0.5619265699759126, 0.31673302687704563, 0.16038667084649205, 0.5594849668443203, 0.20348776187747716, 0.41102508194744586, 0.24058234952390195, 0.32298370935022835, 0.32604247657582164, 0.7252590836957098, 0.4348337035626173, 0.433899745096763, 0.2178678391035646, 0.19894436243921518, 0.3247052326798439, 0.3097308535128832, 0.4219917722667257, 0.9955688789486885, 0.47810222283005716, 0.4327262939419597, 0.3279388589784503, 0.1909491468220949, 0.312106460519135, 0.9085063204169272, 0.7721763081848622, 0.39495240077376365, 0.18049721978604794, 0.29905344918370247, 0.7452495396137238, 0.7566607454170784, 0.47513872347772124, 0.2839019983075559, 0.3731850396376103]
2025-12-18 17:53:07 - fedrand - INFO - loss data:
2025-12-18 17:53:07 - fedrand - INFO - [0.6791556033823225, 0.4729095004498959, 1.1121823284775019, 0.6213769122958184, 0.6964466951787471, 0.578141353558749, 0.7418836103545294, 0.7533163568004966, 0.6394678711891174, 0.9265293423086405, 0.667851360887289, 0.3657160673290491, 0.6455300211906433, 0.5905424994933937, 0.6289323680102825, 0.5375718778206242, 0.49276005029678344, 0.5384567577391863, 0.5737750292755663, 0.6825727865099906, 0.43802893348038197, 0.5121816927567124, 0.4966776391491294, 0.43124473178759215, 0.47067535623080203, 0.5672207631170749, 0.523564843647182, 0.5200170155614614, 0.4325909487903118, 0.5566610304638744, 0.596580979724725, 0.4169961922802031, 0.4012139864265919, 0.4167631298303604, 0.49199636094272137, 0.4187832003459334, 0.43109319130599033, 0.4784053925735255, 0.3381778017617762, 0.5472469083964825, 0.44285891987383363, 0.31553869508206844, 0.4614160219207406, 0.4444707464426756, 0.4351855920627713, 0.4804760035127401, 0.5077468219678849, 0.5438451651069853, 0.40867294929921627, 0.33505234830081465, 0.48896708339452744, 0.3924919832497835, 0.4336998965177271, 0.30914989751763644, 0.2706562533043325, 0.38497096225619315, 0.2967945612035692, 0.44721079561859367, 0.35970970802009106, 0.37663364186882975, 0.2763681369833648, 0.34133787639439106, 0.2953427419066429, 0.35955133580137044, 0.4172139288857579, 0.3951469134125445, 0.4339190708124079, 0.453269967623055, 0.41090164631605147, 0.28802604286465794, 0.37772212345153094, 0.2680454687215388, 0.29558657398447397, 0.27692189160734415, 0.36096851378679273, 0.3852972103282809, 0.27974912952631714, 0.34851242969743906, 0.4193919035606086, 0.40146248796954753, 0.36597863826900723, 0.30182251799851656, 0.36795144043862815, 0.34663563426584004, 0.3485068343579769, 0.2090758942067623, 0.33142458368092775, 0.5902644904563203, 0.3650059770792723, 0.33101782312409744, 0.3174075309187174, 0.2880673995241523, 0.40314128417521716, 0.2953513727005985, 0.2977897594217211, 0.35355625003576274, 0.3177036490291357, 0.2885856296867132, 0.3525899974629283, 0.29592079296708107, 0.33825616016983984, 0.2735418975353241, 0.5192721926607191, 0.29823533855378626, 0.2653386757709086, 0.35654099844396114, 0.3342563334852457, 0.33728887178003786, 0.33959431896607084, 0.28297768734628337, 0.26160379791528815, 0.2924568618182093, 0.3712328853085637, 0.2298911139369011, 0.2421650506556034, 0.30022511817514896, 0.3080444824623151, 0.39441030389732784, 0.2263170788064599, 0.35457970378920434, 0.2507386820972897, 0.37014177651144564, 0.32963239438831804, 0.32506143003702165, 0.3913424782222137, 0.29632719329351354, 0.2572556460069286, 0.36497294064611197, 0.33741549849510194, 0.36268323427066207, 0.29451870277989656, 0.2165084732696414, 0.2649714245228097, 0.4158516561612487, 0.28041927041485903, 0.2585853325435892, 0.3487266993150115, 0.2902700050268322, 0.24992025128255285, 0.26149257775396106, 0.32499816864728925, 0.29545646484475585, 0.2466040334976343, 0.2543171795783564, 0.3240123689174652, 0.2466538763139397, 0.24323970258701594, 0.25799218453466893, 0.2308423349633813, 0.2543945213779807, 0.30762837356887757, 0.2267788015305996, 0.4618074372992851, 0.36836527567356825, 0.36810326762497425, 0.24511904993818867, 0.3055653621442616, 0.22370442673563956, 0.4383625391870737, 0.24385759308934213, 0.21568887028843164, 0.2602888220921159, 0.28130755983293054, 0.31032729614526033, 0.33678551195189355, 0.30104416608810425, 0.24708034247159957, 0.26624090075492857, 0.3186707473360002, 0.32478344249021673, 0.37693041674792765, 0.1798165962100029, 0.30950120836496353, 0.24084412194788457, 0.3158904462121427, 0.3478244595229626, 0.3511371295899153, 0.3264121695421636, 0.24244186418751873, 0.26719470461830497, 0.19361281003803016, 0.24280246961861848, 0.40003770757466556, 0.3986077606678009, 0.381316489726305, 0.48001931980252266, 0.26478592231869696, 0.3896813675528392, 0.28248709067702293, 0.2947140618925914, 0.2030782401561737, 0.33646322488784786, 0.30798653028905393, 0.25314936807586086, 0.3610404130071402, 0.23926293645054103, 0.25405819732695817, 0.2903739683330059, 0.28618722734972835, 0.28881862536072733]
2025-12-18 18:18:47 - fedrand - INFO - loss data:
2025-12-18 18:18:47 - fedrand - INFO - [0.5260413303971291, 0.7720208071172238, 0.40328813064843416, 0.6929221518337727, 0.4496848609298467, 0.545583246089518, 1.172507905960083, 0.5168702293187379, 0.29614480696618556, 0.9156105060130357, 0.8156352117657661, 0.6173358328640461, 0.5821428373456001, 1.0321660101413728, 0.5746137998998164, 0.43754899203777314, 0.45675792917609215, 0.4747329406440258, 0.49870068319141864, 0.49764994252473116, 0.1901427405420691, 0.7095098961144686, 0.4920958630740643, 0.5162840895354748, 0.44343993067741394, 0.47681573014706374, 0.5188612017780543, 0.5249253809452057, 0.4183113543316722, 0.4808338463306427, 0.29025587160140276, 0.45537727307528253, 0.335462874174118, 0.4653317093849182, 0.542335033416748, 0.7060649074614048, 0.5901821997016669, 0.3410561755299568, 0.4444329231977463, 0.4325772553682327, 0.4299428895115852, 0.35039463024586437, 0.3117270523682237, 0.41916715502738955, 0.36302248723804953, 0.3118249196559191, 0.35906534232199194, 0.3977448631078005, 0.40237643867731093, 0.37784281726926566, 1.0009467798285185, 0.6397591002285481, 0.43919399604201315, 0.25566424429416656, 1.0317827306687832, 0.3089943066239357, 0.4312178840860724, 0.22434041029773652, 0.5999158319085837, 0.4601635683327913, 0.3431197445839643, 0.32275995053350925, 0.23006468936800956, 0.30501119401305915, 0.40517380414530635, 0.5251973897218705, 0.21937268637120724, 0.3736408565193415, 0.19896630654111505, 0.25598462745547296, 0.3091311179101467, 0.4587120536714792, 0.32138864072039725, 0.3366177849471569, 0.28467366099357605, 0.21593181444332005, 0.4794610757380724, 0.3110891327727586, 0.2732304649427533, 0.6101069375872612, 0.23370604533702136, 0.33992510139942167, 0.24180914890021085, 0.3035331489518285, 0.48720079055055976, 0.6033858900424093, 0.34353936463594437, 0.3089330797083676, 0.34992313049733637, 0.36498785838484765, 0.33654372710734604, 0.6513526618480683, 0.31643627770245075, 0.42640873938798907, 0.43962676711380483, 0.33358204755932097, 0.23447583336383104, 0.3693354604765773, 0.3749343492090702, 0.31040106117725375, 0.4024941846728325, 0.2638622859492898, 0.2939458303153515, 0.25202708691358566, 0.3714853752404451, 0.3884592283517122, 0.33707350995391605, 0.7325680658221245, 0.9638610616326332, 0.3052769474685192, 0.2511216197395697, 0.394144918769598, 0.3061894210986793, 0.4051871353760362, 0.5951541362330317, 0.3873353645205498, 0.2900573994964361, 0.2550183312036097, 0.5019677307456731, 0.25093618016690017, 0.3441939879208803, 0.3777345249429345, 0.5973173743113875, 0.16665927041321993, 0.4077039211988449, 0.4106888633221388, 0.22447976246476173, 0.4707716315984726, 0.3117994822561741, 0.25590715315192936, 0.2645278725773096, 0.2723951168358326, 0.6126941733062268, 0.24095555059611795, 0.15318934959359468, 0.6051553308963775, 0.32684333231300117, 0.3160605300217867, 0.5487672317773103, 0.3827415596693754, 0.3863523155450821, 0.2846139410510659, 0.484693519026041, 0.3638097053393722, 0.36509443894028665, 0.3387961991131306, 0.38353780657052994, 0.31037715412676337, 0.3653738424181938, 0.2861264061182737, 0.2567012824118137, 0.3395668666809797, 0.3375222060829401, 0.3199111547321081, 0.37816391959786416, 0.2781972257420421, 0.27997807152569293, 0.3231519054621458, 0.25341749042272566, 0.36200473122298715, 0.346750698518008, 0.3579059571027756, 0.4020669486373663, 0.23800442460924387, 0.4944214429706335, 0.3357107872143388, 0.40984085723757746, 0.42193956673145294, 0.39237159825861456, 0.3595297787338495, 0.27487026490271094, 0.1517972841858864, 0.14452431919053196, 0.606985978409648, 0.6120517814531923, 0.767873165756464, 0.5052000764757395, 0.579512782394886, 0.33556421287357807, 0.4335674289613962, 0.3804328106343746, 0.27255216576159, 0.24246443305164578, 0.267343345656991, 0.4142518978565931, 0.5086273357272149, 0.3617496417835355, 0.3442427160218358, 0.28975747190415857, 0.4755417428910732, 0.3540951531380415, 0.3517659936100245, 0.4275588899850845, 0.5036296132951975, 0.3464093364775181, 0.3452540975064039, 0.27415185086429117, 0.2525509919971228, 0.36633447408676145, 0.3425779905170202]
2025-12-18 18:48:10 - fedrand - INFO - loss data:
2025-12-18 18:48:10 - fedrand - INFO - [0.45484616681933404, 0.7545725256204605, 0.45847357828170066, 0.9311884254217148, 0.6483661569654942, 0.2868661403656006, 0.5974396617151797, 0.5699425474740565, 0.44224299723282456, 0.42106151608750225, 0.5441779484972358, 0.4610319953411818, 0.33857488008216025, 0.48142593330703676, 0.4248173562809825, 0.444738048594445, 0.6280085138976574, 0.482778712362051, 0.9783854205161333, 0.5536702496930956, 0.5293678198009729, 0.6461312694475054, 0.49678409229964016, 0.5812074095010757, 0.2674957922659814, 0.5335196980275214, 0.6080261498689652, 0.40385265862569214, 0.5419994403918584, 0.2752146428062891, 0.22017308054491877, 0.4644332518180212, 0.3596047665923834, 0.5448770713061095, 0.5025985577143729, 0.3841971138492226, 0.40112754302099346, 0.6242313689552248, 0.43538214135915043, 0.3313067127717659, 0.44347994644194844, 0.34198823003098366, 0.2036489088786766, 0.1290035602869466, 0.6509324971586465, 0.4690909802913666, 0.506918627768755, 0.32032573223114014, 0.49287106171250344, 0.3635626871138811, 0.20246731222141534, 0.469847044814378, 0.2690287133213133, 0.5737456130329519, 0.5901658445596695, 0.2936315164202824, 0.3008872647769749, 0.322515776893124, 0.29265827871859074, 0.19277732842601836, 0.3297909427667037, 0.288285354943946, 0.37124836730460326, 0.4439571313560009, 0.32709673130884764, 0.21984415240585803, 0.6072177290916443, 0.33858940000645815, 0.5287878185510635, 0.21614907960174606, 0.667842973023653, 0.4192871074192226, 0.23652265847971043, 0.2784647503634915, 0.2343218263005838, 0.42793203704059124, 0.2568055449111853, 0.34126829765737055, 0.31263836255917943, 0.34849665947258474, 0.27633858801564204, 0.4074198968708515, 0.24239485869766214, 0.6245646044611931, 0.34521671511853735, 0.29270732309669256, 0.2887816018424928, 0.2318806131836027, 0.3342350094268719, 0.3443670593202114, 0.24575142515823245, 0.13807252184487878, 0.44576694099232556, 0.3310268774628639, 0.18242940487883363, 0.39058110066689555, 0.31413546670228243, 0.284112065192312, 0.24309154101647434, 0.23788655670359732, 0.34971047565340996, 0.24369268639323613, 0.158551226335112, 0.22945780740119517, 0.4018468590802513, 0.2737935911398381, 0.17033507057931274, 0.16238113672006876, 0.20115929357707502, 0.3109355388209224, 0.2506587374024093, 0.3244904298335314, 0.13872581850737334, 0.553792747358481, 0.24920088080689312, 0.30809702922124416, 0.21279648789204658, 0.3929212436079979, 0.30903338566422467, 0.3314830219373107, 0.3525919374078512, 0.3311979211634025, 0.30207902900874617, 0.49922977325040846, 0.2270097823580727, 0.26342996694147586, 0.2746449117238323, 0.18621444497257472, 0.13998626330867409, 0.21273219453481335, 0.294871080853045, 0.3081810262519866, 0.40022013237078985, 0.2515856134239584, 0.17669981534127147, 0.25902140722610056, 0.3096962212196862, 0.3315380064304918, 0.26761888023465874, 0.24118483035514754, 0.3257522523403168, 0.20590350618585945, 0.3084840366849676, 0.3151489943265915, 0.1961754797026515, 0.34564600195735695, 0.3612101525068283, 0.4726204391568899, 0.5604270212352276, 0.4127232882504662, 0.35978949181735514, 0.2232165077701211, 0.23601917512714862, 0.22059320053085685, 0.27139857672154905, 0.47316681519150733, 0.3449277522973716, 0.17624386097304523, 0.21220234902575613, 0.9220252614468336, 0.22043978737201542, 0.44981463621370493, 0.21088919388130306, 0.128111678105779, 0.2954654750414193, 0.2555068777874112, 0.4265234519261867, 0.22201780291895074, 0.10290376669727266, 0.3665069844573736, 0.17073290413245557, 0.3584858185146004, 0.20430653169751167, 0.24734029681421815, 0.24400316746905448, 0.6687928557395935, 0.30950465821661055, 0.34188142872105043, 0.15475216475315393, 0.11810829369351268, 0.2473508195951581, 0.2539177061524242, 0.3114075566952427, 0.7434578686952591, 0.31617201007902623, 0.2437027705833316, 0.2738914115354419, 0.1624635135754943, 0.35881190598011015, 0.6630162380635738, 0.6719423033297062, 0.3224244985729456, 0.17101800106465817, 0.25593189988285303, 0.5824262104928494, 0.5346383841087421, 0.3536809831857681, 0.18942371592856944, 0.2529187066480517, 0.2763787392526865]
