2025-11-06 17:34:36 - fedrand - INFO - loss data:
2025-11-06 17:34:36 - fedrand - INFO - [0.4766588037600741, 0.3971800608560443, 0.2983871280215681, 0.5273818269371986, 0.4346219142838284, 1.0014225380598671, 0.5100860320859485, 0.679539805278182, 0.6266277922051293, 0.722261738901337, 0.54267757380056, 0.3504823298503955, 0.33924308150178856, 0.41244707096900257, 0.45332466438412666, 0.31818736903369427, 0.1837098197604064, 0.2787072321613474, 0.2769280973589048, 0.5674611049354392, 0.38410573080182076, 0.2568132630771115, 0.3425629396709458, 0.24272106120787657, 0.2833513584401872, 0.2575451878919488, 0.30145107010556826, 0.16075068329200803, 0.25113227132665505, 0.3654458438130942, 0.31194228390675216, 0.3858656485875448, 0.43193849217560554, 0.23683017782778257, 0.28701734305782756, 0.26005759327358285, 0.3448175577515805, 0.3644783056595109, 0.27411851833264034, 0.2755301562914004, 0.44423274031529825, 0.4357346615029706, 0.35361928465189757, 0.2380186132663353, 0.31915152445435524, 1.1204424162084858, 0.2186615245107667, 0.41706582034627593, 0.24615597454831004, 0.20054355363051096, 0.40154442278047403, 0.1860960230231285, 0.6189258859570449, 0.8301237457742294, 0.4007934602171493, 0.18587072450567835, 0.25301729383257526, 0.4120253665106637, 0.36074445361182805, 0.2645262261697402, 0.3487965057293574, 0.32724281400442123, 0.3609336852613423, 0.33946769345890393, 0.3218102854055663, 0.21061325362617417, 0.3227195742998331, 0.28577509122314276, 0.16111997235566378, 0.763860605198488, 1.429164824530858, 0.43338215702671945, 0.25261024062444143, 0.09722002250944367, 0.2097881000534269, 0.41417299388420015, 0.15375345069915056, 0.15738840711613497, 0.423413736107094, 0.3792532965954807, 0.25065422781714886, 0.31803651110095765, 0.132282696722541, 0.6336327274536921, 0.1968461003697788, 0.17381422909966204, 0.6776604610717013, 0.29655220177438524, 0.2970457522120948, 0.0501151101780124, 0.3935434687882662, 0.4949588142335415, 0.3593867613623539, 0.20259799286092553, 0.8304271647818192, 1.318137911533995, 0.38625849241560156, 0.37230652056279634, 0.359027078996102, 0.11071080742921266, 0.19772505473681828, 0.16061157872900367, 0.999169491586231, 0.17019753531314477, 1.4267838299274445, 0.26262375476459665, 0.22384515966081786, 0.09354922997428933, 0.37183091416954994, 0.20532014766811496, 0.7117749441531487, 0.3938459919558631, 0.2807037209471067, 0.2633068850574394, 0.21874418641839707, 0.22041453846863338, 0.242552749812603, 0.33110990517196204, 0.32673596328607313, 0.20326620998925396, 0.1503252550464822, 0.7547624665829871, 0.2498845179927432, 0.29054031148552895, 0.5048639872421821, 0.2503065554580341, 0.3620338156819344, 0.4866040460765362, 0.43886770649502677, 0.24823375001627332, 0.3182590248082609, 0.8788419749679244, 1.2000050742353778, 0.7153809202172852, 0.3149112243208947, 0.4312342771187876, 0.2644056086738904, 0.23255814811111325, 0.5578142315149307, 0.21111277650509563, 0.2663936198999484, 0.5399486477176348, 0.5231234151870012, 0.32471242298682534, 0.4432494709337199, 0.16458821514517896, 0.46252214204933906, 0.3540723373492559, 0.27117347948704706, 0.21167414863593875, 0.19958615646557143, 0.44978086384279387, 0.3604450178953509, 0.08150962979157662, 0.26898234753429684, 0.5222702703128258, 0.29448531203987927, 0.3137464735967418, 0.3908346965909004, 0.24530380846876088, 0.17897384089107315, 0.5635986234604692, 0.7706368236492078, 0.3321047134020112, 0.48992768954485655, 0.31846626506497466, 0.427717290384074, 0.2942263520633181, 0.1808483485132456, 0.7097040196146929, 0.31793663423094487, 0.30677898352344835, 0.21448775528309244, 0.4752695143222809, 0.47411914677782496, 0.3032759198427407, 0.31019152104854586, 0.6833717624346416, 0.42815817961538283, 0.3320250906464126, 0.34240437116197964, 0.27658167972953784, 0.45343845871587596, 0.27777078561484814, 0.40959632139314306, 0.29663893640750927, 0.3573572225868702, 0.362720077443454, 0.334498213759313, 0.3019016262676035, 0.2712886323531469, 0.36916483938694, 0.2696500318642292, 0.3523350926116109, 0.3647188963368535, 0.38799993942181266, 0.3400692753493786, 0.40849485248327255, 0.3298585093269746, 0.30097481161700906]
2025-11-08 15:17:05 - fedrand - INFO - loss data:
2025-11-08 15:17:05 - fedrand - INFO - [0.46490913781795706, 0.3945215962206324, 0.29072420777132113, 0.5113620052735011, 0.446249163235431, 1.1910369512819063, 0.5035788959202667, 0.638848387170583, 0.7950742744973728, 0.6697376651068528, 0.5297260723771557, 0.3136641148943454, 0.2968085889221618, 0.36303749467645374, 0.5043356571169126, 0.18382492393720895, 0.2154461948875299, 0.2627490685720529, 0.3548949461740752, 0.5424968610128398, 0.4727751389145851, 0.2366052829394383, 0.3482300840939085, 0.2430277254603598, 0.2979792913514151, 0.28870956761585104, 0.3048318631592251, 0.1570394485406723, 0.2391868553928692, 0.4144728622314605, 0.3003169321676805, 0.29616890847682953, 0.46262320275935864, 0.20763510490810622, 0.4119512211023406, 0.24384013373134028, 0.34506065564712995, 0.3872447823258963, 0.1934377334701518, 0.2425131909161185, 0.4260753949483236, 0.4399690625982152, 0.2855870336018227, 0.2132734429200575, 0.33853740617632866, 0.9544846850136917, 0.20692117691564987, 0.33747826800459907, 0.1942915431689471, 0.19659767001867295, 0.3595420211553574, 0.17367325079782556, 0.5403927035561841, 0.8124393095572789, 0.3178977973034812, 0.181525586405769, 0.22375235807461044, 0.3912118086147876, 0.37582745207917123, 0.22810850400451776, 0.36385664374878013, 0.333778383617755, 0.3968967304579796, 0.3835854479535059, 0.3588932163515387, 0.2040903708021644, 0.3063232536235499, 0.3248761225905683, 0.15889008315086056, 0.9379509645036705, 1.695217207013684, 0.4540709270560431, 0.23868210231303236, 0.10363471994949375, 0.21712829721315455, 0.3216656775524219, 0.2148705324778954, 0.11086000928965709, 0.39252632194686504, 0.4142129127350118, 0.24482174383081268, 0.31600395770687045, 0.20489938887233924, 0.6994325459831291, 0.19860771344780612, 0.141429900531269, 0.8248858497965903, 0.31281157036622365, 0.24883312191296783, 0.09895868486880015, 0.3825548051546017, 0.5210923478007317, 0.30401185651620233, 0.21345628703177985, 0.7885070765720835, 1.47657041248749, 0.38819617834506615, 0.3095940761268139, 0.3234304007556703, 0.11247725667393146, 0.21933667066817483, 0.12014165410073474, 0.9163828573766208, 0.1674741136303055, 1.6068983326355615, 0.3961760075762868, 0.20898622427032226, 0.10039335519670406, 0.3895869936656069, 0.15588281088922587, 0.6806149337595949, 0.38822683151999504, 0.3133187627508527, 0.19535038539518912, 0.2196170198065894, 0.17494757395858565, 0.4121103808283806, 0.2784516222420193, 0.31170729326981084, 0.23151532433361613, 0.17004332024329674, 0.7941115883489449, 0.23816921924137407, 0.2738773552700877, 0.5162540413439274, 0.2316748281699364, 0.29797370575057963, 0.2726823389530182, 0.41551457314441603, 0.22589105233782902, 0.4127610897946094, 0.8386886827765487, 1.1431371532077417, 0.5210029587033205, 0.21942992773256265, 0.4031855910339138, 0.27538525098652555, 0.21676573462059928, 0.4532026899357637, 0.21521971268313272, 0.2280150659692784, 0.5287560025850931, 0.6551509723067284, 0.3966793773526495, 0.43752773561411434, 0.17032524262451465, 0.4412111493034495, 0.404539288332065, 0.24398656212019199, 0.20670884262459974, 0.20344339748142318, 0.5075140653976372, 0.301842410552005, 0.08743471428493245, 0.2954488662071526, 0.5166631195073327, 0.2827157830311493, 0.26525678408021724, 0.4504488743841648, 0.24080379329000912, 0.16654107186283607, 0.596335961172978, 0.7054283302277327, 0.31371439287834096, 0.6078413873910904, 0.37044124205907186, 0.4828869185099999, 0.28362659498428305, 0.19576223796854417, 0.6437236435711384, 0.3348302269975344, 0.3484648192922274, 0.2822347456434121, 0.5745649004975955, 0.5053730596872893, 0.28375068575971657, 0.2802115015064677, 0.5787713760510087, 0.3587182711947847, 0.296304683925377, 0.3311593317840662, 0.2885928087246915, 0.47582977364460627, 0.2753778686746955, 0.3863180216853366, 0.2824376902409962, 0.3263426795601845, 0.27581424245403874, 0.32198758547504747, 0.3013475490854932, 0.3561750746021668, 0.29932344083984697, 0.3441451910055346, 0.3490312515447537, 0.45177041599527, 0.4035162801543871, 0.4217855781316757, 0.3623601625363032, 0.3816729672253132, 0.33725037463699226]
2025-11-09 20:39:40 - fedrand - INFO - loss data:
2025-11-09 20:39:40 - fedrand - INFO - [0.46700261463780723, 0.40131539447853964, 0.2869875802968939, 0.5563432946801186, 0.46490599788436765, 1.1919572754801873, 0.5044100438451602, 0.693599350284785, 0.6692288967647723, 0.6210827807585398, 0.49353237485601786, 0.3386494387096415, 0.3177248092747673, 0.4181425113763128, 0.45024138813217485, 0.1879159932723269, 0.18858755761417947, 0.2775207486036899, 0.2834046908392338, 0.5702443818645503, 0.3808690702749623, 0.25140597201174214, 0.31731290062210366, 0.2415172174258346, 0.2622511080569691, 0.25086909582439276, 0.31179444069663687, 0.16907658953641658, 0.24272468645887618, 0.32557930306277494, 0.4233510813099288, 0.26990391562382376, 0.4031522551344501, 0.20416734615320734, 0.34505646100098436, 0.2721954274493905, 0.3538355946402859, 0.3587272387336601, 0.30230769018332165, 0.23220787787189087, 0.3956901510246098, 0.5593107862191068, 0.3304132872985469, 0.2305949648637607, 0.29759926232509315, 0.9827946523825328, 0.2073760811202832, 0.4037143410671325, 0.2853338111036767, 0.16107217545310656, 0.29294351432472465, 0.1749887180495231, 0.5220822548872093, 0.8370201309521993, 0.2901433001130095, 0.20299366653697298, 0.19861522276834068, 0.3925066819148404, 0.30742274526329266, 0.23069981219143504, 0.2976133627196153, 0.17717153124976903, 0.4104167766100357, 0.2799702067436142, 0.3649090094970436, 0.22820597796124362, 0.3228905927685518, 0.2730603712024512, 0.13893897222199786, 0.8179842310801178, 1.4259653214924128, 0.45770000138708966, 0.2577977360788888, 0.08515896318163464, 0.21889683186697462, 0.3602203522764501, 0.14745536766713485, 0.1247694967314601, 0.40113002688934407, 0.4238847028464079, 0.23566797778687693, 0.28445060851124976, 0.1233328173548216, 0.5312925352973656, 0.18305263342820882, 0.2057197442263714, 0.6702271242226874, 0.3011102754001816, 0.24374249248972368, 0.07620067185295434, 0.27015431709587573, 0.45926713198423386, 0.3363071270287037, 0.23427280495889136, 0.5967957320885944, 1.2155865769891534, 0.3278889180810163, 0.31105836835645495, 0.2936640963372257, 0.12298803407854089, 0.1966935984738585, 0.11574986041523516, 0.8524497192175615, 0.1699631473082783, 1.5974392841259637, 0.23013938820610444, 0.19995322570644525, 0.08977149660576186, 0.3316843375839569, 0.17947978337502313, 0.6314449225319549, 0.32859780477604483, 0.26332910802392734, 0.3045086408499628, 0.23792442227048533, 0.18844971714341746, 0.3831840753555298, 0.2539500913449696, 0.30819967644358126, 0.2506462859788111, 0.17118761120807557, 0.7700208249605364, 0.3185444440071782, 0.3387153012057146, 0.38281045922388635, 0.23664409529710945, 0.30890476632242403, 0.4863112233579159, 0.49347979792704183, 0.20931595830673663, 0.24458709633957673, 0.8405746497888426, 1.310767237692744, 0.5696822188801889, 0.3709982912193179, 0.3450478708696072, 0.23440491785718637, 0.23358489206164246, 0.5672493640954296, 0.2226925678551197, 0.21418042574077845, 0.5617487628633777, 0.47190867364406586, 0.2421924183427384, 0.5003866172499127, 0.15597936528631384, 0.43889431344966096, 0.27748707433541614, 0.24414756809445945, 0.22202676370119057, 0.19496795619719676, 0.36954786628484726, 0.3522902489329378, 0.06970798393012956, 0.2730575183716913, 0.6073792415360609, 0.2609594977376136, 0.3287881645374, 0.22525093873264268, 0.2282914825574015, 0.1269084086602864, 0.4719226408439378, 0.66768041215837, 0.3632964386294285, 0.3980341753922403, 0.2808722532664736, 0.3975164199868838, 0.27251952243968847, 0.1840644162769119, 0.6647525861294883, 0.31988967965460485, 0.2682960716386636, 0.20789599263419706, 0.5141715156535307, 0.3576419285752557, 0.26627245612649453, 0.31118782913933196, 0.6617471519857645, 0.3794139580870116, 0.3612409448251128, 0.32627944123965724, 0.26864104844733244, 0.4328918316711982, 0.27310814801603556, 0.38943045194627657, 0.28500887927200114, 0.3904399536550045, 0.3541931311289469, 0.3408251558430493, 0.2912902172122683, 0.2864953113098939, 0.31452907083763015, 0.28689848693708575, 0.34399186782538893, 0.3100436070623497, 0.2499818749104937, 0.36646441742777824, 0.3572135969996452, 0.3148343392958244, 0.3085829758826919]
2025-11-10 18:34:34 - fedrand - INFO - loss data:
2025-11-10 18:34:34 - fedrand - INFO - [0.46700261463780723, 0.40131539447853964, 0.2869875802968939, 0.5563432946801186, 0.46490599788436765, 1.1919572754801873, 0.5044100438451602, 0.693599350284785, 0.6692288967647723, 0.6210827807585398, 0.49353237485601786, 0.3386494387096415, 0.3177248092747673, 0.4181425113763128, 0.45024138813217485, 0.1879159932723269, 0.18858755761417947, 0.2775207486036899, 0.2834046908392338, 0.5702443818645503, 0.3808690702749623, 0.25140597201174214, 0.31731290062210366, 0.2415172174258346, 0.2622511080569691, 0.25086909582439276, 0.31179444069663687, 0.16907658953641658, 0.24272468645887618, 0.32557930306277494, 0.4233510813099288, 0.26990391562382376, 0.4031522551344501, 0.20416734615320734, 0.34505646100098436, 0.2721954274493905, 0.3538355946402859, 0.3587272387336601, 0.30230769018332165, 0.23220787787189087, 0.3956901510246098, 0.5593107862191068, 0.3304132872985469, 0.2305949648637607, 0.29759926232509315, 0.9827946523825328, 0.2073760811202832, 0.4037143410671325, 0.2853338111036767, 0.16107217545310656, 0.29294351432472465, 0.1749887180495231, 0.5220822548872093, 0.8370201309521993, 0.2901433001130095, 0.20299366653697298, 0.19861522276834068, 0.3925066819148404, 0.30742274526329266, 0.23069981219143504, 0.2976133627196153, 0.17717153124976903, 0.4104167766100357, 0.2799702067436142, 0.3649090094970436, 0.22820597796124362, 0.3228905927685518, 0.2730603712024512, 0.13893897222199786, 0.8179842310801178, 1.4259653214924128, 0.45770000138708966, 0.2577977360788888, 0.08515896318163464, 0.21889683186697462, 0.3602203522764501, 0.14745536766713485, 0.1247694967314601, 0.40113002688934407, 0.4238847028464079, 0.23566797778687693, 0.28445060851124976, 0.1233328173548216, 0.5312925352973656, 0.18305263342820882, 0.2057197442263714, 0.6702271242226874, 0.3011102754001816, 0.24374249248972368, 0.07620067185295434, 0.27015431709587573, 0.45926713198423386, 0.3363071270287037, 0.23427280495889136, 0.5967957320885944, 1.2155865769891534, 0.3278889180810163, 0.31105836835645495, 0.2936640963372257, 0.12298803407854089, 0.1966935984738585, 0.11574986041523516, 0.8524497192175615, 0.1699631473082783, 1.5974392841259637, 0.23013938820610444, 0.19995322570644525, 0.08977149660576186, 0.3316843375839569, 0.17947978337502313, 0.6314449225319549, 0.32859780477604483, 0.26332910802392734, 0.3045086408499628, 0.23792442227048533, 0.18844971714341746, 0.3831840753555298, 0.2539500913449696, 0.30819967644358126, 0.2506462859788111, 0.17118761120807557, 0.7700208249605364, 0.3185444440071782, 0.3387153012057146, 0.38281045922388635, 0.23664409529710945, 0.30890476632242403, 0.4863112233579159, 0.49347979792704183, 0.20931595830673663, 0.24458709633957673, 0.8405746497888426, 1.310767237692744, 0.5696822188801889, 0.3709982912193179, 0.3450478708696072, 0.23440491785718637, 0.23358489206164246, 0.5672493640954296, 0.2226925678551197, 0.21418042574077845, 0.5617487628633777, 0.47190867364406586, 0.2421924183427384, 0.5003866172499127, 0.15597936528631384, 0.43889431344966096, 0.27748707433541614, 0.24414756809445945, 0.22202676370119057, 0.19496795619719676, 0.36954786628484726, 0.3522902489329378, 0.06970798393012956, 0.2730575183716913, 0.6073792415360609, 0.2609594977376136, 0.3287881645374, 0.22525093873264268, 0.2282914825574015, 0.1269084086602864, 0.4719226408439378, 0.66768041215837, 0.3632964386294285, 0.3980341753922403, 0.2808722532664736, 0.3975164199868838, 0.27251952243968847, 0.1840644162769119, 0.6647525861294883, 0.31988967965460485, 0.2682960716386636, 0.20789599263419706, 0.5141715156535307, 0.3576419285752557, 0.26627245612649453, 0.31118782913933196, 0.6617471519857645, 0.3794139580870116, 0.3612409448251128, 0.32627944123965724, 0.26864104844733244, 0.4328918316711982, 0.27310814801603556, 0.38943045194627657, 0.28500887927200114, 0.3904399536550045, 0.3541931311289469, 0.3408251558430493, 0.2912902172122683, 0.2864953113098939, 0.31452907083763015, 0.28689848693708575, 0.34399186782538893, 0.3100436070623497, 0.2499818749104937, 0.36646441742777824, 0.3572135969996452, 0.3148343392958244, 0.3085829758826919]
2025-11-11 12:13:00 - fedrand - INFO - loss data:
2025-11-11 12:13:00 - fedrand - INFO - [0.4460263033434453, 0.37567852592716616, 0.2747575645645459, 0.5107904815425476, 0.4383259364888848, 1.3006757144143597, 0.47290503168478604, 0.6923952018842101, 0.8144424940858568, 0.6771788316468398, 0.4927776763954806, 0.3677608779941996, 0.32545143611625665, 0.47978319280913895, 0.477968308542456, 0.24098014057381079, 0.19345250763338603, 0.2685921753956271, 0.34581077098846436, 0.5698696914567518, 0.5310960788693693, 0.2908788067288697, 0.33985393116017804, 0.24380111625803347, 0.2886842013750639, 0.2637876678879062, 0.31062027309976875, 0.13862810590035224, 0.21833616654586158, 0.3813487013632601, 0.31746773497157155, 0.4243527576327324, 0.4513852931559086, 0.23005869269504078, 0.40403332628987054, 0.31678366339174174, 0.33428418753599676, 0.410791873593222, 0.2818793699766199, 0.24934667395427823, 0.4793946459889412, 0.4333659795423349, 0.45213997212273105, 0.23655577876012435, 0.33412663103081286, 0.9729358330368996, 0.21235978260800173, 0.4286557955756074, 0.2626566641964018, 0.21979540785153706, 0.34549159792562323, 0.19639993725448018, 0.5169746455261096, 0.815122488203148, 0.3472905941695596, 0.20321041114983104, 0.22752416141641635, 0.3898923107910724, 0.36719143248739694, 0.31048590281150407, 0.3233695709457, 0.2788163766672369, 0.399436216210089, 0.3481821129945192, 0.46564969496749753, 0.23137520986520466, 0.36321867375619826, 0.48108375210452964, 0.1570745009618501, 0.6891629523961456, 1.2256862278213703, 0.44456829857332586, 0.23011198840492095, 0.09776643037023153, 0.2330885807207475, 0.34639258558551467, 0.19464980371606846, 0.17982500015447536, 0.37358197890044675, 0.5070032452543577, 0.2548506023588054, 0.30134815679161575, 0.25138069266540697, 0.6901783801873939, 0.20878585325359988, 0.21724645991586536, 0.8932929484262353, 0.303099897214108, 0.2718015184315542, 0.0536371923420423, 0.3936561399449905, 0.5961944051086903, 0.3590441097815832, 0.2355730197232333, 0.8431523265862779, 1.6262633857841138, 0.38074093101301576, 0.3388748988509178, 0.34336159833603436, 0.1371612801158335, 0.21544544797183737, 0.11868144129402936, 1.0333464477388632, 0.22852358674849496, 1.500010876605908, 0.32763351388275624, 0.21640733202608922, 0.09672647593995659, 0.4282427877187729, 0.15579581511620846, 0.637117478530854, 0.3781154829952301, 0.38174541418751085, 0.23003528571377196, 0.31139703733580454, 0.20648923638232408, 0.5322075188159943, 0.2741899256195341, 0.3336290684701116, 0.2760057240458471, 0.2198615180497568, 0.8546907442311446, 0.28524023910156554, 0.3648893466840188, 0.3247412986277292, 0.2365724369538603, 0.31411103426168363, 0.6047269962728024, 0.3724531475454569, 0.23620018165092915, 0.3965682509466812, 0.984254995782976, 1.3947181616701225, 0.6501525687490357, 0.5454055457418386, 0.34973904205429734, 0.24964381325425522, 0.23288996849829952, 0.5692209378505746, 0.30765171029738014, 0.2259165453724563, 0.5060675998528799, 0.6280512362718582, 0.39934828284789214, 0.4254097870930478, 0.14273947059280342, 0.46101936642770414, 0.361441737661759, 0.25871234265805193, 0.21352000256689885, 0.209633356159819, 0.43766945547291214, 0.2888811825464169, 0.13124004844737808, 0.27702873730514616, 0.6501943855029013, 0.28894258425994357, 0.281274838373065, 0.4095285047660582, 0.23564469031989574, 0.11776798751816386, 0.5360893774777651, 0.7768978744745254, 0.30085186778821726, 0.5467370171099901, 0.3089180408666531, 0.4380790634701649, 0.2752079247807463, 0.18291388678674897, 0.654437640060981, 0.3335838071588013, 0.33902626732985175, 0.2802231508151939, 0.5692055261383454, 0.4091846854849295, 0.3214779275779923, 0.32398049148420494, 0.7573035731911659, 0.34482205452190506, 0.2849272734796008, 0.33286937541776784, 0.26415229296415216, 0.4351584712664286, 0.31683968380093575, 0.3794664500337659, 0.2803156863543249, 0.33458106219768524, 0.32200261598659885, 0.3003972484730184, 0.36150039959844055, 0.4019448361049096, 0.3626339544576627, 0.37162640007833636, 0.34402970739950733, 0.3542758137919009, 0.31726005518188083, 0.4170384661604961, 0.371244444573919, 0.3807338825116555, 0.34138284871975577]
2025-11-13 19:17:16 - fedrand - INFO - loss data:
2025-11-13 19:17:16 - fedrand - INFO - [0.458122383832695, 0.3783472580835223, 0.3134814395258824, 0.6400076786677042, 0.5497304714517668, 1.9313435830796757, 0.48490334155244963, 0.8420531079173088, 0.6516537187354905, 0.6876076035201549, 0.6051391605583448, 0.4377497366939982, 0.35824853040415927, 0.5062344164720604, 0.52857835502142, 0.42875574505887926, 0.19472189651908894, 0.30284467637760654, 0.4822321574514111, 0.5565455732127977, 0.5286892813940843, 0.3075398919172585, 0.44634143620108563, 0.26979388702117524, 0.34254831360239124, 0.3283100558799647, 0.35013341653559893, 0.20433530793525279, 0.2424374011514539, 0.3899804218248888, 0.3675575629652788, 0.4255678753058115, 0.49675526925259167, 0.2674772188821364, 0.5095167363231832, 0.3284105758749998, 0.36319666064723777, 0.5023421221836046, 0.3142596760299057, 0.27586522124086815, 0.5098071459680795, 0.49811991221374935, 0.43147943582799697, 0.26047749460364383, 0.323326054494828, 1.0083683878183365, 0.2367015710912744, 0.47233412219654947, 0.2711062014568597, 0.2274004841844241, 0.3686236792554458, 0.19250227799121705, 0.6691244080866454, 0.7531272723029057, 0.3956975956550903, 0.2500915657895218, 0.2375877319265985, 0.4252068762268339, 0.39515239993731177, 0.27992250598941204, 0.3514419392993053, 0.3381489623570815, 0.4723281642155988, 0.3559719161553816, 0.4471378060989082, 0.26777243538803996, 0.402425679304297, 0.47312265744915716, 0.1740506775677204, 0.7201738835865399, 1.270379607464065, 0.5079034613275114, 0.29025782305786074, 0.10237598136397233, 0.25056067353450795, 0.38144848300587564, 0.22641947398272652, 0.17640350852161646, 0.4086107798452888, 0.5470786665876707, 0.2781112491858728, 0.35296960710447073, 0.2710188971104799, 0.7943413473148313, 0.21564184798820257, 0.23399025698017795, 0.9300128718217213, 0.3406872247242265, 0.2988569774962444, 0.050996642918714016, 0.39685484804213045, 0.6655413843691349, 0.40065301209688187, 0.25242615926739137, 0.8532649986688435, 1.4612259042769438, 0.44351028016947136, 0.380167328353439, 0.3897045176062319, 0.13854764709119788, 0.24504196623133287, 0.23734421690460294, 0.8909584590721698, 0.2273583522162101, 1.498438467582067, 0.31445575995991626, 0.25396333943353966, 0.10840769177432069, 0.4350197577366123, 0.18549460119619554, 0.9265204250502089, 0.4462345570815031, 0.41923251109463827, 0.2544283958462377, 0.32385364760245594, 0.24791845364407414, 0.5276230573654175, 0.34648997159231276, 0.37969317342396136, 0.3178637628443539, 0.2229794054888078, 0.8845660446418656, 0.3746836879808042, 0.3970507712413867, 0.3904946599155664, 0.259442366582031, 0.3268590508339306, 0.5119948983192444, 0.4586357505371173, 0.2842004782675455, 0.3522676893141276, 1.0229150956327517, 1.4079772718784322, 0.6465555266186129, 0.6404773247437939, 0.4275158663364974, 0.275475627612887, 0.29146003170559803, 0.6059518917153279, 0.3072570232408387, 0.24207671421269578, 0.5570916034281254, 0.567527400329709, 0.4393144602689779, 0.46046415964762366, 0.161958690184272, 0.5354658519780194, 0.3667308328052362, 0.2593406818694238, 0.25173302047575513, 0.24717890755051658, 0.46714334881731445, 0.33388753365725277, 0.10348180444109151, 0.3414994139327771, 0.7651660049127208, 0.2838712983172048, 0.2783429368331175, 0.3282932605361566, 0.2602157262803027, 0.1493531531964739, 0.49307344217474264, 0.9107098298768203, 0.32152196872189187, 0.62618662789464, 0.3478252043326696, 0.5188030271480482, 0.28437981323028605, 0.2061005895336469, 0.7100443708399932, 0.3395742987179094, 0.41021237025658286, 0.29128328866014874, 0.5388076522698005, 0.487579727714712, 0.370847357230054, 0.3672086792687575, 0.6296763482193153, 0.40682685582174194, 0.3453189198755556, 0.35798579143981135, 0.28925855794093674, 0.44763331686457, 0.3488265573978424, 0.40995374582707883, 0.3385381314193918, 0.3978041186928749, 0.382378864619467, 0.3268358934049805, 0.4091441757106162, 0.4375706578294436, 0.40067518916394973, 0.38101348405083024, 0.36893855929374697, 0.36359047501658404, 0.3692307732999325, 0.4082188376535972, 0.41386492773890493, 0.37005632134775324, 0.36128364965595583]
2025-11-14 09:08:22 - fedrand - INFO - loss data:
2025-11-14 09:08:22 - fedrand - INFO - [0.48072936613526607, 0.47990157424161833, 0.31281483893593154, 0.6456321870287259, 0.5730379008309683, 1.8914324043111668, 0.47801215555518867, 1.0810616351664066, 0.5557553885238511, 0.6549096149702867, 0.580253746124014, 0.3880799096698562, 0.3424307038162456, 0.459445811275925, 0.5226683900469825, 0.4127659504301846, 0.17868817858058414, 0.3043346505880999, 0.30629761035864556, 0.5108528969779847, 0.4300200492143631, 0.2861798574837546, 0.39219466340728104, 0.26948737121641725, 0.2927358927619126, 0.31738936555172714, 0.3379149785708814, 0.24709679804800544, 0.25866012179264514, 0.406007753346454, 0.37447065327848705, 0.364792333294948, 0.45446934178471565, 0.2776799371377343, 0.3494501638818871, 0.2657015089644119, 0.36119519909498865, 0.4244512671774084, 0.2755252789705992, 0.2806003388638298, 0.5699656692643961, 0.549303779999415, 0.40077487075770346, 0.28291425577393087, 0.3706660973839462, 0.9880150929093361, 0.24882083784096823, 0.38994370134813444, 0.27360241922239464, 0.1986223963399728, 0.4026994528869788, 0.21736130122509267, 0.6650741644649921, 0.7640989149610201, 0.4037768201799028, 0.1831262325313652, 0.26013085758313537, 0.4406360213955244, 0.3829576594843751, 0.25649632759935537, 0.3358655920873086, 0.1948626497760415, 0.46717449880781625, 0.36249830827794294, 0.3600973930572056, 0.25114402494260246, 0.34229190044459845, 0.3386885376164207, 0.19435098743997514, 0.7043152394617209, 1.2313371148857186, 0.4440798245895102, 0.30575649797683585, 0.10928952152042054, 0.25580210904332085, 0.3679629929718517, 0.20731935203075408, 0.1416178566093246, 0.4523086846229576, 0.4082865228669511, 0.27606269169711706, 0.3654463019109134, 0.15715378778501568, 0.7949673337396235, 0.21668204083495463, 0.1720347788068466, 0.8991701475211552, 0.32612806914581194, 0.31589747766136295, 0.04015749949030578, 0.4136605318635702, 0.5031136125326157, 0.3448152194420496, 0.2332543300750937, 0.682627913687611, 1.551544691232266, 0.41099941764365544, 0.42415794765665416, 0.39071638012925786, 0.16727499324931866, 0.23882429001645908, 0.26769780786708, 0.8491196263404119, 0.18010800538814647, 1.4233344942331314, 0.3119222154219945, 0.2358629955496225, 0.10813446066135333, 0.38514811683584144, 0.19991039918063, 0.7763498914040005, 0.4519010158726061, 0.307141962682917, 0.2539174884557724, 0.2493546935064452, 0.2789497900133332, 0.31751271337270737, 0.35031147868860335, 0.36488195936437007, 0.2817218815907836, 0.19361809755043527, 0.8023836592005359, 0.29745489633124733, 0.324045774837335, 0.38311707318450017, 0.26761001390749933, 0.43547503106916946, 0.40868188440799713, 0.4557049249609311, 0.2395872705577252, 0.26715860969367594, 0.896217636971934, 1.2191886128421174, 0.6658994821918895, 0.4189797783013394, 0.4484455105933276, 0.2992380986272386, 0.2576848826785054, 0.5583817711099982, 0.24876917526125908, 0.293183715082705, 0.5422505037238201, 0.5530843734741211, 0.37697896959655214, 0.5517687042830167, 0.18354033404547307, 0.5244216327038076, 0.3585590266933044, 0.2949244473129511, 0.2350317711321016, 0.24672522965729946, 0.45640081300267155, 0.3518792684500416, 0.19716487400647667, 0.3445189075234036, 0.6582172670298152, 0.31972916525873274, 0.3191766582118968, 0.3477084217593074, 0.27592096466458205, 0.14146203451479475, 0.5728470541847249, 0.7538398124277592, 0.35500597423224733, 0.5103066209703684, 0.3461698407928149, 0.5269843282798926, 0.28167610603074233, 0.21273552076891064, 0.7314800085669214, 0.32790656646506655, 0.29627084359526634, 0.27731448831036687, 0.4550069395452738, 0.5007353733209047, 0.34964525916924083, 0.3099884216363231, 0.6491134772077203, 0.4336936487643807, 0.35693034364117515, 0.374999672640115, 0.3068310224140684, 0.46937308025856816, 0.2979433313012123, 0.43160645002217, 0.3461689855193808, 0.3306495249271393, 0.39359563858144814, 0.35943215976779663, 0.35569164519766705, 0.37552342241009073, 0.3656686384368826, 0.32784157970713246, 0.3720052018761635, 0.39477236242964864, 0.44874108800043666, 0.3879898463686307, 0.4299830986807744, 0.3498764032498002, 0.3814169026359364]
2025-11-14 18:28:40 - fedrand - INFO - loss data:
2025-11-14 18:28:40 - fedrand - INFO - [0.4590173296977781, 0.38915698944280547, 0.3085246878986557, 0.6240588553249836, 0.5727488321766335, 1.8187435809522867, 0.47285125673645073, 0.9116586204618216, 0.5927475818565914, 0.6573656742771466, 0.5777927101367996, 0.3964915115386248, 0.35934462057668026, 0.49543266424110954, 0.5196417577209926, 0.3088401067070663, 0.19234507820607785, 0.3231438121625355, 0.30027786805294454, 0.5836217872128284, 0.45760780365930664, 0.2831256571004078, 0.3661560842689748, 0.2708222207369372, 0.375816662899322, 0.2883801680679123, 0.3522120499539943, 0.18997118339757435, 0.26588202012477047, 0.3240247204561125, 0.39417569605367525, 0.2986173381408056, 0.436927760226859, 0.26367714782688945, 0.32484676722775807, 0.28893938403861186, 0.3650576209373496, 0.37232245741920034, 0.31557857738031697, 0.2536691340307395, 0.6170625517144799, 0.5531015280220244, 0.3717974256034251, 0.22418455016150168, 0.4737132298760116, 0.41156419595548266, 0.24588963512319928, 0.4156147135155541, 0.27083840255315106, 0.18103008829057216, 0.3397091913968325, 0.1864444641241183, 0.6140951201426409, 0.7458659699807564, 0.34419657241475454, 0.2237836344478031, 0.2124097006033278, 0.39304929404031663, 0.34971194767526215, 0.2623262893369732, 0.341387302801013, 0.19134030025452375, 0.4338011576069726, 0.3066310689530589, 0.36685073351125336, 0.27254481453980717, 0.3543732377981383, 0.3627330442821538, 0.18517530876367044, 0.7527760449702328, 1.4215263577114001, 0.5141807513874669, 0.29987568377594775, 0.09870298827202836, 0.23930602803205447, 0.4209698600073656, 0.19943690891377627, 0.1334865608563026, 0.41668273224717095, 0.4377579126093123, 0.24827540222781175, 0.33541861579660726, 0.1601008968621803, 0.7349886119779614, 0.19334045264695304, 0.20872953136616465, 0.835324852239518, 0.33229225066800916, 0.2378085107775405, 0.07800903836808477, 0.29777998787661397, 0.4560096934437752, 0.3242183613280455, 0.2329820699233096, 0.6031436444391147, 0.976835317655059, 0.40108486853840974, 0.3449166764815648, 0.3452640635271867, 0.15553883830499318, 0.22490071947686374, 0.2577158841304481, 0.7749656227727731, 0.20033292353244697, 1.5292494172851245, 0.2259246033305923, 0.22192738681203789, 0.11016291524962676, 0.3729405829475986, 0.1932531630154699, 0.7495720843629291, 0.4052374499539534, 0.29286054983025506, 0.3397842454103132, 0.22619645137872016, 0.21418330295377278, 0.3238736689090729, 0.30855381293665796, 0.36276395122210187, 0.2904328009379762, 0.18563889772451062, 0.8645794248829286, 0.34786554436302847, 0.3179866367330154, 0.35617195299516125, 0.2714472653740948, 0.34979706577335795, 0.5304714646190405, 0.5414260574616492, 0.25276568271995836, 0.2621362544814474, 0.9714481923330737, 1.1284856069420737, 0.5472380610590335, 0.31157953697402263, 0.3388506147107392, 0.24634529940332428, 0.2807238682431893, 0.5997433769827087, 0.22278909810951777, 0.24561936936030787, 0.583936088035504, 0.5183031596243382, 0.31092057422255026, 0.49881138280034065, 0.18805096951416797, 0.5187089466662318, 0.31801812723279, 0.2717165703687704, 0.24262807071208953, 0.24200385764596008, 0.4308856464922428, 0.4584633686269323, 0.08623180462099198, 0.3371233720746305, 0.6655977324893078, 0.28533151728863065, 0.35093567303071416, 0.30825030663982034, 0.2506845559811953, 0.13834187258034944, 0.5064127344327668, 0.8315262508889039, 0.3311249343960574, 0.46217209240421653, 0.3133935671920578, 0.45913489833474164, 0.26854237417380017, 0.2101481331512332, 0.7211190933530981, 0.3366683433867163, 0.30779235561688745, 0.2363715438793103, 0.49443956315517423, 0.41944329677657644, 0.34932734527521664, 0.3001936576018731, 0.7236477428426344, 0.4510198739115838, 0.3977874331176281, 0.3617267081065586, 0.2811184448655695, 0.45075167119503023, 0.26923942379653454, 0.4256770437188221, 0.32667576973991735, 0.4245389960706234, 0.4233406289584107, 0.36744652005533374, 0.33782035039810393, 0.34305066491166747, 0.3382460655713523, 0.3116377794908153, 0.3647121609499057, 0.36288670636713505, 0.34911834370965755, 0.3870580370227496, 0.3624985049168269, 0.3547607496380806, 0.379053518107092]
2025-11-23 10:47:32 - fedrand - INFO - loss data:
2025-11-23 10:47:32 - fedrand - INFO - [0.6856425659287544, 0.31589063324858074, 2.7534919356588614, 0.4336420777791108, 0.9543656906299294, 0.4472471606833014, 0.3646444849990722, 0.3878836886336406, 0.3845566515906308, 0.31955501477655374, 0.5582198505600293, 0.44819063395261766, 0.46578720490137737, 0.3881647924094328, 0.321415466008087, 0.3387625654476086, 0.4261223977165563, 0.391907037012279, 0.454760551984821, 0.27726267266254395, 0.4199935123324394, 0.28290654079211003, 0.48361974706252414, 0.21206733689953883, 0.457143488774697, 0.35322715855070524, 0.22338572790225347, 0.3104981022993326, 0.5136587565498693, 0.24123004140953222, 0.28472736922092734, 0.900076312177519, 0.4388778328895569, 0.17017491678960123, 0.36141653195733114, 0.36395220919733956, 0.25799828208982944, 0.3689775103703141, 0.289955805442878, 0.11298674093675799, 0.27393607720034197, 0.09888641106296116, 0.8469060415668147, 0.20435331094389161, 0.2710426854124914, 0.3060260124985579, 0.20703018138456777, 0.35110928989946844, 0.19691853910102508, 0.4424829151587827, 0.12355473842956902, 1.2304014757807766, 0.2827501292400933, 0.07901812847153956, 0.3097823545641194, 0.1796064272442331, 0.9488175140494215, 0.29395995951511644, 0.27756339385329437, 0.25049150780597257, 0.4821266097327074, 0.28284540426832705, 0.18536036691600175, 0.2364413131994661, 0.44943834337450206, 0.13884958415047977, 0.24634031169116496, 0.24857426546514033, 0.3147197041660547, 0.22691815179507507, 0.1484228698484205, 0.8411315176635981, 0.2067816898226738, 0.24688226874255073, 0.33474544336398443, 0.27768398990987664, 0.33660593030708175, 0.2705136833215753, 0.15420934505324316, 0.19773907444129388, 0.5599073054535049, 0.26678339884217295, 0.3100342106606279, 0.06567482000467582, 0.08767797053308012, 0.14704663088584008, 0.7512715125922114, 0.1451168128211672, 0.20606648289741805, 0.30445500867707387, 0.2590562175028026, 0.13540436231045214, 0.860486274542795, 0.3063818712208348, 0.31526689436286687, 0.37422535171111426, 0.13207781468876278, 0.43071473584288644, 0.18906542102958504, 0.3421748658517996, 0.2775309840084187, 0.265068408075927, 0.5916795346510804, 1.3410312368068844, 0.2827184356775923, 0.6610657616984099, 0.26571340946746724, 0.11108938897358622, 1.0032538016223245, 0.27153526013096174, 0.3170447902241722, 0.2984587174654007, 0.29595912810570246, 0.1798407321400009, 0.16260248182628018, 0.1730551408951754, 0.09488948180844697, 0.16614374706961707, 0.24064450899393042, 0.2910648050407568, 0.3145308880643411, 0.3846349466554192, 0.7187560771902403, 0.45976379386742006, 0.6222009394676067, 0.5792674654473862, 0.689297649388512, 0.3378269167705661, 0.33914673452576, 0.3001850745862439, 0.22611391528222996, 0.6294599304951373, 0.18553860842850275, 0.2640991289168596, 0.2233647899036961, 0.27479749869626874, 0.35485555976629257, 0.3081937806769496, 0.36579091399908065, 0.2909959744662046, 0.2763307980158263, 0.3249232982750982, 0.3157701577991247, 0.2563471141643822, 0.9052483215928078, 0.6652398797372977, 0.3918926822952926, 0.8466649377097686, 0.2547114956813554, 0.5412611175949374, 0.6758002318441868, 0.2673964177258313, 0.22840834857097692, 0.3457493482891357, 0.2743317192007921, 0.7086334503255785, 0.5741054757032543, 0.2504731129027075, 0.27513112718324095, 0.3930476379270355, 0.5319812551427345, 0.3404776440445511, 0.27704325489699844, 0.24328401541958253, 0.2979429946127501, 0.5128424751261871, 0.4195847067878478, 0.4188268007267089, 0.2897784733929886, 0.5804251730123646, 0.3112082421779633, 0.4948832030323419, 0.37888326942920686, 0.30210705518722536, 0.3810068138150705, 0.30425913559184187, 0.26812568627871, 0.4496924489736557, 0.43844524535040064, 0.3512376266185726, 0.29075269875201315, 0.31068908696373304, 0.3256314797699451, 0.20677875955071714, 0.43023328641695635, 0.16628628005414747, 0.8026143059134483, 0.14900163466301866, 0.20473423392161144, 0.9321830073992411, 0.20583658386021852, 0.7048058472573757, 0.44848611392080784, 0.21131593115569558, 0.525117761351996, 0.4921973678718011, 0.1481121139973402, 0.43887840670318556, 0.9594322050076265, 0.7768141753971577]
2025-11-23 13:11:22 - fedrand - INFO - loss data:
2025-11-23 13:11:22 - fedrand - INFO - [0.48077150185902917, 1.4472889198976404, 0.4362402460933511, 0.6620574854513541, 0.5609375556261081, 0.6411031112074852, 0.5256337165439589, 0.326153207253406, 0.7837370138453401, 0.43808147013187404, 0.26221524852638445, 0.45424532021085423, 0.341025447113336, 0.6185961924493313, 0.3453618803992867, 0.5025495369132463, 0.3567374502619107, 0.2985059077008849, 0.5702957026109907, 0.46343776185742835, 0.4047781588904785, 0.3547593651339412, 0.39666615625222523, 0.4035318072885275, 0.1501947902906169, 1.1965607379873593, 0.39842263094109037, 0.4260338850125864, 0.26994370648689153, 0.5732814272244771, 0.3689277209341526, 0.2753133419331991, 0.18089844649135745, 0.2872572984897356, 0.397967146957914, 0.2556592333915561, 0.1566789242749413, 0.46971856959991987, 0.3442652047922214, 0.3702098790733587, 0.25660832992030513, 0.42234676003101324, 0.40040443218373634, 0.3011482765099832, 0.16050954041970222, 1.1847574141704373, 0.24820904158563775, 0.42258881166382556, 0.30186705466402675, 0.32001890340710387, 0.24854905058358176, 0.5019761295117474, 0.3934031277894974, 0.30840734268228215, 0.5224150036772093, 0.2176480582868452, 0.43071429098353664, 0.22185479658461796, 0.8415215566754342, 0.16841081477080783, 0.5108733514235133, 0.397738215196619, 0.7831201104240285, 0.40834485217928884, 0.4160968840122223, 0.31203484498503076, 0.5529366495708624, 0.3753993851132691, 0.37914639046149595, 0.34428376569190905, 0.34036396177751677, 0.36410796519901073, 0.16249447209378964, 1.4601139285498195, 0.2321202810305883, 0.23208005313268482, 0.3761740780125062, 0.31824412767006005, 0.3081407147106425, 0.2271355424128059, 0.11264764212278856, 0.2626110018011079, 0.34555284657205143, 0.5471356842252943, 0.3624887382900863, 0.2800975364322464, 0.05180685627015515, 0.6464022140329082, 0.7233440152679881, 0.24222060320898892, 0.4184158202674654, 0.2748540882021189, 0.415919736182938, 0.2952194105495106, 0.12166198427116293, 0.47022156536897874, 0.3185962959089213, 0.2621388714760542, 0.35297540711623654, 0.3165758332470432, 0.4882743245611588, 0.2470501419221465, 0.36312630561919046, 0.31052892471789195, 0.35418828462504526, 0.4273916371166706, 0.25267428732842356, 0.4568305589258671, 0.32708722528898054, 0.3327508957213944, 0.7162798138956229, 0.43470364261199446, 0.28797900738815463, 0.2430280644757052, 0.34711886382132184, 0.26466392531237076, 0.1718361790426859, 0.4082485303543688, 0.2733878619957081, 0.3896022123448989, 0.21390449785541787, 0.3887071212132772, 0.15834995026234538, 0.5046930984128266, 0.2245279769102732, 0.5088613965859016, 0.42832725917299586, 0.45589471395526615, 0.2658799916712774, 0.15826310519413608, 0.4601666470989585, 0.3334615419485739, 0.18333366593966882, 0.3039389597872893, 0.24402532035277952, 0.7453843243420124, 0.27806656546890735, 0.31418331107124686, 0.22822363852908967, 0.3859702620566601, 0.3469988400737445, 0.3267757206327385, 0.47886155711279976, 0.34864259557798505, 0.2274529357692079, 0.33334380744353814, 0.3114305971299901, 0.3616341170544426, 0.3667044119820708, 0.33471241891384124, 0.3949614263632718, 0.3532937912359124, 0.39359901333227754, 1.6551582098007203, 0.20953675095612806, 0.3885366189100876, 0.3368131577347716, 0.2395659128457985, 0.3852301070777079, 0.3508871524905165, 0.4409739449620247, 0.35401400464115207, 0.2768214392579264, 0.3281367258168757, 0.32269032006817205, 0.3139085048890632, 0.501680479044952, 0.3970475482443968, 0.318681671222051, 0.32650954110183933, 0.34650941416621206, 0.33652292361313646, 0.3752420406148891, 0.34691745702220106, 0.46155336483692133, 0.24588506909632923, 0.4014318730637786, 0.357615701854229, 0.4451481105516786, 0.37064812066299574, 0.570894367992878, 0.33092792552630396, 0.2472297435315947, 0.5408338058891715, 0.31195979675998864, 0.4038582883775234, 0.3735730962620841, 0.4622955877672542, 0.32834868938753414, 0.3416224552165483, 0.46350499421047664, 0.4439465220396718, 0.33981438793448937, 0.4529944060041624, 0.426717232527404, 0.3437071665444157, 0.3458492386101306, 0.35146555158755055, 0.34987433185742267, 0.33190783274670443]
2025-11-23 16:13:18 - fedrand - INFO - loss data:
2025-11-23 16:13:18 - fedrand - INFO - [0.4317930897076925, 0.5548761822283268, 0.5858805353442829, 0.5453217693914969, 0.32909915466554507, 2.190189247019589, 0.39850789985309043, 0.6018204055726528, 0.4737731483491028, 0.5235836416482926, 0.34234279970853376, 0.5763364653324797, 0.28059667541335026, 0.3962669656390235, 0.48888939772806467, 0.061606013413499264, 1.684584735200191, 0.4773201083477873, 0.21766961210329708, 0.4136446350254118, 0.6885675235518387, 0.3281280696733203, 0.187067749365374, 0.47744980274832677, 0.3184505526907742, 0.43090658449853947, 0.2738953868470465, 0.572418072599579, 0.5726854099926573, 0.45606256347327007, 0.23343702452160262, 0.043286336293977004, 0.3006883248328529, 0.44144843392832966, 0.24165709792626633, 0.6062277830405427, 0.3273603241735448, 0.3470302703897081, 0.4634545870746175, 0.3778764194791654, 0.1269120128126815, 0.24581466239057287, 0.45502197458630517, 0.29516701136044937, 0.21421123826876282, 0.21482567896779914, 0.3010448365472257, 0.3845053443152989, 0.6703991321403355, 0.2793911744530002, 0.41305509625988845, 0.3002515386435248, 0.2974503178318793, 0.585763558303006, 0.2165285866940394, 0.5199384148077418, 0.5948602031989833, 0.3877417975371438, 0.2729760328533523, 0.6751776545175484, 0.25711940980205933, 0.21012730566684953, 0.7242758707002257, 0.056368398829363286, 0.48247637197046594, 0.3372515492141247, 0.25981147108918606, 0.3322335280609824, 0.16468064201568874, 0.5166370329436857, 0.6068974256825943, 0.3282074236745074, 0.26712716960215144, 0.08370808599929427, 0.6883687432855368, 0.21137750883644912, 0.311604238201731, 0.24800094235688447, 0.3099055060495933, 0.30520009994506836, 0.3205144409356373, 0.3038463960401714, 0.27921684493365534, 0.47701317372266205, 0.12748815743252634, 0.2878117559549327, 0.27251601636941947, 0.2554233699025341, 0.40678875827614003, 0.29198807954901096, 0.7886182088404894, 0.3659094799236924, 0.2666562788809339, 0.3250984827755019, 0.6872286598663777, 0.6269800951083502, 0.3447703468026938, 0.28646718110623104, 0.4004680248598258, 0.3071126779880918, 0.26017240894509963, 0.5772794621686141, 0.31227102194513595, 0.44291829847497866, 0.3113246003698026, 0.3828232806353342, 0.27890843552944466, 0.1384551079943776, 0.21412258156875136, 0.1242417126579242, 0.280364911962191, 0.263875923352316, 0.4048806658635537, 0.2291121061374378, 0.5425830026933303, 1.8920280473927658, 0.35443176240438506, 0.35959892091797846, 0.286165213478463, 0.2919703522153819, 0.40354621463834683, 0.2453399270518937, 0.42898140923568495, 0.36958607918966346, 0.4141772386188117, 0.21299738301550625, 0.09884962622414936, 0.05274002082781711, 0.3704877331396953, 0.3683764027609002, 0.33185473925966236, 0.3190547044699391, 0.29808029940238956, 0.2641716522911748, 0.4005875785171596, 0.143795590888476, 0.8674128585262224, 0.2676922685395067, 0.2626571795381196, 0.2764734019622362, 1.07925829279271, 0.21172219995060004, 0.5913939540842911, 0.3722196601292429, 1.2159544217089813, 0.40994103966901696, 0.28093839302245116, 0.25030541642408666, 0.3895727681616942, 0.5279891972740491, 0.2896513989266868, 0.25826510389645896, 0.4480135599556282, 0.26942830306610893, 0.3287455812096596, 0.4770537939233085, 0.14855471082652608, 0.8043689946644008, 0.07367360809312232, 0.561032896094063, 0.08772276225923137, 0.9949214305263012, 0.17785364015038757, 1.3019075471558608, 1.3625743967791397, 0.44597635641129635, 0.2532003779662773, 0.26022554609876175, 0.09593712079416339, 0.2378398036800381, 0.2879649957223592, 0.46229634941728026, 0.24346044383152426, 0.20328894085940663, 0.13181233300517003, 0.6289804999095698, 0.6008725588520368, 0.367509384146508, 0.3414356057532132, 0.3638452628796751, 0.3587213596156626, 0.4598934382200241, 0.35115610588437474, 0.40774299980451667, 0.3572252806276083, 0.47022137094643857, 0.2278748688530565, 0.46203959112366044, 0.32709167144019846, 0.2888581015307594, 0.38555917753414676, 0.4550165225475751, 0.560502546741849, 0.2848759605504927, 0.22095672499675018, 0.19336410667747259, 0.20787986883750328, 0.9566589681541218, 0.22763213515281677, 0.1993484907067166]
2025-11-26 19:00:37 - fedrand - INFO - loss data:
2025-11-26 19:00:37 - fedrand - INFO - [0.6847162597236179, 0.3006299986405513, 2.7870194287124006, 0.4095782714967544, 0.9845374069735409, 0.46422711471942335, 0.3830142570535342, 0.44933342762912315, 0.4243388682603836, 0.3856890955939889, 0.5897781441609065, 0.5377106115221977, 0.5196741004288197, 0.4077877949036303, 0.3711350073417028, 0.3691414718181253, 0.4897276292599383, 0.43647867858409883, 0.5150572473094577, 0.31294655253353354, 0.40590045840612476, 0.3301655242762839, 0.5966149695838492, 0.2630860558400552, 0.7159908620019754, 0.3782417975791863, 0.26471698911239705, 0.38816306017481655, 0.5421846867672035, 0.2898451617763688, 0.3080645054935191, 0.9041275546724836, 0.48215245098496473, 0.20141418823605461, 0.38646534074630057, 0.3708558811229609, 0.2902555913664401, 0.4030879372730851, 0.3469140961263994, 0.12123911622834083, 0.30076979481615124, 0.10267738904624892, 0.9501722167645181, 0.2529053450340316, 0.28750798798476657, 0.30992775631219066, 0.2457447947353487, 0.3986632845178246, 0.20010558425914496, 0.5288457255704062, 0.14016425697365775, 1.3045282049902847, 0.2939260992487627, 0.0852242552746947, 0.26448430109303445, 0.17411324346344023, 1.2545362591876517, 0.32231551147320053, 0.31735117888698977, 0.260098652531659, 0.530133845905463, 0.3184790892932903, 0.20562857754641412, 0.2357411258877255, 0.5138574324193455, 0.1511203658857002, 0.28336253240704534, 0.2787984209135175, 0.34689402220149834, 0.2776887729732941, 0.1643766038533714, 0.7422839400491544, 0.2462497055530548, 0.2990818618832586, 0.410443015396595, 0.29704171046614647, 0.3530919971636364, 0.30018145901461446, 0.16665802152430104, 0.28614083950718244, 0.6897377339856965, 0.2747862096210676, 0.30863017881555216, 0.07508969427247603, 0.10487916930399549, 0.17251555916465197, 0.7606459354050458, 0.17328964290209115, 0.2281896425769306, 0.3169657607518491, 0.2755419964502965, 0.13357243489008397, 0.9028466189788147, 0.34028748063884007, 0.2921181216835976, 0.38231952662269275, 0.1493297389636819, 0.48436879431917557, 0.21581436697850362, 0.35958777350684007, 0.30781357217402683, 0.28317905533024007, 0.5623125118798472, 1.3057797457246731, 0.3140812073296939, 0.6335273091681302, 0.2652201817237905, 0.11988067878333462, 1.1076013232684798, 0.317191427052021, 0.35735549758188423, 0.3255936248387609, 0.3269028152073068, 0.2144596775015816, 0.17278732432840535, 0.17179500117161117, 0.107824004785701, 0.1812143465043506, 0.26379593063823203, 0.31957282480739413, 0.3371453464708545, 0.513032831468745, 0.8197714512546858, 0.5262754145501689, 0.6597478898242116, 0.5737360335265597, 0.7436861092845599, 0.371770943914141, 0.3749364020214194, 0.35770635839019504, 0.2517953533551318, 0.6550081191318375, 0.21866317588585213, 0.30663953049108383, 0.26186922967936543, 0.2758495763409883, 0.34324968326836824, 0.32782643785079324, 0.41509145696957905, 0.3384304016828537, 0.33059422547618544, 0.342069333139807, 0.3582142783794552, 0.3044891870660441, 0.8129809225598971, 0.599575088244109, 0.38506056590435594, 0.9672987796366215, 0.2727857582891981, 0.6136251871163646, 0.7198373030871152, 0.30784572996199133, 0.223259275646082, 0.37984372496492036, 0.30451316429568187, 0.700363005278632, 0.5948352731298655, 0.28392546087917353, 0.30533370773561974, 0.44636093887190026, 0.5873653287325914, 0.3605812079539257, 0.31583006475120784, 0.2662199938048919, 0.33449920704895325, 0.5193277858197689, 0.44909174781706596, 0.4405900655048234, 0.32587434014735317, 0.6333199859811709, 0.32582122691548787, 0.5442658124322242, 0.3731407918035984, 0.34523443018396693, 0.4278525301358766, 0.3384257034176872, 0.2962608942618737, 0.48838984593749046, 0.46907859928905965, 0.38343286061038573, 0.3307687823256158, 0.3523693508158128, 0.3577819463610649, 0.23999320777753988, 0.45653076628489153, 0.19578853774477134, 0.8484437815845013, 0.17041793072070832, 0.21162314559393502, 0.8852469722429911, 0.22388183294485012, 0.7144213484227657, 0.44952633255161345, 0.22821240841100615, 0.5431747440662649, 0.4916869938963403, 0.1675112890638411, 0.47608416110277174, 0.9888932560957395, 0.7890504248440265]
2025-11-26 20:31:18 - fedrand - INFO - loss data:
2025-11-26 20:31:18 - fedrand - INFO - [0.4944414765470558, 1.3231937718742035, 0.4380930492325741, 0.6732906904768816, 0.5705333569917479, 0.6496765699456719, 0.5805470486743939, 0.4085523716846688, 0.7764476715870525, 0.6127550438046455, 0.33805045566211145, 0.6006600585662656, 0.35357008090035785, 0.7012859371801217, 0.40105800256133084, 0.5356776000714147, 0.42954401969909667, 0.3315032211087999, 0.5952792582400326, 0.5082261316534696, 0.44656991514969957, 0.40726401892801123, 0.46747287586331365, 0.6358448594808579, 0.14161608819655763, 1.0713876593444083, 0.4282179124761319, 0.44893180951476097, 0.30114803716747296, 0.5936452115575472, 0.4949643074401787, 0.3173829061289628, 0.20105404432477622, 0.3285432543092664, 0.44653597865253686, 0.2829270647621046, 0.16807743329554797, 0.5218698535528448, 0.39290788856645426, 0.41373012606941517, 0.27597008355789715, 0.43715484333889826, 0.4613160683543651, 0.3250768801995686, 0.1914509972428075, 1.153321883537703, 0.25498497392982244, 0.4691305252802528, 0.35179807482950987, 0.35285642383364485, 0.3210753398598172, 0.5517008061993298, 0.43110996961706516, 0.34857231335093575, 0.5180433134237925, 0.245503036781622, 0.48019122647888524, 0.2528922960692499, 0.8726438596844673, 0.18916359124705195, 0.6552103426130045, 0.34384271155835855, 0.9756566228138077, 0.4243406102061272, 0.43455829918384553, 0.3682662501746083, 0.5600024033337831, 0.415318023879081, 0.46007133381707327, 0.4011027066569243, 0.3572633877396584, 0.4033806842352663, 0.17620163386325455, 1.4813427759541407, 0.30009289863793287, 0.2715979376588674, 0.41209291853010654, 0.35461412302177886, 0.3489882720398835, 0.27470385620577464, 0.13011080285327303, 0.29790383429240647, 0.3741493126687904, 0.6486155529403024, 0.38203223810461784, 0.33484807546354, 0.062174328150124185, 0.6735657953967651, 0.8071910459548235, 0.2556663420672218, 0.44728056146866746, 0.31283355607754654, 0.43724004551768303, 0.3458508011141811, 0.139010071547495, 0.5047411769628525, 0.35282708642383415, 0.32404387062963314, 0.3532511271384504, 0.34427565581993097, 0.5314478282040606, 0.30089108046358054, 0.38093900906628575, 0.3400109851598553, 0.39601318418245873, 0.4521014445594379, 0.28678500675870217, 0.520124626532197, 0.3890428660023544, 0.3766207144107847, 0.8993198635677496, 0.4691061193452162, 0.3447193577885628, 0.27657830048507703, 0.4032724287068727, 0.29187294414621734, 0.20476959846056408, 0.4557934271684591, 0.3239340674003883, 0.448563683464998, 0.24935722923998174, 0.4517720558104061, 0.18676283468181887, 0.6221342332661152, 0.2556150165852159, 0.6064831304053465, 0.45223220586776736, 0.47913916089705055, 0.30279167813973296, 0.19823329714644286, 0.45326176968713605, 0.380815658041022, 0.2452874998251597, 0.36558602169372034, 0.29837866918597783, 0.9788008670915257, 0.35279402691457007, 0.349764421515699, 0.27201121890766905, 0.4468533152803069, 0.3759499723712603, 0.3779611130555471, 0.4538508570856518, 0.3685905197635293, 0.2814915422645826, 0.3970044391120181, 0.3283793352106038, 0.41154642111311357, 0.3880969294125125, 0.36413704057534535, 0.44941251856439257, 0.4027222435566641, 0.4421639044303447, 1.6890049427747726, 0.23909316767627994, 0.4544651109361272, 0.3822476640343666, 0.28619645963977985, 0.4200313648519417, 0.37866269138952097, 0.4646030966606405, 0.4038956265944939, 0.3146859558092223, 0.3928599641658366, 0.3485295417053359, 0.3617328794123065, 0.5651974693413764, 0.45423827403121525, 0.381712139894565, 0.37137083059241033, 0.379263549298048, 0.39003721184351225, 0.4026364033872431, 0.3849888901686531, 0.46834356865535176, 0.29034629592088734, 0.44828551089657204, 0.3924513730323977, 0.40143176180351037, 0.45493973711771624, 0.641249343752861, 0.3740248194207316, 0.2850892281470199, 0.5934505754363575, 0.3624314559602189, 0.4548320181667805, 0.41821298499902093, 0.5193351614430095, 0.3733142335333076, 0.37630079730733296, 0.5386444648106893, 0.5431425233061115, 0.3835583395945529, 0.5146020160001867, 0.4960194245494645, 0.3839619741633986, 0.39160040838365584, 0.4162470222614158, 0.39412528585301887, 0.34112358896268735]
2025-11-26 22:09:25 - fedrand - INFO - loss data:
2025-11-26 22:09:25 - fedrand - INFO - [0.42549022858341534, 0.5502534667029977, 0.5811980310827494, 0.5357253144805629, 0.3330809690221767, 1.103075832807614, 0.4325112195685506, 0.8537589136511088, 0.5511275011242605, 0.7106458395719528, 0.22721045773762924, 0.7068343519987095, 0.3885762664179008, 0.505327629936593, 0.6199043628873018, 0.1028364098960689, 2.099767269614415, 0.7217553970523369, 0.30025342508840064, 0.6117982917775711, 0.8709613065634455, 0.3998236886392801, 0.2201127287720076, 0.5142940296126264, 0.3939606205249826, 0.529106485736526, 0.31824291006972394, 1.3310055231506175, 0.5738636218011379, 0.513165821986539, 0.28962679134177355, 0.05228159752126279, 0.31519480744025574, 0.4815519378279094, 0.2729965188986777, 0.5677575980579215, 0.3882958588656038, 0.41535229892372927, 0.4710842904945215, 0.41308745619392506, 0.13747831140644848, 0.24925868568437484, 0.47735272560800823, 0.35327001620261445, 0.23805769584141673, 0.29438533497831, 0.26599071443779393, 0.47919608343924797, 0.6915883327878657, 0.3850845629349351, 0.5026935289668686, 0.3488872575218833, 0.29934729415584693, 0.22681439351290464, 0.2553179309449082, 0.6374180057396491, 1.5220104321127845, 0.4555480629205704, 0.287279741951462, 0.749870800014053, 0.2701851195345322, 0.24693163813526986, 0.7461992287161675, 0.06754332307768478, 0.546782242901185, 0.34931607246398927, 0.2840166552945178, 0.3712356350774987, 0.21359266352762157, 0.5555197232617781, 0.6657640086486936, 0.3656985506508078, 0.3019900910024132, 0.09157682319387393, 0.7592622411365693, 0.23689938780929273, 0.33218463021330535, 0.26847020294517276, 0.32371304611054563, 0.3589240613703927, 0.3765660740789913, 0.3431334863727291, 0.31697769903888307, 0.8397970563732088, 0.20946363005787133, 0.322995559240763, 0.3093456868614469, 0.29812581357546153, 0.46171731896260204, 0.3439002858587738, 0.8525549285113811, 0.4129728777568881, 0.31494252718985083, 0.26705356407910585, 1.0170918093062937, 0.8644926657279333, 0.4651757697402327, 0.3309168916683467, 0.4725780976315339, 0.4092292782695343, 0.2590960442157531, 0.6761839042107265, 0.35259485714847133, 0.5251479651934157, 0.3470509775515114, 0.43107894588527934, 0.3370539748323557, 0.1452190589159727, 0.24081486809785324, 0.14034029437126055, 0.30999051471350386, 0.31624501303303987, 0.4561088634033998, 0.28974076525662984, 0.438644709107272, 1.823682622673611, 0.4181153132092385, 0.38227252075387763, 0.32470641285181046, 0.7029802373222386, 0.459359372569317, 0.2760281095027246, 0.4585214018890703, 0.41422331303029375, 0.3492757147625805, 0.2328079072413621, 0.11441537265411833, 0.23721074284112548, 0.3776971421437338, 0.40384979319891756, 0.38755973228918655, 0.39519428457355216, 0.32108642327401676, 0.29931823766002286, 0.4494653853845493, 0.17363272888275486, 0.8464429766560595, 0.3082205489850961, 0.3089985093204202, 0.33634551060386003, 1.0934978053836084, 0.2576529893403252, 0.5879984420131553, 0.20877274292676398, 1.0519852408518393, 0.45000152833138907, 0.3365898222697002, 0.2907130375449911, 0.4805648396412532, 0.5016028240943948, 0.32727815629198, 0.30164632586141427, 0.5697784453630448, 0.31161495049794513, 0.3676625558485588, 0.5137689607217908, 0.2490075131567816, 0.7136463263072074, 0.09618879603222014, 0.5689640203374438, 0.09163356516510249, 1.0567056324332953, 0.16708711169752252, 1.2333210447027039, 1.4650269539405902, 0.5741621691338492, 0.3581664166568468, 0.29358987235645584, 0.09701754669658841, 0.26778959594666957, 0.3647589878707159, 0.566848860943207, 0.21464515206947302, 0.2152166912090723, 0.13175077584261696, 0.6589274313300848, 0.6796834674619493, 0.40431249114301276, 0.385336280365785, 0.4025701819269946, 0.41246707966827134, 0.45453593879938126, 0.39275718896816936, 0.42039176033188896, 0.3928275181601445, 0.5336409155279398, 0.2913727216267338, 0.4743001561922332, 0.3546135842765647, 0.3128736790959482, 0.4388702367009087, 0.4742181038104549, 0.6299745923706463, 0.32025713297937597, 0.23017421207175803, 0.2390755094587803, 0.24467097646198593, 0.509921422776054, 0.21716893315315247, 0.2634715751386606]
2025-12-18 15:17:40 - fedrand - INFO - loss data:
2025-12-18 15:17:40 - fedrand - INFO - [0.5376533081289381, 0.3764230588722664, 0.5375021064033111, 0.2929266676808206, 0.507216040045023, 0.3555993516020666, 0.4391328716980449, 0.43287935343105344, 0.34722371844303174, 0.5861249620715777, 0.4260006538695759, 0.4911718649168809, 0.394268260213236, 0.3475170132393638, 0.29942242449033074, 0.430353261033694, 0.37460508275156224, 0.4611087794105212, 0.2842907805228606, 0.38909532888127224, 0.2701713857250676, 0.3632965817620667, 0.27087441282346847, 0.44705351103718083, 0.33168676996692303, 0.2377255094354041, 0.29994189623006, 0.37575046858558103, 0.21938279986271583, 0.2953370015718974, 0.7574191543477354, 0.4354655267877711, 0.1532264273208663, 0.40247815946737925, 0.3872141636908054, 0.24644478090728322, 0.3086491572903469, 0.18685952594230634, 0.11913954371533085, 0.2802475877649461, 0.09043579737578208, 0.5965612207480248, 0.1724891638989972, 0.26731757195666433, 0.2132870442030999, 0.22211126300294293, 0.4177539155663301, 0.16926564583518483, 0.39906974492505903, 0.06496607411427248, 1.1257259239695947, 0.23272161311828174, 0.07436259624773811, 0.3071545005737183, 0.1569230912809467, 0.5514222181003009, 0.3042234697068731, 0.25817482827793964, 0.2501688217608413, 0.4285078883171082, 0.29939391734078524, 0.18971323035657406, 0.1964524512766123, 0.35210525962070394, 0.1308446927180436, 0.24954648468539947, 0.24243710631918577, 0.31518638402534027, 0.21105848759301915, 0.13165130951400736, 0.7621660664431997, 0.22056021373718976, 0.23982200933775555, 0.31643583244747586, 0.242309155582916, 0.29103400310767547, 0.2671808986303707, 0.15469543864019214, 0.19572536572813987, 0.4509197697043419, 0.26757956613810396, 0.2514931250600115, 0.05606920558736117, 0.07699193487836359, 0.15083295374400524, 0.4829009397346656, 0.12612988358644847, 0.22127547633523742, 0.2786604849699264, 0.24665575436360776, 0.11278285183203372, 0.8014474562990168, 0.285380447388161, 0.2672484194756382, 0.3062883793997268, 0.13642454156652092, 0.39582816436886786, 0.1879594394209562, 0.3157352455581228, 0.2702803902328014, 0.18958472614630248, 0.41880366741942354, 1.2678455755735436, 0.2999408708516664, 0.5033726027856271, 0.2599479319261653, 0.1248877891079666, 0.577745003029978, 0.382483936411639, 0.3089866473649939, 0.27309405563310496, 0.2837986609379489, 0.17974976092227735, 0.1468726146655778, 0.15231118066835084, 0.0999528456479311, 0.1632912600623621, 0.2398735547593484, 0.2922489601763941, 0.3078501715324819, 0.249397285840128, 0.6003450537100434, 0.2982891503411035, 0.4092372553423047, 0.5360238589967291, 0.6424852275600036, 0.3087192522894059, 0.3582589877769351, 0.2882515224938591, 0.21106966845034503, 0.44484288689813445, 0.13988680304028095, 0.25838986006274356, 0.14742709070487153, 0.4221745491280065, 0.30947794468374923, 0.30359804474172136, 0.3133207013209661, 0.2914953413522906, 0.2174128278107626, 0.36878314362838865, 0.2850362451436619, 0.18263291839005735, 0.9977331808418967, 0.5283819265186023, 0.2967180867989858, 0.701444499194622, 0.22677488038558902, 0.4722026813154419, 0.5801526152218381, 0.28282500696109814, 0.1807120185888683, 0.3574931770718346, 0.2532465709315147, 0.522048939000039, 0.3929362705753495, 0.25819181710225986, 0.23974305285761754, 0.3561869328065465, 0.5288176557049156, 0.3118317748109499, 0.2615031065574537, 0.24363062673558789, 0.2413350563141562, 0.5142416297458112, 0.32332139166400714, 0.6046181302804213, 0.21757250195369124, 0.3895367437243169, 0.45993007856110735, 0.40326343101138873, 0.4912122925122579, 0.2970214063922564, 0.36362246912904084, 0.33054269026550986, 0.24107123787204424, 0.5188087217509747, 0.4749184378733238, 0.3485334864507119, 0.25492554205451523, 0.31217050944299746, 0.3250825827527377, 0.12379638817362194, 0.5684441032114987, 0.13159294144134037, 1.080984284480413, 0.1433697182685137, 0.19955575833584938, 0.9021366234868765, 0.18729629024552802, 0.6970532264560461, 0.42039663617809614, 0.20267755803743412, 0.47194061954414435, 0.4375368707192441, 0.15599485163887342, 0.4390743662603199, 0.9273408479988575, 0.7206576990584532, 0.4828537576210995]
2025-12-18 16:24:08 - fedrand - INFO - loss data:
2025-12-18 16:24:08 - fedrand - INFO - [0.6410812843590975, 0.352362219884526, 0.5376805003403741, 0.41667519278513887, 0.21197143790138628, 0.4850052147939363, 0.35102861770059146, 0.5899300387763715, 0.3437379795385318, 0.6853933431781255, 0.46446363735530116, 0.4921357102692127, 0.2815491063753143, 0.2543303143362411, 0.45793449858446483, 0.4053841908151905, 0.14430604973361671, 0.5360202274595698, 0.3255989362433967, 0.27283627242736874, 0.2623272185213864, 0.2513826962094754, 0.23850451976771758, 0.41498450502197937, 0.4094469009588162, 0.35801526298302977, 0.4200009589776015, 0.42550726796572025, 0.4058844162198978, 0.2776980720073505, 0.5337200820446015, 0.27673528697859084, 0.34853112546930454, 0.2557285551883276, 0.14562381614620487, 0.3387574210813593, 0.4340472310781479, 0.2998249598468343, 0.2501321770232956, 0.28985532564111055, 0.18447484138790363, 0.5155250331542144, 0.6033706630890568, 0.4322336038144735, 0.22105616595228117, 0.2882978300952042, 0.3549478037903706, 0.43406229609480274, 0.2530410747065963, 0.42315498371727955, 0.26359942052513363, 0.24995525689899092, 0.3354239006297312, 0.29374210295112185, 0.10124222675476631, 0.41971632446616125, 0.22466356302999582, 0.3635878316171113, 0.3570446784297625, 0.37543772384524343, 0.25992484418675305, 0.27021278059553533, 0.21996026516677447, 0.21058459549676628, 0.3054892440350392, 0.27671329874167405, 0.2766006232372352, 0.19608547386996372, 0.2678994436073714, 0.22397686697982458, 0.12585805787627274, 0.24845590925930688, 0.470043310465721, 0.3463230974085274, 0.40834617931395767, 0.25707464140529435, 0.32950969918806483, 0.24458005725302628, 0.18224676164997314, 0.3223308218177408, 0.32623879437645276, 0.3936848026411287, 0.3311276541224548, 0.33703075481694694, 0.3391357516071626, 0.2395287172956581, 0.2788039299969872, 0.20796312169404702, 0.36802732415962963, 0.3455942715000775, 0.28180858058234054, 0.11141537753671098, 1.2753762140870095, 0.22770423016821345, 0.2878216696312597, 0.32227748874870554, 0.3429834881208391, 0.3099975483087094, 0.22902112076214204, 0.28201962135998265, 0.3009414351425874, 0.3608703011025985, 0.15203892713156986, 0.19590806871253466, 0.25218511167913676, 0.3112538919917175, 0.29518423022495377, 0.312676525625518, 0.23865310730156947, 0.3194553722937902, 0.4870112847536802, 0.349552209302783, 0.3116893657261417, 0.32116638397177055, 0.333945326907759, 0.2997039899850885, 0.30553175657987597, 0.33366055452885723, 0.4524651850358798, 0.24061985186698592, 0.34742480002172377, 0.31661110903149925, 0.21455286188032843, 0.21866012159734965, 0.278139205613675, 0.32211068825175365, 0.21499056663985056, 0.3211338010603103, 0.1436612930963747, 0.47112631135516697, 0.22520518383114702, 0.40805318789160544, 0.45045211911201477, 0.37528157432874043, 0.3988627880487753, 0.1451204286888242, 0.23500310853123665, 0.25655569390704236, 0.17058438369486895, 0.21510330553865062, 0.2845983440932982, 0.13450248532656892, 0.4496140415838454, 1.3688116340587537, 0.2862669331745969, 0.2798002287124594, 0.4926350956989659, 0.31778679455838577, 0.1509819286927167, 0.27954613883048296, 0.3263905003616308, 0.30373482067865887, 0.3224313279184011, 0.23227784694689843, 0.35778253103295965, 0.3423796860087249, 0.35016567713270585, 0.20949681944524248, 0.295046288235527, 0.20057636383586588, 0.2107871754893235, 0.2977790095998595, 0.31467082928866147, 0.31171205592868123, 0.2895404666662216, 0.3186658663054307, 0.28161975839951386, 0.4067623866543573, 0.32075038011712226, 0.4427984385854668, 0.30723910589381603, 0.2847103430244785, 0.32004175302116017, 0.476096484851506, 0.2944568656277896, 0.38407689499713127, 0.3152086814244588, 0.3259123254045484, 0.3223464117075006, 0.3880124442279339, 0.329131664087375, 0.3957181286353331, 0.42996774365504586, 0.32031303594509763, 0.5195955056331906, 0.37935100075980976, 0.33393710496686935, 0.38909818877776464, 0.32457773243742327, 0.4575845508525769, 0.3027374136572083, 0.40249979206257397, 0.4017295788267049, 0.414986096156968, 0.41280087391877995, 0.30369223902622855, 0.30194597057998185, 0.4496567581326534, 0.3519756194939183, 0.32122459647556145]
2025-12-18 17:27:12 - fedrand - INFO - loss data:
2025-12-18 17:27:12 - fedrand - INFO - [0.2401147748875831, 0.6214959971358379, 0.6533862634251515, 0.35777142479677093, 0.536755127527497, 0.4489528483814663, 0.4074706664506459, 0.6046648547053337, 0.19587497537334758, 0.4336447528128823, 0.25536860733039, 0.40136720220247907, 0.31130057061091065, 0.3461508793508013, 0.37376897440602386, 0.379994557859997, 0.2773004483033825, 1.203487559268251, 0.28832774932806693, 0.363653469318524, 0.4876096502833423, 0.16692765452510988, 0.47057137388203824, 0.32839832666019597, 0.42867758199572564, 0.2410834626449893, 0.486022443429454, 0.551728040104111, 0.4670898084129606, 0.23555205815027877, 0.04186762899401041, 0.32606797909518886, 0.44088573642075063, 0.24884861092771948, 0.35400954972664334, 0.29717505821913837, 0.3291597017839626, 0.44810770017405355, 0.39013473863403003, 0.08947166210476545, 0.3616707777049756, 0.41710573683182395, 0.2919492292929337, 0.18361248318623338, 0.14087647006381304, 0.30257630395418444, 0.3763577866057555, 0.5895678350081046, 0.2696309195520977, 0.4138011115292708, 0.29971316917376084, 0.2585026570934464, 0.3633971730790412, 0.21232972107827663, 0.35291213806485755, 0.510826833297809, 0.3714259503852753, 0.2578699676281152, 0.47355612425448057, 0.274192054779504, 0.19562386002847537, 0.43430918051903555, 0.05835286386435029, 0.4837751691540082, 0.29945852352927127, 0.23943515389595027, 0.3058384736627987, 0.11306418479070998, 0.4058503877956952, 0.3770404301583767, 0.3408273216585318, 0.2588156524025613, 0.07753967550168453, 0.36368472859108203, 0.2036275579346693, 0.24457329017376261, 0.19490881562750373, 0.2884728122813006, 0.3021217885342511, 0.3094774070111188, 0.2862883054340879, 0.2853173040164014, 0.39551147079328075, 0.07471537371942152, 0.3824977707847332, 0.24657786766340634, 0.28492069126708275, 0.38431309511264167, 0.26313237400697265, 0.623275296886762, 0.37003790487845734, 0.20261703476761328, 0.30080656344071033, 0.7451268900806706, 0.6223193383465211, 0.2761247536699687, 0.28921315067758163, 0.26515252395932165, 0.21093590182261124, 0.24519260136876256, 0.5196164463731376, 0.3038521254701274, 0.3424594637460056, 0.24366341595951882, 0.38260629544300695, 0.24957340184218166, 0.06748961105477065, 0.23521889050636371, 0.13239240114134088, 0.2299508451938718, 0.19296521359965915, 0.24843707755208017, 0.222578868320367, 0.3927593556698412, 0.8780017476528883, 0.3468084854029474, 0.3429324708878994, 0.27123876647757633, 0.33327587199552605, 0.3924954632607599, 0.16628675236451357, 0.350715908408165, 0.3431752596050501, 0.28708733678795395, 0.2084531522045533, 0.07882707019082524, 0.04810008060770391, 0.4245123453486788, 0.3488878461221854, 0.34395715904732543, 0.2835080270965894, 0.2826378809506864, 0.243825682031789, 0.3612291579445203, 0.10741685839990775, 0.7671277057379484, 0.2058102750134739, 0.24925793050655298, 0.24282743997561435, 0.5511670233681798, 0.20627776768071474, 0.36766647407180303, 0.17789228222585127, 1.2373009781042734, 0.3835348471378287, 0.2954130787289504, 0.2505303442229827, 0.3515735966463884, 0.5635818470476402, 0.23046536952257157, 0.27486903133491675, 0.43796485329253804, 0.25820126401994264, 0.2927983903297872, 0.5708575325707594, 0.12566960002101646, 0.6059077987835433, 0.08415089986778589, 0.43601229492342103, 0.08933099232745742, 0.7508230491715949, 0.21189792471705005, 0.9407159679194188, 0.6626599203795195, 0.22660586625958484, 0.21937686679884794, 0.2911262788217176, 0.1129060127112704, 0.2210270328214392, 0.25015193310100586, 0.3326186948145429, 0.25008873832412065, 0.20199191100185826, 0.11714627366099092, 0.6281838163267821, 0.5562150953958432, 0.3191789387237458, 0.3131577486970595, 0.3363474862537149, 0.3976042628288269, 0.5312725017882056, 0.30880844383190076, 0.43787789328230753, 0.31153283988436065, 0.3836911719292402, 0.33869671823663844, 0.40534645381073153, 0.3296994681159655, 0.2946426931768656, 0.3514305476550803, 0.4432704852273067, 0.4889079154779513, 0.2857771179949244, 0.2331265454100711, 0.22467003385407022, 0.21509910501539709, 0.46559798096617067, 0.2379528759343047, 0.1861572331165856, 0.386851930556198]
2025-12-20 05:09:45 - fedrand - INFO - loss data:
2025-12-20 05:09:45 - fedrand - INFO - [0.5425423957640305, 0.3743799612837999, 0.5633493858079115, 0.29330573516587416, 0.518383078277111, 0.3613785367504712, 0.45412360728369094, 0.4573288069417079, 0.3925307230985103, 0.6470208629965782, 0.5176143613126543, 0.6075605471928914, 0.45803454481065276, 0.3960714358215531, 0.37404173496955384, 0.5073670665423076, 0.44439203531170884, 0.5139358274638652, 0.313382554318135, 0.4360133442761642, 0.30177836345586306, 0.4640629436665525, 0.23961844816803932, 0.469444402338316, 0.3602029760589912, 0.2684592279838398, 0.32865058618287246, 0.41571662582397934, 0.25297121792553096, 0.34619283467764034, 0.8617590161884436, 0.4868720706966188, 0.17091790695387102, 0.4160424658097327, 0.4229730176428954, 0.2903522624653609, 0.34087595029268414, 0.1992953190585234, 0.12359309089370073, 0.3193007669789949, 0.09732381824675637, 0.7671654513576954, 0.1823813741868481, 0.28610758517558377, 0.2544111142973774, 0.24550519656565714, 0.47482714780295887, 0.16937914954614824, 0.4690016856871634, 0.0803424955966572, 1.0657296468661126, 0.24175491167518956, 0.08837641475484798, 0.30946105626256515, 0.18380134100314333, 0.6470228810839, 0.3447917769042154, 0.29393411621761817, 0.2918008910201024, 0.4896790560334921, 0.3385283856652677, 0.20938403221468133, 0.2107075080750898, 0.425246447764146, 0.15442564690602012, 0.29597578704771066, 0.2612872047556771, 0.37367581410023076, 0.27115494027898157, 0.12535046664775376, 0.6933714842403328, 0.2273251092992723, 0.2752436922203439, 0.34907549764547086, 0.2781037288119218, 0.3435394499628317, 0.2954455698374659, 0.17661362191041313, 0.22359628699099024, 0.5577434953302145, 0.2873109668875352, 0.2925121573110422, 0.07640696210728493, 0.09437943991506473, 0.17147891597705894, 0.6134186884026147, 0.14377616228496967, 0.23871008649778863, 0.3068956544312338, 0.28189937082961913, 0.1253518743825462, 0.8362074551017334, 0.34649606579138587, 0.29543362873502904, 0.3720427807265272, 0.15830901806863645, 0.48372576038042703, 0.21967812670433584, 0.3474050967643658, 0.30799743263050916, 0.21605770561419538, 0.4694847160442603, 1.30144385745128, 0.2897676860331558, 0.4634903843514621, 0.2680416325728099, 0.1307283657532818, 0.7852728604202104, 0.36522225613395376, 0.35808939958612124, 0.3088917008556781, 0.32053260318158816, 0.21947546033964804, 0.1724535977545505, 0.16523462386380525, 0.10577448219604169, 0.17733491219447128, 0.265881029330194, 0.3120020760844151, 0.3153706848621368, 0.31969650422814994, 0.7652467988431454, 0.3848502218723297, 0.5753774590790272, 0.44307422178486977, 0.7708491656929254, 0.3351407326048329, 0.40302622119585674, 0.32635526087667266, 0.2417631118498647, 0.5425098682354603, 0.1788676965176516, 0.3085975242390608, 0.1693877963400094, 0.4367458367875467, 0.3457642141729593, 0.3516617564661872, 0.33978015234073, 0.3372049554354615, 0.2826556713971632, 0.3636703370139003, 0.3300158986200889, 0.22994274475966536, 0.8744469864526764, 0.5315111479829423, 0.34735570315582054, 0.8974733643233777, 0.241926111242113, 0.5658159811360141, 0.635190162062645, 0.30108814977575094, 0.201487514573992, 0.3959622553239266, 0.3021085770018637, 0.6027060049818829, 0.5013057782469938, 0.2791175799334751, 0.27039144970476625, 0.4265453621434669, 0.6423675374438365, 0.35210767363508544, 0.3122681424953043, 0.2757837727665901, 0.2878398468097051, 0.4789560263355573, 0.39068196922102394, 0.5794820893269319, 0.2932299551864465, 0.455347895541904, 0.4098884874333938, 0.48048443434139093, 0.44614271155248086, 0.34315280231336753, 0.4095518031595823, 0.34744971949193215, 0.2763233276704947, 0.4906141630063454, 0.49178549920519193, 0.3907837448020776, 0.29619195775366297, 0.35511847166344523, 0.35069517912343146, 0.1712460496335053, 0.5355771008401345, 0.16673884466290473, 1.074025076089634, 0.1680340222393473, 0.21821295208342018, 0.9561304558068514, 0.21287166135540853, 0.7386484007040659, 0.410019472738107, 0.22140862059359456, 0.5352350014024505, 0.49779004883021116, 0.1669907961661617, 0.4757405256231626, 1.004632075379292, 0.7827803550908963, 0.5348686597930888]
2025-12-20 06:37:43 - fedrand - INFO - loss data:
2025-12-20 06:37:43 - fedrand - INFO - [0.6400161509889932, 0.35727685391126823, 0.5425596294121123, 0.425187503768959, 0.22941842003743732, 0.47474793871389886, 0.3873604715816559, 0.6860283054616098, 0.396548219382142, 0.782926463163816, 0.5329332263105446, 0.5390831562379996, 0.32432204493476696, 0.2685354380325104, 0.496604846073141, 0.4706758979707956, 0.16393444219332498, 0.6213643836478392, 0.3660410257159836, 0.2786753533762835, 0.2880708309433734, 0.28767462270334365, 0.27612530205277896, 0.474750236787411, 0.45453894439598785, 0.398802609360289, 0.47920822747624836, 0.4682640623587828, 0.4578034541163689, 0.29171151292051517, 0.6270348522812128, 0.29605999744186795, 0.3844079611844372, 0.2933218138501079, 0.16911186841316522, 0.38500297177427756, 0.49846377720435464, 0.34102488147715726, 0.28251445054953517, 0.3116416229090343, 0.20251474401156883, 0.6810624772915617, 0.6658839718128244, 0.5416387508694942, 0.24338225175715272, 0.3201321940869093, 0.4034095764160156, 0.4728894717991352, 0.2786955816338637, 0.4962676188884637, 0.26729701446990173, 0.2942409171645219, 0.38073552647686526, 0.3254604654852301, 0.11649066067378347, 0.5053226090012453, 0.23924508136050363, 0.403742782310361, 0.3936969871322314, 0.43786329228053056, 0.29424391706318903, 0.30577109484667225, 0.2517901745544947, 0.2255321591782073, 0.36814073444559026, 0.30528723677971226, 0.28617689071134444, 0.22545694612176614, 0.3068774936553568, 0.24944442148941257, 0.15613533181603997, 0.30411789335000017, 0.46539667649911, 0.3795334191726787, 0.4583480928093195, 0.2919485371094197, 0.36490355476575054, 0.25958428798088184, 0.23121980931803893, 0.39045981066301466, 0.35827389918267727, 0.4782020138769314, 0.3679550695100001, 0.39300060944952375, 0.3733303563225837, 0.2882953134932272, 0.3092586422339082, 0.24566193231582348, 0.3629360254853964, 0.38488536666975254, 0.3029653851649371, 0.12026651967510892, 1.3594480038930972, 0.2574533137182395, 0.33862893195768845, 0.36256127644862446, 0.38878901786783826, 0.36249185368364706, 0.27173337442800405, 0.37669684258954866, 0.3766063831364497, 0.3589653502735827, 0.1756039601915023, 0.23039894783086762, 0.30455350226256994, 0.3749557725198212, 0.3295521361546384, 0.33744199273615394, 0.26471485754328905, 0.3598126313338677, 0.5564056976387898, 0.48270972091704606, 0.33248094458665167, 0.37955471836030485, 0.3715423872795305, 0.32497233636677264, 0.3554660155127446, 0.4166666126499573, 0.4729846793298538, 0.26446852753816663, 0.37587892504772924, 0.38075677062506263, 0.24640385171069817, 0.27361764858166376, 0.31912467343589435, 0.3471479905769229, 0.2803944713746508, 0.34021511609409594, 0.1875275802720959, 0.5659365681724415, 0.2978935077165564, 0.44459000182520036, 0.47077114433050155, 0.3692108473430077, 0.43064468515955884, 0.17840738928773336, 0.2897354690394565, 0.2869720966244737, 0.1998339147151758, 0.24880489480371276, 0.38058761739555524, 0.17451996348229132, 0.5176774761038057, 1.511556607981523, 0.3170162675074405, 0.32132722611228626, 0.5140619650483131, 0.36512018338992047, 0.20383834421841635, 0.3270029591396451, 0.38176918180650987, 0.34135615949829423, 0.370686947567086, 0.27739138988157114, 0.383804225238661, 0.411315297604435, 0.4054704169432322, 0.23891678530101973, 0.33940884962470996, 0.24249831043804684, 0.2552146398950191, 0.36496399653454625, 0.38712931325038274, 0.35986916469814983, 0.34001839011907575, 0.36980447365591923, 0.32255962640047076, 0.42820395405093825, 0.38005069283456167, 0.4996835639079412, 0.37796412221464426, 0.3384749543447143, 0.3384962963707307, 0.49599572701586614, 0.3297543367306734, 0.45941698808400405, 0.36499113076263, 0.37354104480017786, 0.347106396779418, 0.4410556711256504, 0.3635533500462771, 0.45989012656112516, 0.45231419056653976, 0.3620742118606965, 0.5493729149594027, 0.4320803190625849, 0.3799799648855907, 0.5051453302924832, 0.3719610794491711, 0.4686249890675147, 0.33638325619200865, 0.44816372191740406, 0.464511389812005, 0.43664735191398196, 0.39190000571824357, 0.34070678763091566, 0.3341436122854551, 0.49213788209435266, 0.41474229170875404, 0.3599471389005582]
2025-12-20 09:13:59 - fedrand - INFO - loss data:
2025-12-20 09:13:59 - fedrand - INFO - [0.244117688773466, 0.605237002633512, 0.6153660410394272, 0.35405291592645827, 0.5470922060536616, 0.4592473324802187, 0.43967161015748524, 0.6689642044405142, 0.22249241631685032, 0.5099649122357368, 0.3053176915696399, 0.42133181902269523, 0.3302989265984959, 0.42159432005137204, 0.45807909822712345, 0.44848742571969824, 0.3310450894855118, 1.374530813532571, 0.34629173640161753, 0.3991965189265708, 0.5243201058003164, 0.19228848837471257, 0.511678142597278, 0.37769989160199957, 0.48415029744307203, 0.28417531292264664, 0.690634526905011, 0.5982842355966568, 0.49853615941745894, 0.275825146388767, 0.041565851967031144, 0.3621787405519475, 0.48671334981918335, 0.28071026714169417, 0.4124982935202766, 0.3030852804270883, 0.3338525065290271, 0.5153527026375135, 0.42856038014094033, 0.08764671607659982, 0.389116633222771, 0.4803685761988163, 0.3353780356753203, 0.20040228601752055, 0.18269591403193772, 0.33677338159436154, 0.4563089789201816, 0.6031202045579751, 0.31609258613704394, 0.45961237922310827, 0.3420555132920995, 0.2948580533019126, 0.27469263734787497, 0.28684700632496085, 0.4262338088204463, 1.1644387955466906, 0.44172944217210725, 0.29164842796638946, 0.5690527045978354, 0.23928056900581168, 0.23160655535854552, 0.49407734971662814, 0.06349539677325225, 0.5135650588820379, 0.3433820649050176, 0.28691705279440305, 0.321485892022934, 0.08482295790066322, 0.4937064789624752, 0.42377627855449007, 0.38674929428224764, 0.2679230322033936, 0.092146809167704, 0.4295700675187012, 0.2267888473094596, 0.2733728699785258, 0.2545942848237852, 0.3120100170373917, 0.3362446294363701, 0.34393917612279906, 0.32130339201539754, 0.3249239418034752, 0.4803526797849271, 0.08854669596573028, 0.7236201272966961, 0.2955488918814808, 0.34372111869355043, 0.41801276467740534, 0.2896318580941156, 0.7137166503816843, 0.4215745338549216, 0.2418237899270172, 0.37723031602799895, 0.4738615098098914, 0.6621957374115786, 0.29825676172262144, 0.3421813286220034, 0.33878439538890404, 0.2915037532763866, 0.24352381242853072, 0.5783399128439752, 0.3361172682117848, 0.43153069082958007, 0.2666178481165497, 0.4198821055037635, 0.2901793793507033, 0.09373835544619295, 0.2763876845406533, 0.14077766789666687, 0.2628076577913903, 0.22078046133475643, 0.312811544444412, 0.28492791556442776, 0.3390053106607714, 1.0846064976106087, 0.41341946808000407, 0.3873834376533826, 0.3086155594459602, 0.33547113357732694, 0.45789542409280937, 0.21085300281869643, 0.3903052620589733, 0.39546948242932556, 0.39957591813678545, 0.23324181888666418, 0.09706456756473264, 0.05649496497159513, 0.45479407976058106, 0.4114438563940071, 0.397158149878184, 0.3514693948129813, 0.31226727479899474, 0.28029891575287497, 0.3989635725816091, 0.1441077252035029, 0.6958384683976571, 0.23932006845250725, 0.28794736241655694, 0.287694581161486, 0.6183369123687347, 0.24100299820614357, 0.4190294090295573, 0.1665156378488367, 1.1921897844721874, 0.4240954836209615, 0.3212050028483976, 0.2866513594860832, 0.4439939782644312, 0.5685354862362146, 0.2661429553168515, 0.31127656865864994, 0.4854019873258141, 0.2978081307035278, 0.32629734582521697, 0.6070582646521784, 0.16353729060954517, 0.5851755821650537, 0.096847212418086, 0.49713848625930646, 0.09871265009243155, 0.9118476536047334, 0.3682384839941127, 1.0196672220753196, 0.8965829571088155, 0.2717994674165366, 0.24430078736816843, 0.31121341170525396, 0.127277598493836, 0.24256364642642436, 0.3026920288076831, 0.41250106443961465, 0.39106183461844923, 0.23109377329016018, 0.13270925206856593, 0.6263490924611688, 0.5810405626893044, 0.3487027417690981, 0.35886410242390065, 0.378831459954381, 0.4510600625226895, 0.5650766620205508, 0.359666075805823, 0.47803867082628937, 0.35646090731024743, 0.4189569021264712, 0.3606604986099733, 0.4348080568636457, 0.3761038263638814, 0.3274820918838183, 0.37451188574460414, 0.46886000894010066, 0.5677353904893001, 0.3309315194686254, 0.2551184209542615, 0.2675533961504698, 0.2443048312018315, 0.5092019058763981, 0.24934914161170285, 0.23896904185828236, 0.4004151379068693]
