2025-11-06 17:33:27 - fedrand - INFO - loss data:
2025-11-06 17:33:27 - fedrand - INFO - [0.4851322902061269, 0.5056680962443352, 0.24945727142099386, 0.3145040227100253, 0.3843044453053153, 1.0614503276032896, 0.34886120545694177, 0.241737026773626, 0.8879786984374126, 0.27060185968875883, 0.3455532388598249, 0.20972216728453835, 0.20483563996144924, 0.2572535568227371, 0.21435191061185754, 0.254656609846279, 0.17800384551538184, 0.15182642987309247, 0.1670392737723887, 0.3440008745796379, 0.18089024742182933, 0.21310552985717854, 0.1468138183001429, 0.31007167289330473, 0.20424607866688776, 0.23599349419869808, 0.19245781676406135, 0.09008076402242296, 0.37898611762960044, 0.12667748874186405, 0.23909872895835535, 0.2751899535457293, 0.21259955341290487, 0.16143202390251815, 0.11058702299903546, 0.21980669275403786, 0.21871210574678857, 0.1703107834660581, 0.1682516386732459, 0.18087721608268717, 0.19037963496879318, 0.258349888712952, 0.28148574105881413, 0.10385151453582303, 0.09982914766296744, 1.2038484041889508, 0.11114986502350845, 0.17361235934431138, 0.16313845484207073, 0.18073313642078292, 0.20810786072785656, 0.1823686132350793, 0.27951220896817786, 0.40292619531974194, 0.2667723463800473, 0.17446276592090726, 0.16261448875929302, 0.22813391891996498, 0.1328679315502877, 0.12469623978862442, 0.11761304073346157, 0.07494179796194658, 0.20483196281894053, 0.11485087434162519, 0.3970316442159506, 0.1794128540592889, 0.17810887359736258, 0.20689536053045043, 0.15381673350930214, 0.24392842540207008, 0.33624815100726363, 0.1598894870840013, 0.1148420310113579, 0.08493196515674077, 0.18238898033204562, 0.16442984974254732, 0.24304509004577995, 0.14832420088350773, 0.15667212229977917, 0.365709397402641, 0.11931142492148165, 0.11541243519645578, 0.17642035612516338, 0.7570864429506354, 0.10978304811675722, 0.10621231128485913, 0.5519949593243824, 0.13266717577761594, 0.21441957760506714, 0.09386423672549427, 0.22616718439385294, 0.40017659589648247, 0.23508122439185777, 0.09465111820439537, 0.47371771965457204, 1.3926098844996886, 0.20450884271833233, 0.21691418521484168, 0.18334494982110827, 0.1846700321094921, 0.11541249383682091, 0.2810567257304986, 0.18690289340751326, 0.13077952900202944, 1.9567362107336521, 0.2919151301388271, 0.1749376741875159, 0.07431256918629142, 0.31201341706488667, 0.15498979690556342, 0.2584204602986574, 0.11094297331064604, 0.1524840537863581, 0.18109413961259027, 0.2612370637555917, 0.15207353104715762, 0.2742040539160371, 0.15765162313060052, 0.15629112259729913, 0.1479651924067487, 0.12699256278404694, 0.6205716874581156, 0.10422908785311799, 0.2934233695268631, 0.1491720567767819, 0.13785467695306483, 0.1332486187418302, 0.1928543783724308, 0.2473654500208795, 0.11289927758625709, 0.2954859740656199, 0.7531349652433467, 1.1928541015623826, 0.38356710619846124, 0.22506652857652323, 0.18054359630748096, 0.10235963356681169, 0.21405502991894115, 0.2831003499942688, 0.18236868642270565, 0.15764698712155223, 0.27938403664156797, 0.46759120002388954, 0.34882710314455573, 0.40002220796271304, 0.15130589646645465, 0.2033972225833123, 0.20741084218025208, 0.148775862729443, 0.11943508925704428, 0.11118930907465244, 0.172642703478535, 0.18046144435468775, 0.13985696241546136, 0.14086547124516294, 0.22767138090964995, 0.18831909304883865, 0.26979108289815484, 0.3823955822736025, 0.14721498217744133, 0.19347100897381703, 0.22740569477900863, 0.32219934494545066, 0.20474695583938488, 0.5766041701038678, 0.11116122760189076, 0.34503567698769844, 0.11685661468736958, 0.17271531940772172, 0.2052345103140743, 0.24664497129586443, 0.36237816140055656, 0.23436754825524986, 0.611502826338013, 0.11862538442281739, 0.09656701516360044, 0.31921572852879765, 0.24667877436925967, 0.1880973083898425, 0.1977838556497143, 0.16086227001472453, 0.20869132794965153, 0.39462267867146206, 0.3748481447498003, 0.13213378797684397, 0.20931646678650723, 0.24115450028330088, 0.15325446917038216, 0.18326258541395268, 0.18631751075874836, 0.2038684700926145, 0.24340399258352557, 0.17622927182282394, 0.22817886952931682, 0.12177369191000859, 0.3155600720395645, 0.409835372120142, 0.28248680010437965, 0.14566269315158326, 0.1457658963406394]
2025-11-08 15:25:48 - fedrand - INFO - loss data:
2025-11-08 15:25:48 - fedrand - INFO - [0.47488531890172625, 0.37867172310749686, 0.23956161908781493, 0.2501075134923061, 0.32094087800311777, 0.7796622620752225, 0.3110780078721674, 0.18635794266592712, 0.8350776843726635, 0.2513754541054368, 0.35420682327004904, 0.20528659395252663, 0.21500656207830743, 0.26657574996352196, 0.2216019214981276, 0.13134828994225245, 0.21057521100829502, 0.12736538246074064, 0.2824345091357827, 0.36781825088820924, 0.17287502526060533, 0.2611270326500138, 0.11018302112352103, 0.28902513987344247, 0.17457399801596213, 0.19196016365743201, 0.18671786443588873, 0.07588789565294671, 0.3998863956491862, 0.17284098833001085, 0.24642919591101614, 0.2038729389508565, 0.21373724231594488, 0.1345081073164508, 0.2255994330293366, 0.25721989443692833, 0.22093210331305113, 0.17857955655615243, 0.1829543011263013, 0.17535017298844952, 0.20576707227155566, 0.23464720343288623, 0.25359047538247603, 0.16365355515985616, 0.10834993150783703, 0.749108796318372, 0.1051105290148026, 0.17170208967898204, 0.20208714924131832, 0.21518434204447728, 0.17261217525228856, 0.16248572630903277, 0.21213212306344456, 0.29145876538629334, 0.2202079651566843, 0.16247008205391467, 0.12257324303022753, 0.18843581908099027, 0.18210419826209545, 0.11115734361197897, 0.18269366569196183, 0.18346351865911856, 0.2056828560627298, 0.16211188305169344, 0.24587036151653874, 0.20314341317862272, 0.19437479487571277, 0.19600573143568534, 0.17188063248371083, 0.29120144550688565, 0.39877503711613826, 0.13681320806305544, 0.09492622171528638, 0.07121545793201314, 0.1606498200350847, 0.1825929923064035, 0.20842480522890885, 0.14073426160030067, 0.18536695874957504, 0.23813199614615815, 0.13979357099262896, 0.12739254698382912, 0.1500843557199308, 0.7005353337273192, 0.08600729962830277, 0.09357773669447245, 0.4646838330326305, 0.1317410206307837, 0.18565526640472504, 0.086692372453399, 0.262751074321568, 0.39291857089847326, 0.18595499979952973, 0.09731499762953415, 0.6285347108827409, 0.9459904516406823, 0.18348496883085236, 0.14555181649284088, 0.17680928548961355, 0.12309962294052522, 0.1193672419329615, 0.14440363893906277, 0.17691812528216322, 0.13417660138899618, 1.9274266175925732, 0.4719798430943718, 0.13322520030564383, 0.05632133488897801, 0.53057978629809, 0.19430589274718213, 0.21871772020822391, 0.1297662218601996, 0.192881862025546, 0.18915487664441266, 0.235534464319547, 0.11903191697986229, 0.2976128160953522, 0.1255265132362104, 0.16484918125048145, 0.14501913070368272, 0.12760837295791136, 0.518923652766828, 0.09952597738194623, 0.3026587562635541, 0.19070282140746714, 0.1286737944946849, 0.12952890116721394, 0.2958950437605381, 0.24154961248859763, 0.10650348138588014, 0.4864555830329967, 0.7550712999929298, 1.356189527520534, 0.2934200163472269, 0.2715685000483063, 0.19532754901973975, 0.12520332214466873, 0.20632768013299657, 0.3709850102089919, 0.2096484089270234, 0.16825756306449574, 0.28911395245231686, 0.5371164381504059, 0.3091018377121405, 0.2976786168827408, 0.14207123961323537, 0.20740662227146422, 0.28330658562481403, 0.19029554927588574, 0.13016878945323138, 0.09068952201955943, 0.21886579940716427, 0.23732388384926778, 0.08868567607938671, 0.1390743850002646, 0.2162601507219829, 0.15646266663402675, 0.26754046459682285, 0.21041793935000896, 0.16244462340449295, 0.1259943881692986, 0.25388303492218256, 0.4941996204977234, 0.2386683914810419, 0.29409240931272507, 0.15727824733282128, 0.29647303432321703, 0.13554175385118772, 0.19666501593101435, 0.21722455155104398, 0.17191439425866856, 0.23569199070334435, 0.1623535453923978, 0.5418996054679155, 0.15531479653769306, 0.09006944524712468, 0.28596371586124103, 0.32014597759892544, 0.19827097914470682, 0.22430441987056, 0.1405376529227407, 0.18576574519288558, 0.39965110859618735, 0.297469454507033, 0.13892035324658666, 0.2091197002544135, 0.28487916477024555, 0.1686043747161564, 0.2219574570655823, 0.19498802125010462, 0.3106335632503033, 0.21798796643470897, 0.17152183445600364, 0.17885361158599455, 0.15277447433521352, 0.15260366226236027, 0.33105718437582254, 0.257144183665514, 0.14560233236600956, 0.13862778173502663]
2025-11-09 20:40:28 - fedrand - INFO - loss data:
2025-11-09 20:40:28 - fedrand - INFO - [0.4560898239366137, 0.42714419712622964, 0.24916098531431113, 0.28395596891641617, 0.35471408085722944, 1.228667455797012, 0.31770056143664477, 0.13792782732052727, 0.8470736208061377, 0.2436087720716993, 0.2557559850249897, 0.16656855180238683, 0.1938752851384724, 0.22067754622548819, 0.26177890177654184, 0.2371080532670021, 0.1984422620832144, 0.14692017880025443, 0.23639810411259532, 0.2971214659126668, 0.1722130416647384, 0.18096471717581153, 0.14645911033730954, 0.370677234739929, 0.30729919377910464, 0.23817555177146973, 0.1927962402492313, 0.09166138449994227, 0.40940478364271776, 0.18953031288193806, 0.24355631742788397, 0.2523326786855856, 0.19944973206637723, 0.15779184519002837, 0.1190355820581317, 0.23817854879710537, 0.2142307844670089, 0.11804489821328648, 0.14435585405056675, 0.19736289543410143, 0.18898224651616496, 0.15730490692351995, 0.25613756728326453, 0.14283844010372249, 0.12924373756395652, 1.1538625558217366, 0.1039468887726704, 0.17728573772246423, 0.13903268159677584, 0.18009745692296958, 0.2172130263565729, 0.19963897168875122, 0.19877293101502197, 0.35099908007929725, 0.25782268355863214, 0.15313529153354466, 0.19255593739067894, 0.22175854385115099, 0.1716859662581397, 0.10795216175580495, 0.156761174594673, 0.07789850120898337, 0.189050739411546, 0.1511614514913942, 0.32359629364397663, 0.16644267772790045, 0.16305950272566916, 0.14664544801002946, 0.1990130627527833, 0.25670775421895087, 0.2593921881634742, 0.11761472777773936, 0.1040429452744623, 0.09623488774879474, 0.15304973878873845, 0.14763019047677517, 0.2317722715747853, 0.14181613363325596, 0.17800484725233653, 0.2557194380971946, 0.14554697422855686, 0.14456142090631197, 0.03219042478425157, 0.7336095833506149, 0.0986248779585973, 0.06889057245656052, 0.48951812037199305, 0.1284410129186877, 0.25366048450366807, 0.11860046465881169, 0.2567897584910194, 0.33453366346657276, 0.19459433232744533, 0.0910709675544543, 0.5678051670642162, 2.028365193467471, 0.23063854435528802, 0.21809048107082862, 0.21047504965150565, 0.13476945629391152, 0.11472766363601151, 0.3247680968294541, 0.19813235202885193, 0.09149975372214006, 2.071173332631588, 0.33207586565269875, 0.18629013099952746, 0.0765474589029439, 0.25618380654988615, 0.1906216898933053, 0.23548689312301577, 0.14104704549746183, 0.12338200191278821, 0.12775857572754223, 0.20244268436605733, 0.18250680350415086, 0.14535035379230976, 0.15413873361936514, 0.14322713397598796, 0.12175700776278972, 0.09052227262084975, 0.6366255034186077, 0.11119578649338924, 0.25316732935607433, 0.20656240320143598, 0.1278187203584165, 0.15593304944535097, 0.1871310919523239, 0.15566004626452923, 0.12225350191971908, 0.2721909352647344, 0.6802915822846141, 1.29129745750015, 0.500365772834266, 0.2402041811219836, 0.19961074919861166, 0.12855012072028504, 0.21335649840438214, 0.2230104694250398, 0.14343973086215556, 0.22058852777505913, 0.16361141762075326, 0.509112633143862, 0.310044101539201, 0.4110691636030016, 0.1605806385477384, 0.18631131065242035, 0.2513672523200512, 0.1788189221156894, 0.11942026095034984, 0.12339545551214032, 0.17483938531950116, 0.11752181990931813, 0.17349515674420846, 0.13740079059842447, 0.21752728027732748, 0.19182086884531946, 0.23272392060607672, 0.3762257704511285, 0.16406315950832018, 0.23729020596171418, 0.25152703607454896, 0.20653196284547448, 0.24539078775394174, 0.5954214483499527, 0.1328523197211325, 0.3125195375954112, 0.11455423552542925, 0.18812565364134615, 0.23448877830413128, 0.231009733716124, 0.29982067085802555, 0.19453156384794662, 0.5692272522486747, 0.14663741977087089, 0.10160787344272984, 0.23903681014974912, 0.19451264360298715, 0.1489825932116344, 0.1751736496002055, 0.13394278482769498, 0.21541072631565233, 0.48750640365939873, 0.3190380359689394, 0.13802237073846518, 0.22193019110169532, 0.13816360314376652, 0.12092232912484752, 0.20036272409682473, 0.16167113109536113, 0.21177205250908931, 0.19671326201280642, 0.20104419096158102, 0.2183152097587784, 0.14355657626874746, 0.35866176585356396, 0.38757703825831413, 0.29235351632038753, 0.13357637080674373, 0.14002186920301155]
2025-11-10 18:36:32 - fedrand - INFO - loss data:
2025-11-10 18:36:32 - fedrand - INFO - [0.4560898239366137, 0.42714419712622964, 0.24916098531431113, 0.28395596891641617, 0.35471408085722944, 1.228667455797012, 0.31770056143664477, 0.13792782732052727, 0.8470736208061377, 0.2436087720716993, 0.2557559850249897, 0.16656855180238683, 0.1938752851384724, 0.22067754622548819, 0.26177890177654184, 0.2371080532670021, 0.1984422620832144, 0.14692017880025443, 0.23639810411259532, 0.2971214659126668, 0.1722130416647384, 0.18096471717581153, 0.14645911033730954, 0.370677234739929, 0.30729919377910464, 0.23817555177146973, 0.1927962402492313, 0.09166138449994227, 0.40940478364271776, 0.18953031288193806, 0.24355631742788397, 0.2523326786855856, 0.19944973206637723, 0.15779184519002837, 0.1190355820581317, 0.23817854879710537, 0.2142307844670089, 0.11804489821328648, 0.14435585405056675, 0.19736289543410143, 0.18898224651616496, 0.15730490692351995, 0.25613756728326453, 0.14283844010372249, 0.12924373756395652, 1.1538625558217366, 0.1039468887726704, 0.17728573772246423, 0.13903268159677584, 0.18009745692296958, 0.2172130263565729, 0.19963897168875122, 0.19877293101502197, 0.35099908007929725, 0.25782268355863214, 0.15313529153354466, 0.19255593739067894, 0.22175854385115099, 0.1716859662581397, 0.10795216175580495, 0.156761174594673, 0.07789850120898337, 0.189050739411546, 0.1511614514913942, 0.32359629364397663, 0.16644267772790045, 0.16305950272566916, 0.14664544801002946, 0.1990130627527833, 0.25670775421895087, 0.2593921881634742, 0.11761472777773936, 0.1040429452744623, 0.09623488774879474, 0.15304973878873845, 0.14763019047677517, 0.2317722715747853, 0.14181613363325596, 0.17800484725233653, 0.2557194380971946, 0.14554697422855686, 0.14456142090631197, 0.03219042478425157, 0.7336095833506149, 0.0986248779585973, 0.06889057245656052, 0.48951812037199305, 0.1284410129186877, 0.25366048450366807, 0.11860046465881169, 0.2567897584910194, 0.33453366346657276, 0.19459433232744533, 0.0910709675544543, 0.5678051670642162, 2.028365193467471, 0.23063854435528802, 0.21809048107082862, 0.21047504965150565, 0.13476945629391152, 0.11472766363601151, 0.3247680968294541, 0.19813235202885193, 0.09149975372214006, 2.071173332631588, 0.33207586565269875, 0.18629013099952746, 0.0765474589029439, 0.25618380654988615, 0.1906216898933053, 0.23548689312301577, 0.14104704549746183, 0.12338200191278821, 0.12775857572754223, 0.20244268436605733, 0.18250680350415086, 0.14535035379230976, 0.15413873361936514, 0.14322713397598796, 0.12175700776278972, 0.09052227262084975, 0.6366255034186077, 0.11119578649338924, 0.25316732935607433, 0.20656240320143598, 0.1278187203584165, 0.15593304944535097, 0.1871310919523239, 0.15566004626452923, 0.12225350191971908, 0.2721909352647344, 0.6802915822846141, 1.29129745750015, 0.500365772834266, 0.2402041811219836, 0.19961074919861166, 0.12855012072028504, 0.21335649840438214, 0.2230104694250398, 0.14343973086215556, 0.22058852777505913, 0.16361141762075326, 0.509112633143862, 0.310044101539201, 0.4110691636030016, 0.1605806385477384, 0.18631131065242035, 0.2513672523200512, 0.1788189221156894, 0.11942026095034984, 0.12339545551214032, 0.17483938531950116, 0.11752181990931813, 0.17349515674420846, 0.13740079059842447, 0.21752728027732748, 0.19182086884531946, 0.23272392060607672, 0.3762257704511285, 0.16406315950832018, 0.23729020596171418, 0.25152703607454896, 0.20653196284547448, 0.24539078775394174, 0.5954214483499527, 0.1328523197211325, 0.3125195375954112, 0.11455423552542925, 0.18812565364134615, 0.23448877830413128, 0.231009733716124, 0.29982067085802555, 0.19453156384794662, 0.5692272522486747, 0.14663741977087089, 0.10160787344272984, 0.23903681014974912, 0.19451264360298715, 0.1489825932116344, 0.1751736496002055, 0.13394278482769498, 0.21541072631565233, 0.48750640365939873, 0.3190380359689394, 0.13802237073846518, 0.22193019110169532, 0.13816360314376652, 0.12092232912484752, 0.20036272409682473, 0.16167113109536113, 0.21177205250908931, 0.19671326201280642, 0.20104419096158102, 0.2183152097587784, 0.14355657626874746, 0.35866176585356396, 0.38757703825831413, 0.29235351632038753, 0.13357637080674373, 0.14002186920301155]
2025-11-11 12:29:07 - fedrand - INFO - loss data:
2025-11-11 12:29:07 - fedrand - INFO - [0.4618368965751152, 0.4131814415256182, 0.24462853216398983, 0.27693141531199217, 0.263127404893991, 1.0214374263126116, 0.3362532414822725, 0.28236199761740866, 0.7358062664667765, 0.24875249558438856, 0.3033920838252494, 0.16454868686075014, 0.17866058033441418, 0.22618860409905514, 0.20339281759832217, 0.16403610472334548, 0.1820360461505912, 0.13936656618835, 0.15689497371204197, 0.31441698707211974, 0.20925478137245304, 0.2007412869328012, 0.12987938413862138, 0.32986381429962924, 0.26574659357337577, 0.2001151714635932, 0.17177821209819297, 0.08159760478883982, 0.29371344284819706, 0.1476523291452655, 0.28158624077458744, 0.2580633567025264, 0.20653854673238176, 0.13223513491127803, 0.1072500107277717, 0.23922859964510185, 0.20602899311056028, 0.13027205664132324, 0.141982040538763, 0.15378675563260913, 0.21218259405129802, 0.2244429363329944, 0.2622253346931318, 0.13040634554012545, 0.09597333840792999, 1.61818894247214, 0.10076227045159528, 0.16112549493656209, 0.15813252705459793, 0.1946994460125167, 0.18203101698309182, 0.17098346574423023, 0.22454749503522178, 0.34147653592129545, 0.23168405822406596, 0.15339627916303775, 0.13639606912142765, 0.2021750843125409, 0.16593493533361217, 0.14124485105276108, 0.1491146966504554, 0.12405472891405225, 0.20093733922938561, 0.12838613032363355, 0.403924034586033, 0.18990099934550622, 0.17777932958938836, 0.14675054968944912, 0.1474696964335938, 0.30744427857765305, 0.31591279549562995, 0.1284989839574943, 0.08386818053356061, 0.08063824420864993, 0.16018742787627838, 0.13929667672061402, 0.1544332126698767, 0.16405900078825653, 0.1683133648627478, 0.2627572711361082, 0.12309926854200907, 0.11710103701291062, 0.051814674682827896, 0.7743924339994406, 0.08976593665138352, 0.051900691459983744, 0.5727329373602634, 0.1486103536667335, 0.18478624731636584, 0.05372021289076656, 0.2419553915038705, 0.3733771024271846, 0.1848740413164099, 0.07307403535232879, 0.37782462159260227, 1.7876784522406524, 0.23894105500478605, 0.16625683557620083, 0.18486538300650163, 0.1214893197055715, 0.1296019230411682, 0.2609281682719787, 0.20508893635933814, 0.11985955687244616, 2.2530082389712334, 0.3088980114374023, 0.1600613549939896, 0.06630207357683013, 0.23992608651390362, 0.18779550091578412, 0.2963878656271845, 0.14018434208040512, 0.0852813413467906, 0.16346797949324052, 0.186511196816961, 0.11702824620853947, 0.26654770411551, 0.1355667699371343, 0.15642232583926996, 0.1576575401859979, 0.10597469722245781, 0.7138549734168409, 0.15948006192124203, 0.29482899233698845, 0.1842815186828375, 0.12952874747626186, 0.15712778555850188, 0.24152209237217903, 0.20689093740656972, 0.09728874619662141, 0.2513817999405243, 0.9684935354905367, 1.5020522129424838, 0.4328110266040312, 0.2811134297036915, 0.1897857828979059, 0.1003000908043413, 0.24360593259215163, 0.29676102444220587, 0.14607994661976892, 0.1332192075594018, 0.26029977438350516, 0.3128279310961565, 0.2528020217682102, 0.3682866334786703, 0.1561969312075048, 0.20456422169349697, 0.1884673172608018, 0.16681388888641127, 0.15604363390459464, 0.10755576011584606, 0.17697267575810355, 0.18562524593793428, 0.10537851514975326, 0.16116513999514584, 0.27468130301292004, 0.15085339745772736, 0.31049724481999874, 0.2812534496188164, 0.17354037914469483, 0.14923900216817856, 0.2545423994306475, 0.22254111114889383, 0.24211115536413022, 0.5798404042919477, 0.13871780902457734, 0.3710119126078028, 0.12782387600149003, 0.18394833301456692, 0.22172567258988107, 0.22352987031141916, 0.33485077135264874, 0.17102685769399006, 0.49525371504326665, 0.13513284515855567, 0.13893446030193254, 0.26467864730705815, 0.20177055187523366, 0.17654123093033658, 0.1927457244063799, 0.14440401185239699, 0.21943787023520622, 0.3957896349229253, 0.3212219327688217, 0.11961241131204933, 0.21219056978200873, 0.2253398336470127, 0.1449651883081778, 0.217315469449386, 0.1742954250159008, 0.266960035264492, 0.23716658989674058, 0.19432800829123992, 0.2189065480294327, 0.13165074658269682, 0.2354123468200366, 0.35815021488815546, 0.2642072516183058, 0.14681063992902638, 0.16705750711262227]
2025-11-13 19:15:33 - fedrand - INFO - loss data:
2025-11-13 19:15:33 - fedrand - INFO - [0.4797560091451259, 0.6007948517799377, 0.4459568049854193, 0.5290498845279217, 0.4739877366623356, 1.17217304973075, 0.37511349130552585, 0.3672186635434628, 0.5324114765971899, 0.26068180880198877, 0.38025767022841855, 0.1887046741321683, 0.20781226270703662, 0.2690824611733357, 0.24269748325257198, 0.2505971638951451, 0.19721146636696246, 0.14656185754878528, 0.2285462310537696, 0.3236606139689684, 0.23826177692727038, 0.22840137655536333, 0.14110629283823073, 0.2902914261499393, 0.2831964432016799, 0.19637362298596164, 0.20599451390746049, 0.10626284161116928, 0.27142389743988005, 0.15024159915213076, 0.3036204099493182, 0.31292907521128654, 0.2102719556148115, 0.17466107867928088, 0.13594104522573097, 0.24138202462106562, 0.23554633236403727, 0.13093493606096931, 0.13815629246334235, 0.15951783799876768, 0.25790284214756237, 0.23331533891982154, 0.25932190406682165, 0.14182216843723186, 0.12648078748025, 1.0675400892893474, 0.11205651428773653, 0.17730014657844667, 0.16869092794756096, 0.1740051565799289, 0.21015732095887263, 0.15881418986962392, 0.30823535398182383, 0.288965322325627, 0.2563269339167537, 0.15297221349707493, 0.16027306367714816, 0.24035130562665669, 0.1745303206388717, 0.15681704655044565, 0.14082959657534957, 0.12249128054827452, 0.23187065535188744, 0.13565538777038455, 0.36906656834225243, 0.22421019105240703, 0.20640219324840264, 0.19250536331071935, 0.1641811414932211, 0.24623315191517273, 0.30184612252439064, 0.1650221512342493, 0.1012731154759725, 0.09854453153181031, 0.18951304668847185, 0.15674508338713128, 0.16418847817306717, 0.13971177791245282, 0.1904336185552234, 0.2850982412499817, 0.1507077212618142, 0.14005775548378874, 0.10903856744650209, 0.9498738581911685, 0.09703255731122529, 0.06058168804496139, 0.7715729395656482, 0.16314467867721982, 0.2050697251628989, 0.06870106747373939, 0.2834660902308921, 0.35605842247605324, 0.2416896792128682, 0.09131538467299834, 0.39147698978946815, 2.0724622322704818, 0.2899044812166769, 0.18281106395727914, 0.22128646454790182, 0.13733200099653542, 0.14326034340468285, 0.2724587060511112, 0.23016774191156675, 0.11690135931688321, 1.9886058121919632, 0.2744477189934025, 0.1800735869297856, 0.07987642956803216, 0.2182054938427333, 0.20610339717509654, 0.3396307055372745, 0.17571934556966662, 0.1547736498000829, 0.16732759359292687, 0.15347007165352505, 0.23331447903309827, 0.18307865783572197, 0.17855932598636634, 0.19200103038654892, 0.18051357896377643, 0.1227863588554707, 0.6362153901473472, 0.17638705052239328, 0.2957369713112712, 0.19211845531438787, 0.15256748728105793, 0.20618688150619469, 0.2135255504399538, 0.2016073614358902, 0.10891307688046557, 0.14141599973348395, 1.010443102406498, 1.5194629559329162, 0.3173416740668472, 0.21955065095365475, 0.20495873994327019, 0.12325748122918109, 0.2587803620009277, 0.2892868503068502, 0.1823572088032961, 0.162637984380126, 0.2318776810541749, 0.3296154160052538, 0.277318309493629, 0.43224819723902075, 0.18741181950825148, 0.2446958232035492, 0.22849643137305975, 0.21154943953401276, 0.1880735346653427, 0.13657080454527584, 0.21095431596040726, 0.18972401005717424, 0.13911673691696846, 0.20330261067310085, 0.35508552397552284, 0.17020170961595363, 0.29069751091301443, 0.28412475250661373, 0.1956142582464963, 0.17702205997581283, 0.22291110223159194, 0.32262415895238516, 0.2722920293121466, 0.585548607011636, 0.13324998918299874, 0.34232649732402, 0.14549853592000617, 0.21467467858396375, 0.26285079422273805, 0.24395423696229332, 0.30858957953751087, 0.16237429440952839, 0.47560071423649786, 0.1743550267336624, 0.1765277586387176, 0.2685746595263481, 0.2535449466357629, 0.1920018290843943, 0.24855979732595956, 0.16465099106232325, 0.23582836830367646, 0.41797034280040324, 0.3356034879883131, 0.140633560814673, 0.25364366559230767, 0.23819551430642605, 0.15781825045613868, 0.22021225476637482, 0.23167009460961535, 0.27954448250432806, 0.2322360099261177, 0.2585189336767564, 0.23040363043546677, 0.15826501917714875, 0.35366425787409145, 0.3457440920174122, 0.2968875157336394, 0.1596226634768148, 0.18559320250461842]
2025-11-14 09:12:13 - fedrand - INFO - loss data:
2025-11-14 09:12:13 - fedrand - INFO - [0.4995225421262027, 0.597425249715646, 0.4631314968738036, 0.5696255934735139, 0.6607981687101225, 1.6924655540631368, 0.3685030420457846, 0.2957599113462493, 0.738851894934972, 0.36613746359944344, 0.351713152406247, 0.21268029663090904, 0.22100278396352097, 0.25487577791015303, 0.23364894156870636, 0.32619545933557675, 0.20959767495309606, 0.15659667907849603, 0.25438084825873375, 0.2922640717748938, 0.22440620237275175, 0.2152718959065775, 0.13705947818234562, 0.31303574525467726, 0.21127848052664805, 0.22554592209179763, 0.22546593120000807, 0.10802232851274311, 0.3432794737496546, 0.1444363310667021, 0.3311938089116112, 0.3416718691587448, 0.20763786921375676, 0.17739954751416825, 0.12983935446079287, 0.25129999795880836, 0.23906946750061303, 0.2120263282475727, 0.19438757762933773, 0.1816169876450052, 0.2076073500685967, 0.3057413605090819, 0.3074179482485714, 0.13122140616178513, 0.10126722392160445, 1.029079017539819, 0.12892329653492282, 0.2024498494422954, 0.1842157590823869, 0.18900371133349836, 0.2184858384852608, 0.2089992057484312, 0.24932088221418475, 0.3374244607053697, 0.2746105753362943, 0.17982509988360107, 0.18456983525688067, 0.253596650922428, 0.1560454504645389, 0.13410707091618526, 0.11624762336723507, 0.10033334789332002, 0.2355214850529517, 0.12908233268119929, 0.4364410491230396, 0.19369487759346762, 0.2033104616168298, 0.1686590299138735, 0.17467500191802782, 0.2425731198551754, 0.3500248945783824, 0.15575286410360906, 0.1089631030956904, 0.09798914869603229, 0.18528237583545537, 0.1883755283349234, 0.24642903992595772, 0.13520248129498214, 0.20148308460965103, 0.3655907147024807, 0.14321019407361746, 0.14847064586587666, 0.0689746238628383, 0.8928558771617902, 0.10671583766670664, 0.09522183915541974, 0.5953173648188079, 0.15184169901624778, 0.2060845147173565, 0.07712824805639684, 0.2481528148986399, 0.36780719831585884, 0.20391642643759647, 0.09621840317098151, 0.464014723074312, 1.32415272295475, 0.2265217922894018, 0.22475132558062888, 0.23410137634920447, 0.18884377993452245, 0.15027456892360197, 0.30529590634008247, 0.22300656658151874, 0.13996363787227892, 1.7576692514121532, 0.2321866166491348, 0.147543634189979, 0.09462541932451318, 0.22672915824785314, 0.1788070208679598, 0.33006336516700685, 0.1569164109300766, 0.1211753639433047, 0.14915605370576185, 0.24289107353736955, 0.16904781297173188, 0.2981154527515173, 0.20973619783594122, 0.19154035737788722, 0.16069309605906407, 0.12999722850169443, 0.6223209877743533, 0.14453092527232672, 0.3216533288359642, 0.17756955654670795, 0.1607910092618682, 0.16482248292304574, 0.27380217239260674, 0.26690912526100874, 0.13857183147532245, 0.16656219862294772, 0.7933143642842575, 1.3142613850570948, 0.41373435852583496, 0.19596682763221906, 0.17387516694642338, 0.11532125153268377, 0.25841302414400835, 0.39728607677926236, 0.22516940409938496, 0.20100949386445185, 0.26205157549120484, 0.42447593932350475, 0.39952445722052027, 0.46547805961093, 0.17592677450619448, 0.2358345419587652, 0.2572036460042, 0.15704288982254055, 0.15570033380690101, 0.14564518757276612, 0.20804844610393047, 0.22438380645158199, 0.11097761952819732, 0.18507768071599698, 0.28504706957426507, 0.21623739127867989, 0.23136406689882277, 0.33549716603010893, 0.16957876608219175, 0.19387613475943605, 0.24611519509926438, 0.36818231623619796, 0.22892234584183566, 0.6554287721713383, 0.10544065164091687, 0.41319969257053274, 0.14255065568364583, 0.2069958088418039, 0.2388018852011079, 0.24558230033634526, 0.409565944224596, 0.25872348897779984, 0.6060868668059508, 0.14661586011892982, 0.14076577450491878, 0.33640867384771506, 0.22707783579826354, 0.24748069433302716, 0.23846234624775556, 0.16779739993528048, 0.2220572735863523, 0.4271110203236533, 0.46557704359292984, 0.13975090378274518, 0.26648290030982186, 0.3305153949186206, 0.17699234952267848, 0.21266821095099053, 0.2021057484006243, 0.21185638265063364, 0.34330668666496356, 0.24825627485720012, 0.27336081402997175, 0.1437631859133641, 0.347682598978281, 0.4255372257903218, 0.32264751909921563, 0.16828227366010348, 0.16854917136631137]
2025-11-14 18:29:31 - fedrand - INFO - loss data:
2025-11-14 18:29:31 - fedrand - INFO - [0.49068554911924445, 0.6221886624892552, 0.45463293216740475, 0.5415565078457196, 0.5500444542820333, 1.325173487313665, 0.34387407387165647, 0.25128459706902506, 0.587050021936496, 0.2298528293147683, 0.32680460215921986, 0.19498101013402144, 0.23742864529827032, 0.24988784889380136, 0.28116379581067874, 0.31913086301647126, 0.18112408984142792, 0.15670147036283236, 0.23246822645887733, 0.30224118655783005, 0.18259546856739017, 0.2328532338142395, 0.15608514696359635, 0.3917012672493423, 0.34466581556357834, 0.2510766488216494, 0.21863317047012193, 0.09988508900472273, 0.3640121225533741, 0.20397026943308966, 0.3200333598272308, 0.3310243984063467, 0.26560871450132445, 0.1879618048020031, 0.12001018971204758, 0.2363639330157103, 0.2342716812536575, 0.1582280926938568, 0.18099449202418327, 0.22357211261987686, 0.23907652776688337, 0.2399798454226632, 0.263280826139039, 0.17963769433221646, 0.11837138156406582, 1.192022020618121, 0.12100752753798713, 0.217164675583658, 0.15346709502240022, 0.20397152099758387, 0.24994835633163648, 0.20029553456518512, 0.2486064709616282, 0.39885229856396714, 0.28614470730416286, 0.1470915013148139, 0.2059198394895364, 0.279644340114749, 0.21706107080630632, 0.14540248725097626, 0.16279971413314342, 0.14511363331694155, 0.22957447614495213, 0.15214156918227673, 0.3782024495303631, 0.19866009250593683, 0.19823594424023963, 0.1843683503825089, 0.19271690522631008, 0.2685143147440006, 0.28898657388829935, 0.12424763796540599, 0.13034930154681207, 0.09910417763079377, 0.18094281318167654, 0.17731075377567956, 0.27748801571627457, 0.17061636492144316, 0.20931195345423792, 0.27596065088322286, 0.15998525523572937, 0.17158740102053152, 0.07479878779340651, 0.7879843235063629, 0.10665410006137488, 0.09517378504533554, 0.6041324523722996, 0.14987358846211513, 0.277337402308312, 0.11548032402060926, 0.2795186770459016, 0.5156191252171993, 0.2519960499679049, 0.08368237834292813, 0.5245495925915747, 1.7731711913424077, 0.2248593545693876, 0.25777952186763287, 0.24271032459249622, 0.12836170681298542, 0.1478786096099372, 0.35279500236113864, 0.21134533786579318, 0.11643789592538573, 1.794607400894165, 0.2788918069205605, 0.19889125914165848, 0.09601920938769651, 0.23354817714927525, 0.2015009613421101, 0.27945995654445144, 0.17762518450932901, 0.17687961839787336, 0.1486209963137905, 0.20310750075926381, 0.21961200601704745, 0.21768733486533165, 0.2292680797720517, 0.17356587662961598, 0.14223651802167298, 0.1082064898769507, 0.7126748909879672, 0.1358487424342648, 0.3008498763665557, 0.1850604227744043, 0.16308243530345412, 0.1841689506545663, 0.163311667740345, 0.18269856926053762, 0.12923178526883325, 0.190203519527131, 0.6834503260669104, 1.126115423388425, 0.3684500604722416, 0.17613474803547433, 0.20258176352806567, 0.1359447563776658, 0.2692181380561147, 0.20257476765590793, 0.19034199106196564, 0.2227548387212058, 0.1726462060896059, 0.4119896243015925, 0.3608172174010958, 0.4813798393026508, 0.20223961627970521, 0.23892927998017702, 0.2650173343718052, 0.19664006454071828, 0.153464861959219, 0.1606308578491759, 0.19657554881026346, 0.18299079768789503, 0.16539310262753415, 0.18579818492355618, 0.2948008924526604, 0.19453323987268267, 0.24359888723120093, 0.3838630188256502, 0.1939453808413375, 0.25808386638139685, 0.25713576516136527, 0.21192590991655985, 0.23983523149841598, 0.574790154894193, 0.15006433371454478, 0.3522982194971962, 0.13662588665476785, 0.21711184768818126, 0.25603022573604467, 0.27053244170128254, 0.33447424322366714, 0.24151705242693425, 0.5928016929576794, 0.16677117706941708, 0.15818679771925276, 0.30267794225364925, 0.18314283521225055, 0.16427218849802838, 0.230260329034466, 0.1557535138623468, 0.22601789275470835, 0.45559794097565687, 0.40898971507946646, 0.1555768297009525, 0.26326935154156406, 0.22739374730736017, 0.14798042374221904, 0.2144637870291869, 0.192675597433533, 0.25011888332664967, 0.28911834614800996, 0.25464527710125995, 0.25130904354155065, 0.14339271388016642, 0.4331776797771454, 0.43642625492066145, 0.3350389399876197, 0.13120223625252644, 0.1581721256390728]
2025-11-23 11:09:28 - fedrand - INFO - loss data:
2025-11-23 11:09:28 - fedrand - INFO - [0.6053957847934781, 0.19705962693551557, 2.7849145242396522, 0.43615895229546975, 0.8781536816131501, 0.3431074289495454, 0.2017524358117953, 0.17034140654529134, 0.22411083976427715, 0.1900572252015329, 0.3433744030073285, 0.2265590876340866, 0.23588176046808562, 0.1890902435414602, 0.24988237205183222, 0.14769787633558734, 0.20713191653009166, 0.1595712982583791, 0.26898658800531516, 0.18984432364390655, 0.2868855753913522, 0.13553436606137742, 0.22263568036723883, 0.18720831846197444, 0.23001035208192966, 0.20825010240077974, 0.20293292474179042, 0.15960381054830963, 0.30004927267630893, 0.11349762106935182, 0.1130044855082815, 0.49610839973805315, 0.16798535970350106, 0.16918407523475004, 0.2170909471809864, 0.15429300592619588, 0.20341428384251362, 0.4326420735035624, 0.12151975536997067, 0.08616228820836921, 0.13370992266476, 0.10861964992169912, 0.3811001839737097, 0.09254120652977792, 0.22674602913404152, 0.1437606319739037, 0.12513218404880413, 0.13835993461931745, 0.17928180861920173, 0.28553473949432373, 0.09792467275821967, 0.6250110491075449, 0.1295283736837602, 0.1231710213168602, 0.12656306033507764, 0.057945073170897865, 0.6605926466484864, 0.16861218283245083, 0.19870630656369032, 0.14593644595218144, 0.21476168232038617, 0.1706452169619939, 0.14871875966588655, 0.09189428523019333, 0.15280065130856302, 0.1004428444286425, 0.09269484797065766, 0.09062264011507587, 0.1431815735384589, 0.1804903198033571, 0.24124643714388921, 0.22484154316286248, 0.17143699151153366, 0.16391319856636635, 0.1383684059449782, 0.2725496907008901, 0.18708814205601812, 0.1463204451526205, 0.1273097308625224, 0.23658642250423628, 0.319405991377102, 0.17392900169065725, 0.15814077427300313, 0.045163642582257225, 0.09496891639986037, 0.14496526210568844, 0.2944627492023366, 0.173441686428019, 0.17366869516772568, 0.1846606815374936, 0.20507527231460526, 0.11392076080664992, 0.24433592145385988, 0.13243076044988508, 0.08245752053335309, 0.26093014953657984, 0.10070461805201679, 0.20794988390001834, 0.08766517493616752, 0.12533733793534338, 0.18257995203250285, 0.11777266316736737, 0.1121731756332641, 0.23351957687243285, 0.1750314697395273, 0.41011979506306706, 0.17768037445577128, 0.04219267322914675, 0.8665070488932543, 0.11066227213013917, 0.18267482183873654, 0.19683209918439387, 0.2551963482560082, 0.11497600922723197, 0.17332728272220785, 0.14033989376815345, 0.06712049701616504, 0.1477626716043839, 0.1864039235036163, 0.1891286142283317, 0.21939857098657417, 0.168579470709018, 0.22625502990558743, 0.13564991028340279, 0.17389403483830393, 0.45255547100678084, 0.3114563679943482, 0.2490056511579138, 0.16440974264828995, 0.22257405155423013, 0.1358637680181548, 0.23519978843008477, 0.06897783174903857, 0.2235261197290605, 0.2635722865040104, 0.08649070044048131, 0.3760751432606152, 0.18520947834476828, 0.20824155838539204, 0.14623327643300096, 0.19232970802113414, 0.14271100450284957, 0.2155492418927939, 0.30125205573211944, 0.3102545952424407, 0.16901533003482555, 0.23098133959792905, 0.39684072118252517, 0.1941187214594157, 0.20153581867925824, 0.3547081385539579, 0.2099909359766614, 0.28845896447698277, 0.153688348826094, 0.13850027263268, 0.145136771351099, 0.14717125681428506, 0.25334495762363074, 0.23617565793869627, 0.14239599624027807, 0.14034326157222193, 0.2558567293726101, 0.21565277697961954, 0.14711307376135319, 0.1941779835925748, 0.4901691824197769, 0.4360081690053145, 0.08757260661675698, 0.2715383983993282, 0.8847105643091102, 0.0895894625748042, 0.4834015461451867, 0.09877303434491512, 0.10414273967035115, 0.29992314203021425, 0.13339676833570455, 0.10344254879081355, 0.21258493360752861, 0.29903172856817645, 0.25698246974780253, 0.2884751741281327, 0.20105541062851745, 0.19651171130438644, 0.23192893723025917, 0.21454377193003893, 0.19283430495244613, 0.17501310429846248, 0.1892412899294868, 0.16161104259720327, 0.288534389808774, 0.18425443055374283, 0.27229414402196805, 0.2631329989859036, 0.18415476678914966, 0.21583658472324413, 0.2007473746780306, 0.16438002393891415, 0.20375411592734358, 0.24071187581866982, 0.28598151395895655]
2025-11-23 13:32:17 - fedrand - INFO - loss data:
2025-11-23 13:32:17 - fedrand - INFO - [0.4355612686709859, 1.1487171322107315, 0.3155061570981231, 0.5386011031671212, 0.4707864923163866, 0.45059910677373405, 0.2662406355763475, 0.2202500209751097, 0.4850107274557415, 0.2263123296149489, 0.13698278179185258, 0.18019801802182595, 0.22970220611966727, 0.3446215050151715, 0.2613957883208059, 0.258537554110472, 0.16358707631006839, 0.1950338853379855, 0.23923932324784497, 0.24678492874380537, 0.21231167761561198, 0.1813251379293354, 0.259815973850588, 0.12047587312796774, 0.16550542433105875, 0.4014469772381218, 0.2585956258909371, 0.20606229819643956, 0.14976882846759898, 0.36930880841932123, 0.1841186143171329, 0.17060999330804827, 0.08908851718200216, 0.17863805015838286, 0.250361396838558, 0.09462101107499274, 0.060956956783128485, 0.27408821416463247, 0.17513570836924303, 0.22360311648689019, 0.09650932062386425, 0.27188743523154885, 0.19817945409494525, 0.12749672634527087, 0.0800757244334787, 0.2508858414277291, 0.11718940880830185, 0.2281096612838538, 0.17214628333846727, 0.1539562457603299, 0.20630142216556657, 0.2092141617710392, 0.2016959928262692, 0.15614097611719951, 0.30383837529058966, 0.13226933851927664, 0.22745910486472504, 0.1547092911778571, 0.2847629185765982, 0.10190671102415459, 0.227933663305723, 0.24389347917615223, 0.25606905465903584, 0.2982846143655479, 0.22659543044865132, 0.22208620038501886, 0.2739346911891913, 0.22820860670138163, 0.1381107308746626, 0.2293619413090789, 0.17421168291744274, 0.19343388744164258, 0.07671960561763114, 0.19571559000999117, 0.11708248111147744, 0.1255239712423645, 0.2144249480055726, 0.22303245869514188, 0.1663414948619902, 0.1490176475410488, 0.025119331573867903, 0.196638821019009, 0.17204784431184333, 0.2271109506344566, 0.23269523306455658, 0.1495068062196619, 0.021761663671312794, 0.5464138769855102, 0.27925036353585514, 0.17201635238404075, 0.23338291051804572, 0.13530405452183913, 0.2630842590461607, 0.11592502078901115, 0.04617082423373309, 0.23473104664052907, 0.1540717498687973, 0.10863496233553936, 0.2353023264851225, 0.14723327497127825, 0.34394438490271567, 0.12811073143518745, 0.1881327213253826, 0.1455613602191592, 0.19120229702804198, 0.21594365150667727, 0.159324765096729, 0.20055577156858312, 0.1681384404028694, 0.29694254766218364, 0.3044284399133176, 0.23735620719380676, 0.12157790101575328, 0.16769134768373556, 0.1929409017165502, 0.14256164314380537, 0.11764953010088691, 0.24859193810506872, 0.19940619486335076, 0.19025732283480465, 0.13506007860414682, 0.1722280889128645, 0.11805012400630706, 0.20000511960954304, 0.15773399081013667, 0.20750437842475045, 0.2439711101885353, 0.2371616216842085, 0.1305484488314775, 0.14053882608885152, 0.14343085186555982, 0.18476083172628513, 0.1000491364049681, 0.21024542792763254, 0.12539261295758666, 0.23733898562689623, 0.14539767867245246, 0.20558301332627849, 0.12026964645617857, 0.20438397840525097, 0.22195513623633556, 0.16000840899068863, 0.2524972113927728, 0.16248439903506356, 0.13128546599406177, 0.1853948846172828, 0.11677799820899963, 0.2080665721179365, 0.18723923014476895, 0.20235931520749417, 0.20849201828241348, 0.2135925609413739, 0.1477547669162353, 0.6238739538627367, 0.13370713023468853, 0.20758159113373015, 0.19557671877789157, 0.1332645329216925, 0.19863545105957667, 0.20223292565116516, 0.1888142568345198, 0.15020649259587607, 0.15969219911782134, 0.19747265167596648, 0.20430945209585705, 0.2168129876648125, 0.17728497352384565, 0.14194502398770836, 0.14971660669626935, 0.1690096288409439, 0.17156479526311158, 0.1183739185381012, 0.23414690907184896, 0.11992887645545933, 0.21002429723739624, 0.1094806154186909, 0.25630205393734584, 0.20564602014537042, 0.21983204061459555, 0.2199448040471627, 0.2214620125790437, 0.212682968005538, 0.18237086641669703, 0.20988116123928474, 0.1754303076471656, 0.1844993354131778, 0.18606090296107608, 0.18034617534368974, 0.1972084242540101, 0.2289414031333045, 0.1933150921876614, 0.14278044543849924, 0.1914658180312243, 0.16695680220921832, 0.1307766633030648, 0.21966235768527556, 0.21933633740991354, 0.21133831786808738, 0.2198184501690169, 0.2787089045135639]
2025-11-23 16:24:07 - fedrand - INFO - loss data:
2025-11-23 16:24:07 - fedrand - INFO - [0.39075312367640436, 0.9032219735284647, 0.5315704840489409, 0.8297588436892538, 0.32422831229605004, 1.4335693261275688, 0.17319806468052168, 0.4983388376939628, 0.20873534436049385, 0.5156903119447331, 0.17113978086660306, 0.3344610333442688, 0.17362705461370448, 0.2180588303045148, 0.3203900680755791, 0.05073225517080573, 0.6296746143489145, 0.15127580685075373, 0.19111451808185803, 0.2790758516561861, 0.42998038485114065, 0.20370571336878296, 0.11270432385305564, 0.26171585524247754, 0.1528792204749253, 0.25810541852336866, 0.09764008562038229, 0.5945903693791479, 0.23699819611538436, 0.23465138573997787, 0.15001111248663315, 0.055977590768452504, 0.203280631898214, 0.2111104736059616, 0.15709802670850573, 0.2987580932593638, 0.2100418821598093, 0.15807810398594785, 0.3574018469926986, 0.2371457201380857, 0.12021022712967049, 0.09301800287794322, 0.2608004016801715, 0.25301896346112096, 0.15438739002936266, 0.35294422497972844, 0.346689086407423, 0.21807181109448498, 0.318572954274714, 0.20006144765065983, 0.2174520099476453, 0.16701734191420572, 0.1885900237183604, 0.25162265325586003, 0.3145690149976872, 0.17800357317072196, 0.3864165600389242, 0.21183640257056272, 0.18372404447291046, 0.26845717082531856, 0.26896517409477383, 0.1395054936564217, 0.2561177285388112, 0.10570190026191995, 0.285303920709016, 0.14462691739881559, 0.17513443852472793, 0.19540167347128903, 0.2178508498861144, 0.3811338291769581, 0.2062345226718621, 0.2664573041189994, 0.20789379253983498, 0.0810382089567914, 0.27650373893834296, 0.17896457981974395, 0.17620601801900193, 0.11065049089180926, 0.156464240915904, 0.2035997998424467, 0.15552697094178503, 0.1623695836950787, 0.13293830829982956, 0.4603030209740003, 0.23200416254500547, 0.23327051475644112, 0.1350165133896683, 0.222088636434637, 0.1908727721754639, 0.16802475898293778, 0.267213393129747, 0.18550860823144194, 0.1795744927949272, 0.20851076125505974, 0.32775213121732866, 0.5535477078519762, 0.3312942524157141, 0.14483571223223188, 0.3723418066677238, 0.47636632393890366, 0.1453883352818514, 0.26118894340470433, 0.1566430743051959, 0.3948131628955404, 0.24093739029818348, 0.18317071056170833, 0.19909623552071437, 0.11834172171074897, 0.10360491181495353, 0.14108186076239992, 0.15559261642573846, 0.28847072173305083, 0.42433418003132656, 0.21695343957169716, 0.20601669350095714, 0.717566704123535, 0.19714722275588806, 0.18614070395906274, 0.24165544787510518, 0.20572615878301717, 0.23066285947238765, 0.12039121080570939, 0.17369440019778581, 0.1726090001740626, 0.27421917859464884, 0.13406973402015865, 0.07985766945057549, 0.06753094602415027, 0.2668449602603108, 0.23120532124363757, 0.20801768100566487, 0.14229865008118478, 0.23192115206356076, 0.16379220485687257, 0.18960026249783135, 0.12390282067935914, 0.5062248586705236, 0.1632705933181569, 0.17157710644283464, 0.12459317998339732, 0.39105968812597547, 0.17016458412011465, 0.4725226795833026, 0.2297208562027663, 0.49920764063118084, 0.18977386048063635, 0.16212593729015562, 0.16540891545062716, 0.16974188279848368, 0.4078441016376019, 0.22916914032927405, 0.1386705026213983, 0.42947632527599733, 0.1439080890797248, 0.18561095258337446, 0.5107404261714581, 0.20419857158946492, 0.2953155138788538, 0.08680416484518597, 0.1875205701488691, 0.07242569682421163, 0.336259029392915, 0.2548116891179234, 0.4004804111648506, 0.32446148060262203, 0.16541195282756926, 0.1493057701115807, 0.21965554220202776, 0.18423219646016759, 0.14746859023833403, 0.20663183337698382, 0.1639689027773328, 0.24385798017804822, 0.14536447468065264, 0.12571331713503847, 0.2804434434045106, 0.30914876626973803, 0.22337567220841137, 0.2560867109025518, 0.22202557786589577, 0.22243435146368068, 0.4672647938132286, 0.23134147626835674, 0.40920193992893805, 0.2207827548097287, 0.1668527111919089, 0.36485462797184787, 0.20684632411546477, 0.20581149624240963, 0.2039847885987357, 0.19678451682233977, 0.20179619673855495, 0.22353899574866798, 0.1951852081512863, 0.25031981567541756, 0.2518437920759121, 0.23209813106805086, 0.2804802012230669, 0.24974284243459502, 0.24461558318386473]
2025-11-26 18:57:21 - fedrand - INFO - loss data:
2025-11-26 18:57:21 - fedrand - INFO - [0.6076808525531581, 0.19861035195256893, 2.959102573640206, 0.3808573198271915, 0.9440624804014253, 0.44049436715888046, 0.34887464909503857, 0.475008998811245, 0.3804363824737569, 0.2741847081617876, 0.3814668070524931, 0.3043375465398033, 0.2806639665116867, 0.22814346211901926, 0.30596023133645456, 0.17627126546043048, 0.23904165570539507, 0.19100256958045064, 0.3333095669407736, 0.20994575048747804, 0.2803647710631291, 0.1565635287251401, 0.33665198457116885, 0.2597469029948115, 0.28939085444435475, 0.23126644343137742, 0.2475849216449119, 0.19124517621654158, 0.3749446445144713, 0.15216128239408136, 0.13103900330800872, 0.4466421032780393, 0.192817299750944, 0.18892509912998945, 0.24182520632942517, 0.18330429475331173, 0.20480699616018683, 0.4438055551477841, 0.11340577891031797, 0.09651613089485585, 0.15150040490552782, 0.11794363439613437, 0.4867225233465433, 0.09967877152893279, 0.22682527656267798, 0.15345627574586412, 0.13701866734772922, 0.15831922339275478, 0.17309186642997368, 0.30812358421583974, 0.1395846165370636, 0.5256156367249787, 0.14266022246063145, 0.1375650833103767, 0.1359409187459581, 0.06507704220566667, 0.8513155584001826, 0.17533051726572654, 0.2035642637871206, 0.15925410855138167, 0.2292357045225799, 0.19494720080903932, 0.16600701826094996, 0.10358646798219222, 0.17862946226571996, 0.11900695763604245, 0.09238397112737098, 0.10630958570566561, 0.14641189789399506, 0.18797143551831444, 0.20480281362930935, 0.24888659879151317, 0.17327799523870152, 0.18604402413503046, 0.15528072575107216, 0.3062533173887503, 0.19898411830266316, 0.1703168561371664, 0.1318621275034007, 0.2179092947083215, 0.32343060042088234, 0.17712991786677212, 0.1733807270259907, 0.05277344294299837, 0.1250542601099975, 0.1784784272015612, 0.32990888470695134, 0.15878165122121574, 0.18643021243208618, 0.19187549331197234, 0.22503662424250725, 0.1269723301908622, 0.28614692585360185, 0.13893794659428144, 0.11848331180711588, 0.3245602933379511, 0.11537329162662596, 0.24109953013107632, 0.1012673802227558, 0.153591045178473, 0.19992908698111544, 0.19362875532048446, 0.13754926703404635, 0.26141234447381323, 0.17950490999113147, 0.3703945538117772, 0.1883721292362593, 0.04442495087375088, 0.9186681510824807, 0.15147003897776207, 0.22172225459168354, 0.2081321100704372, 0.26325996025078385, 0.13199890739051626, 0.17037058873102068, 0.1493094679442341, 0.08191835267288197, 0.1519505847497688, 0.21336341909907697, 0.2083117589354515, 0.2165769785094787, 0.19711384298797283, 0.19877721881493926, 0.17273296718942183, 0.2053817589689667, 0.44462265027686954, 0.3175788029097021, 0.2721226586198265, 0.17755331526595083, 0.2555589353891485, 0.1678195047606197, 0.24228058724353713, 0.08810409939485705, 0.21695080991124824, 0.26871420349925756, 0.10341579039777571, 0.3400337640196085, 0.21770876757800578, 0.20666474355384706, 0.15260610630114874, 0.23015528342997035, 0.10648950065175691, 0.2463192481497702, 0.36991708125505185, 0.2340860990807414, 0.17588924325795638, 0.24152338193525794, 0.5554947758714358, 0.212740067720768, 0.2824199450512727, 0.3879240561010582, 0.21942159881637918, 0.27513208949110574, 0.18166618285810246, 0.1495882888428039, 0.15429743466277918, 0.15905297033355703, 0.25772149544209244, 0.2595150551656965, 0.17973866695538163, 0.1570510851840178, 0.26387084657689197, 0.2313647228692259, 0.17209031876797476, 0.20232364445303877, 0.47763568460941314, 0.4275625869631767, 0.10986827831301424, 0.2857430878871431, 0.8401378256268799, 0.10900395165663213, 0.47850845841800466, 0.10252502829479497, 0.14111016476526855, 0.30451171689977247, 0.15352617635984311, 0.1072190172393762, 0.30931495744735005, 0.30943451418230933, 0.30022086442984414, 0.318051338049711, 0.226434736015896, 0.2141777149712046, 0.272313941642642, 0.207331493186454, 0.24536452760152958, 0.16361320003246266, 0.240743429105108, 0.21193589755863534, 0.30345647130161524, 0.20842105831418717, 0.2864686882744233, 0.29433032950120314, 0.21709254446129006, 0.21859178853975164, 0.22555497702625063, 0.19133175890892745, 0.23006303602208694, 0.24308627136051653, 0.278232933288174]
2025-11-26 20:34:06 - fedrand - INFO - loss data:
2025-11-26 20:34:06 - fedrand - INFO - [0.4438885196398657, 1.0042419783771037, 0.3218807792792526, 0.547476032949411, 0.5313274243130134, 0.6195575144141913, 0.3988188847899437, 0.34249142264851773, 0.5362080480707319, 0.24364382552189962, 0.15177072577385436, 0.20425752095736124, 0.22622936705506666, 0.41388571950105524, 0.19638564758352003, 0.28720011089283687, 0.17816976041067392, 0.2219598590850066, 0.26456047836691143, 0.25299013910011503, 0.22304756817622828, 0.20832482949607883, 0.2332332614188393, 0.18816236187315855, 0.15751660637817202, 0.3342325370758772, 0.26767853884152454, 0.2212487472077975, 0.1693626081527327, 0.36134662642143667, 0.21877787871142992, 0.16941688967367205, 0.09240336448419839, 0.18500954025201719, 0.2682073515325044, 0.10300408157359231, 0.06482613971456885, 0.2912182327392593, 0.18660650537528384, 0.24243580657893266, 0.11999913673369317, 0.2482975646574846, 0.20123931996595973, 0.13487642619293183, 0.10851510353267002, 0.23274859634693712, 0.13195387750135687, 0.2584487388400655, 0.19276946801692246, 0.158271638976617, 0.2187907018092925, 0.2145368513185531, 0.2083204477452315, 0.25951588966159356, 0.34798796022576944, 0.14780581722644948, 0.24213032759726047, 0.1754123438087395, 0.3110915348554651, 0.11150460700276502, 0.23807724435917205, 0.2692639067983971, 0.2744064025188747, 0.22156209424138068, 0.24720368152484298, 0.2207657162944677, 0.2032282993149681, 0.23697956603481418, 0.18274460469062132, 0.2289862939994471, 0.17705166961800736, 0.21093557779677213, 0.07940637551394339, 0.17917788106327254, 0.11735850005255391, 0.1420328923733905, 0.24405575989680145, 0.23428227969347254, 0.17876174836419523, 0.1545176478400238, 0.02813881293626591, 0.1818522677112084, 0.21161639889081318, 0.2610890835057944, 0.22681291134243733, 0.18069443491819714, 0.03094370650106635, 0.5006787373994788, 0.3182156944134529, 0.19996626830349368, 0.25242236007313085, 0.1381749062300634, 0.23432172332768855, 0.12979210606919458, 0.05028154089117551, 0.23198893489316105, 0.16626207640922863, 0.13146213438982765, 0.2370928380638361, 0.21934505202807486, 0.47002931190654634, 0.14757699292117302, 0.1818686260802982, 0.15071802044717164, 0.20196813124739704, 0.2178786105941981, 0.17576542422175406, 0.2286674295552075, 0.17542709809584686, 0.28022426438207426, 0.301680663973093, 0.2529493156820536, 0.15672033641865288, 0.1893074167581896, 0.2194448100713392, 0.16718838174516956, 0.12736702863968766, 0.2600366771221161, 0.21212464050112062, 0.21929681792389602, 0.14374831157426038, 0.20115091398151386, 0.12969276257014523, 0.22895261465778782, 0.17985443669114856, 0.2589613670690192, 0.2847710926351803, 0.24034717225003988, 0.15619150186622782, 0.16307365505125856, 0.1556469642947245, 0.1947985002054618, 0.11216977206169673, 0.23120591218786357, 0.15080773067445707, 0.2655466625419183, 0.16443735999720438, 0.2236408315549128, 0.13277320719610614, 0.21416399276886994, 0.25060705614409273, 0.19851778883200424, 0.2236265141124788, 0.18852875534938568, 0.14973454306331965, 0.20929955434269057, 0.18570034417013326, 0.23114210731544338, 0.21750293213075825, 0.2275066523147481, 0.21311400812119247, 0.2385783094482926, 0.1731354386235277, 0.4635345870628953, 0.15112618153604368, 0.24784160317124232, 0.21240600349886163, 0.14801355078816414, 0.2230212912960196, 0.23360749603259368, 0.20155228171170803, 0.18631278680494198, 0.17348212245749411, 0.22648087897054525, 0.21028722412884235, 0.21494436283644877, 0.20542516599276237, 0.2008424926482673, 0.17533735598304442, 0.189457217124956, 0.17789968267704048, 0.11971619811195594, 0.2562500066482104, 0.13758858307782146, 0.22927646639828497, 0.1262986076136048, 0.29356143542605895, 0.23175291726604486, 0.19483803348664783, 0.22524917082717785, 0.21103950279454392, 0.22917824130701392, 0.21351415381321442, 0.21567179293682176, 0.18202405058993743, 0.17252721500893434, 0.19741649250499904, 0.1952423008843365, 0.2202871635556221, 0.24703151654256017, 0.19999938561187053, 0.1738375782345732, 0.21459042277289406, 0.196262947935611, 0.18371323449537158, 0.229792099713515, 0.23293919190764428, 0.22662208460336714, 0.226123211536099, 0.2946137907986458]
2025-11-26 22:05:40 - fedrand - INFO - loss data:
2025-11-26 22:05:40 - fedrand - INFO - [0.40532141691073775, 0.8558867610991001, 0.5400081640052976, 0.8936193029988896, 0.3839246623400998, 1.6087257739156484, 0.27624972801034653, 1.0982650973730617, 0.33908672900759573, 0.9628248121589422, 0.32000190528730554, 0.48872430995106697, 0.22208790636310977, 0.24859023442314493, 0.3604976658865532, 0.08341491346460922, 0.9863810710608959, 0.1960021812468767, 0.23541128473533762, 0.3443892302457243, 0.6624565784420287, 0.25563427370718933, 0.1305882920937923, 0.27479096762244665, 0.16081000437132187, 0.2956708571671144, 0.1156687741506506, 0.6844194941222668, 0.25281532558698006, 0.25106293252403183, 0.15441345319898878, 0.054892545339195443, 0.24253007675187013, 0.24195223471716693, 0.14719470850735283, 0.37711295529152267, 0.20474246501301727, 0.1852091598169257, 0.3545742690224539, 0.2543944265811222, 0.11739828476371865, 0.11215270519411812, 0.31567731186408887, 0.2900298782200976, 0.15200696187093854, 0.41587246032431724, 0.33602329591910046, 0.22800651811147954, 0.337893595919013, 0.23310862177362046, 0.2329299889859699, 0.19077570922672749, 0.20054819445229238, 0.26852605988581973, 0.32741727447137237, 0.2419597375185483, 0.46536286649378866, 0.2234495984065154, 0.2182249870384112, 0.27809086026224705, 0.3195009468084512, 0.1694560280136736, 0.28017735126195475, 0.12700986640993506, 0.31940931791350957, 0.15055074011315667, 0.2211620002251078, 0.21101953936297269, 0.2664778390142601, 0.4009765011923654, 0.24548945781795983, 0.2831846171990037, 0.21526299889332481, 0.08742488745386556, 0.33418469361606096, 0.19417141186493223, 0.19589960035435589, 0.11447323333205921, 0.1937689651227133, 0.22373472996564073, 0.1803646463615058, 0.18581922075134658, 0.14554694446823782, 0.6292003070314724, 0.42219184432178736, 0.2504472607281059, 0.17183007599253738, 0.25933671513339507, 0.2716768566696417, 0.24727441649883986, 0.2141675574874336, 0.21594566549073696, 0.2023087772540748, 0.23197117452086374, 0.35718845652247017, 0.5595410058740526, 0.37524287861542427, 0.1587046212171007, 0.3910374410140018, 0.528947679597574, 0.14340468764598685, 0.3389549572020769, 0.18267698572682484, 0.5211006896570325, 0.308668652482863, 0.20977197742267023, 0.24325287128290668, 0.18100760341621935, 0.11971074522933288, 0.13866375464325148, 0.1737051946332767, 0.3101036121758322, 0.4682955552735144, 0.24791148380573952, 0.1998382374101008, 0.7410880498249421, 0.23135715121911332, 0.2036093739372356, 0.24530496696631116, 0.22651535938937395, 0.26644278216909095, 0.14296940905676986, 0.19911370100678452, 0.1875754364367042, 0.3492728780955076, 0.1666733476171351, 0.11838023271411657, 0.08395223271800205, 0.2806772277148081, 0.270316827340753, 0.23137169542976402, 0.17467433370819146, 0.25848670018074865, 0.19257521759718657, 0.20690468756200486, 0.15049194537568839, 0.45162540635263376, 0.19284535706974565, 0.20370458236762456, 0.1504246451219337, 0.439917271533882, 0.16244103331118823, 0.42627795679228647, 0.23699175153548518, 0.44540500830896573, 0.2003208859720164, 0.1913650456269312, 0.19581896404481747, 0.17337641521312652, 0.35507731111720203, 0.2595368134789169, 0.15439721696487996, 0.472645802081873, 0.1647814835569906, 0.17432911833748221, 0.5022405312311921, 0.22710681588699422, 0.2706236741893614, 0.11188137376060088, 0.20553901119856163, 0.09863889950793236, 0.312891490842131, 0.2506480994323889, 0.37743365039738513, 0.3594743917504, 0.1786624993907199, 0.15838443404063582, 0.24783454023833787, 0.19165910159548122, 0.15423088330451562, 0.21551515243834618, 0.19817247724943404, 0.24775249287486076, 0.1591472170599129, 0.14228932385643323, 0.2779384968879943, 0.32619245384227147, 0.2653785509367784, 0.23710699919611217, 0.22385975849326878, 0.224627584758876, 0.4483096469193697, 0.2420124600419686, 0.3941067702306265, 0.24473488902052243, 0.1778014205734838, 0.3617438741028309, 0.22598739693675077, 0.23789262015505036, 0.22826559209953184, 0.21032963532747495, 0.22467108994074492, 0.24804662276881856, 0.22303931711975372, 0.23477678764611482, 0.2330701140065988, 0.24125639647245406, 0.2925755456976947, 0.2640130608342588, 0.23708069324493408]
2025-12-18 06:46:24 - fedrand - INFO - loss data:
2025-12-18 06:46:24 - fedrand - INFO - [0.6360312376457911, 0.3083664935392638, 0.5881086945533752, 0.2835779229903387, 0.5759541504085064, 0.2639482448910712, 0.16167829559076427, 0.23583136037923397, 0.1903713459161938, 0.3376242661227783, 0.25001376300739747, 0.2635781612247229, 0.20190443100097277, 0.26071104712872983, 0.14118010225962888, 0.20808518739151105, 0.1742822636342184, 0.2764699030046662, 0.19686065014296522, 0.263531100936234, 0.14437812961647675, 0.2094171825899846, 0.16443148396598795, 0.20626080310681746, 0.20874190263337258, 0.2040267168639753, 0.16141435268509668, 0.24065483391468387, 0.08476397694094986, 0.13882419334513543, 0.5460707636045602, 0.1961324692859004, 0.13668890789122087, 0.2254779306212158, 0.16534693793260624, 0.18462002854913664, 0.3192949165375187, 0.07031387222280804, 0.09308373893315244, 0.15264207207106262, 0.09237194238424612, 0.26262756726337655, 0.09423343534904739, 0.21201423861618554, 0.11042285305900602, 0.12422627331591987, 0.16861043449828161, 0.16034405441795782, 0.2588128814812411, 0.06635163193164367, 0.36454025217251984, 0.13141022646256412, 0.08651913075203387, 0.15315505618054887, 0.06470101074046397, 0.5901807574555278, 0.1809310768265277, 0.19980540768139893, 0.14361566651043378, 0.20929436897858977, 0.1777748099528253, 0.13667527025875947, 0.08314493114897535, 0.16259058342677438, 0.09501991726804893, 0.08790294391501723, 0.09907166967944553, 0.14665955479616638, 0.15407162458868695, 0.11600340357145819, 0.23569540476845108, 0.23253918720098832, 0.1568762486873311, 0.13420334761807073, 0.24383321818138531, 0.1914576763146077, 0.16048050126992167, 0.12022949137414496, 0.24782574189205964, 0.2531519253809367, 0.17765772943375707, 0.1537677412394039, 0.04704710309112367, 0.07503258108372393, 0.11485643306999312, 0.2599043605598406, 0.17037609424919653, 0.16689156839357955, 0.17667451438804468, 0.1942532157356089, 0.09743079914628515, 0.24594185989999184, 0.12064298745196236, 0.08465318595919985, 0.2413198668664942, 0.10457446318274985, 0.24077155304451783, 0.09698904579199735, 0.13675547597841137, 0.19686803814644616, 0.09130986915834277, 0.07580227397556882, 0.2121445761461343, 0.14585807791239253, 0.2507652405041078, 0.16281407955314287, 0.043430540323606694, 0.536925645772664, 0.11825356575261269, 0.19807094716511311, 0.18385988681605367, 0.22072713658070336, 0.10957899840626245, 0.1379796373902653, 0.12946496342986147, 0.07968177090127332, 0.1481431028138931, 0.1801754947153053, 0.18159664599930472, 0.23661316136519114, 0.09820934880473134, 0.13666287916047232, 0.1272660653593696, 0.13008143187180393, 0.37230869221708013, 0.2517453172244132, 0.21233899897020875, 0.14696861833245273, 0.2157151899977841, 0.10946061316903474, 0.18442725102332505, 0.06641684884671122, 0.16387586439601504, 0.13747338834924228, 0.15205225920847928, 0.26125044782216156, 0.2010602685792202, 0.19295526618758838, 0.13622424147324635, 0.14798000699374825, 0.10411848687138198, 0.1887535971916458, 0.17449095131279052, 0.45804753580263685, 0.19512987332935963, 0.18752243119912843, 0.3392157572011153, 0.19681026039119714, 0.1986345389364005, 0.26871455465443433, 0.19271909228812617, 0.2213578318944201, 0.18186306638332705, 0.1082387189025111, 0.135935642041567, 0.15078848695072034, 0.22294969921931623, 0.1861323235201694, 0.16354621426588056, 0.18374412029515952, 0.21195844871967676, 0.1876506133028903, 0.1559236119966954, 0.17103191498441228, 0.34962025326159263, 0.28421809431165457, 0.13541047124280817, 0.21292535246401612, 0.5421849307293694, 0.13567070912880203, 0.30529098901897667, 0.15276497092916433, 0.11456991159135388, 0.24721517164267204, 0.13837995817884802, 0.10490644992872453, 0.3230311569369708, 0.3153911443116764, 0.24593847269813218, 0.2194049690539638, 0.1809525553447505, 0.16497719396526617, 0.16176887260129053, 0.19031453738506468, 0.12612399069799318, 0.2612025787697569, 0.15707323875588675, 0.14897105823355644, 0.35215234157762354, 0.15959745228275773, 0.318889286617438, 0.2675297548329192, 0.1626967466713506, 0.21403310347814114, 0.18273167735231774, 0.12364069735631347, 0.2270216666472455, 0.3196775623286764, 0.31784804398193955, 0.22559886826202274]
2025-12-18 07:59:15 - fedrand - INFO - loss data:
2025-12-18 07:59:15 - fedrand - INFO - [0.6739095997351867, 0.39215828149806325, 0.2657219469869354, 0.14075794601985425, 0.07638011037213101, 0.19188438869285163, 0.1482070963395271, 0.32809483702175124, 0.16385869744580878, 0.37956393261750543, 0.31592798634535735, 0.29299047781775395, 0.11936651356518269, 0.15606776968758182, 0.2548808927246584, 0.19360678728359443, 0.14827539458223887, 0.2617152945553957, 0.17718178708885426, 0.11801316653817104, 0.17514854367667188, 0.14559331311641308, 0.15288876793731884, 0.24106040758582262, 0.25507086678097646, 0.23720109379754806, 0.2371308994789918, 0.23539344196518264, 0.2085629401728511, 0.14516972075740342, 0.35085566447426875, 0.15964792548146323, 0.19044587478098388, 0.13033423036177366, 0.06166355928078558, 0.23712470020633192, 0.2534631924858938, 0.1903876770598193, 0.14026613392528064, 0.15542370127171606, 0.1490257707389015, 0.14811908984489583, 0.47034270494865876, 0.2225566007817785, 0.12949838436011654, 0.18110607854711513, 0.22935424279421568, 0.19275170639157296, 0.18261512631836993, 0.2118792771672209, 0.10312742119034132, 0.18027001813364527, 0.17639985100754227, 0.1799715085575978, 0.036879409297574724, 0.12071873553407689, 0.14417659029034743, 0.1933274303133098, 0.22521255336080986, 0.19885346113393704, 0.16376343719254924, 0.13330581771289904, 0.12715578584352139, 0.15642438744738077, 0.1030456692368413, 0.11971410092141013, 0.09765568686595473, 0.11504796250694198, 0.11013175494930086, 0.13376856348450356, 0.11955574893703064, 0.11559971848834755, 0.23963639537493386, 0.19327140237945012, 0.25124574145302175, 0.1547513547198226, 0.21581946412101388, 0.1994150925686376, 0.09892644842143337, 0.1473220573408374, 0.20641336897388102, 0.22932391201278993, 0.181964032098842, 0.1472405006416524, 0.1644787630287166, 0.16450137832357237, 0.16139346116688102, 0.11456020942083947, 0.2328313689911738, 0.2315937641406587, 0.1476152414072524, 0.10522180013642168, 0.4079228129858772, 0.10064772425844865, 0.22206248404458168, 0.2361932671429892, 0.17232909949185948, 0.2046418629276256, 0.15485808830708264, 0.13814583422753435, 0.15883138451414802, 0.21873963423487214, 0.09122017449660537, 0.10026741186286717, 0.11648299297632869, 0.15979257222288884, 0.1528551601468482, 0.22029009643010794, 0.13183504706714302, 0.2502875902689993, 0.18792438553646207, 0.10656937900930644, 0.13574015584368354, 0.20958870509639382, 0.18426839694007208, 0.19914357646678885, 0.18773810782780248, 0.11922147851163412, 0.21227041302869717, 0.18516734406508117, 0.2078643107808949, 0.18131746506939334, 0.15375410015901755, 0.15848231855779887, 0.11288628227387865, 0.20876930992429454, 0.0842889952587475, 0.17490067350367705, 0.1251528560786914, 0.31087067928165196, 0.10216903930894161, 0.32487549379113173, 0.16025783002066116, 0.18212716585646072, 0.1968252014182508, 0.11081989673828638, 0.09755001676268876, 0.18016367519808493, 0.10404879875126494, 0.18143336220333972, 0.1630574863559256, 0.09438514833864584, 0.08465320330578834, 0.28773130997147994, 0.1502850419906382, 0.1573139554976175, 0.1880414349337419, 0.13424432245321954, 0.12226730140391737, 0.1958236953864495, 0.14210861717971662, 0.13506221851733113, 0.17659293055637842, 0.13325309285557724, 0.15914301698406536, 0.19068392534326348, 0.1462673423035691, 0.12600253980684406, 0.17600124204086953, 0.08491896193483155, 0.08849770022072614, 0.24217943619680743, 0.1670605063655724, 0.1904689391764502, 0.17818040470592678, 0.1797336397418643, 0.1201843347113866, 0.21486420071654258, 0.17820214540661816, 0.14841142674321653, 0.14677019768704969, 0.19123283557904264, 0.1715968315737943, 0.19265584368258715, 0.20278078490823864, 0.19301598836691714, 0.21706428982110487, 0.18647476373136873, 0.21603230504939952, 0.2163294229035576, 0.23465593612442415, 0.1518016580664725, 0.16783601506613194, 0.19459168312805641, 0.1322919138125144, 0.11846067956409967, 0.15123143757309984, 0.23830929786587754, 0.19758817507192875, 0.23424071681996186, 0.22924903566017749, 0.20658292547416163, 0.1856493530168879, 0.17694767586266003, 0.2098053334879556, 0.22756476705559553, 0.20628132646282515, 0.1637459778537353, 0.1549857361180087, 0.22049998346095284]
2025-12-18 09:06:38 - fedrand - INFO - loss data:
2025-12-18 09:06:38 - fedrand - INFO - [0.3219496682818447, 0.608466191280737, 0.46369096301052537, 0.20734666696128745, 0.5172263295700152, 0.48141981872419515, 0.2577863175413638, 0.31755236045767865, 0.13767829437607101, 0.2229788921093323, 0.1368712707218947, 0.15457246566184313, 0.24377478809716802, 0.22798319066825665, 0.14886516905389724, 0.20157975582405924, 0.14810444023224548, 0.8273266946198419, 0.20039828353144817, 0.15344765698126353, 0.2613778852356168, 0.09339422827969039, 0.24327915705470748, 0.14469960429888293, 0.2480894450098276, 0.09559626496408047, 0.374837212060811, 0.24071612991392613, 0.2754550000427516, 0.14273408756305883, 0.0359956399185865, 0.16574463528425742, 0.2208952373697185, 0.13874060848743067, 0.2083234234232005, 0.14707678610325925, 0.15092793353057155, 0.2984429000566403, 0.2424302998309334, 0.08806525764853826, 0.12043482943748433, 0.2307604209919061, 0.19648551498539746, 0.09732419138752102, 0.16697328776835385, 0.31547493937735754, 0.2068536175958191, 0.308549142939349, 0.18796594921926346, 0.19942341018650755, 0.1557631143834442, 0.1412912570513607, 0.2667275743636613, 0.3489788415026851, 0.17733208018374474, 0.4086341396595041, 0.21107347538416607, 0.15806952322808293, 0.23205942110492822, 0.24421718682472904, 0.13864291411543186, 0.16579589126098046, 0.09486141233792296, 0.25440038566788037, 0.12652476822053466, 0.18320572735877552, 0.16809041183441878, 0.12742867551957412, 0.27619971737816085, 0.13459946753712193, 0.23578888970312845, 0.15411029868902495, 0.06828172084149851, 0.21924572601034142, 0.1427380743358905, 0.16210986195121901, 0.08917222406349277, 0.16684955032542348, 0.17040208597512294, 0.15073542927081385, 0.1636900217543977, 0.13538265550838938, 0.4322445125629505, 0.13606871950573154, 0.3572704047944985, 0.14433619566005912, 0.26934068760213753, 0.20581391259052215, 0.15602305418204715, 0.23723255023027637, 0.18790224840243658, 0.14607616938828002, 0.21286823831698193, 0.26665191965488094, 0.5717710336404187, 0.2616345386952162, 0.15115714245863882, 0.2960029129404575, 0.3117498721791586, 0.1385761311710147, 0.2302843751385808, 0.15070159961305296, 0.2848381758889272, 0.17455801785831432, 0.19213239619842706, 0.16214076646234996, 0.09297925652936101, 0.11233476615525433, 0.10556507687362139, 0.1396670045952002, 0.15405092286029165, 0.2832200914233302, 0.21393512597618003, 0.1499110547224215, 0.325857221867357, 0.1961984764999495, 0.17539223342513044, 0.2094242782690204, 0.17372375807026402, 0.21673017381416526, 0.09536394239209281, 0.16786346229377622, 0.18253027012882134, 0.2351256082520673, 0.11866511927163673, 0.07600525227150813, 0.061623610912647564, 0.21225152410444847, 0.23312731841340278, 0.206622955435887, 0.12399732693586321, 0.23422016992699354, 0.16111198606851854, 0.18283602780041597, 0.13320763231798385, 0.3890626762993634, 0.13086701111149107, 0.15328501976709738, 0.10701912683708702, 0.2489307499782858, 0.15646722940340016, 0.31643560843076557, 0.1747057110614454, 0.46944961014806347, 0.17525474029164032, 0.15092792324721813, 0.15566897695034482, 0.17339240030296857, 0.4157799318244326, 0.16103751320461335, 0.13887932791840285, 0.304696484344701, 0.1382741860114038, 0.14402379855690967, 0.48380841861168544, 0.1643401879662027, 0.21697199957233956, 0.12340550029295541, 0.17052324771066196, 0.08757880280193474, 0.24507590738080798, 0.1898219575639814, 0.2580620542212966, 0.21616399549039117, 0.1761020159892117, 0.23073203523332875, 0.2189162083131333, 0.1351729076178301, 0.12491759589562813, 0.1694909031968564, 0.15114057154084246, 0.24664066235224408, 0.1435762881922225, 0.11963434043074292, 0.27490246935880613, 0.2764853846991346, 0.22597512335826953, 0.26259915344417095, 0.21053188057461134, 0.2173041863987843, 0.4160858759922641, 0.2044734101644472, 0.34921263881205095, 0.20418543869939942, 0.14202017640872372, 0.34696135415385165, 0.19855284116358735, 0.20045361562321584, 0.2157354009382072, 0.19005664776298492, 0.19096145850478435, 0.21006046682596208, 0.2155064983914296, 0.26207944935089666, 0.22353392076634226, 0.22060408894168704, 0.2812033334126075, 0.2340667632541486, 0.2032566385245637, 0.19124304180343946]
2025-12-20 05:08:37 - fedrand - INFO - loss data:
2025-12-20 05:08:37 - fedrand - INFO - [0.616398370036712, 0.31565263827408974, 0.5589886715014776, 0.29431813016740815, 0.5942665223370899, 0.3290602934585574, 0.34220011965983144, 0.419006358149151, 0.32253193510696293, 0.39363824191192787, 0.33010568624983233, 0.2911867198844751, 0.22581743470703564, 0.2839121326582418, 0.16036513597937302, 0.23183752116525458, 0.19493416210241388, 0.3251726706201832, 0.21844437553081664, 0.28593493515456264, 0.14635682850008985, 0.27649547694476717, 0.1762736539511631, 0.23348402761455095, 0.24295956383487494, 0.2314217584565855, 0.18721908836159853, 0.24959968229417095, 0.10279678875748585, 0.1467795524520625, 0.44592680703717635, 0.21852749382378533, 0.16780607301625422, 0.23511013849215073, 0.19912032882372538, 0.19547995313202055, 0.39545297877003366, 0.09912459136523669, 0.09459333027189132, 0.18621330050777438, 0.09465033089897285, 0.31350677193029586, 0.08730392060695319, 0.2405054572459665, 0.1267553059875758, 0.13991215397157553, 0.18122383282011884, 0.14792409718830662, 0.263943753610224, 0.07070115185407404, 0.38961972321872834, 0.119050551113388, 0.10410852325342906, 0.17281921018729918, 0.06916969509087115, 0.5671832998307398, 0.1913107795951267, 0.18104612126222086, 0.1581209334687123, 0.22492092022938387, 0.19762938998950025, 0.1502389738491426, 0.09470659465296194, 0.1615377309719204, 0.11044252651918213, 0.10204270199491558, 0.11189347905262062, 0.15918932034365946, 0.15546240239054895, 0.13622680354754452, 0.26207375670359895, 0.2143416687225302, 0.17941265021495167, 0.15261895363219083, 0.26750654384487316, 0.21336324021333095, 0.17506967124839623, 0.13100072142357627, 0.23874379952127733, 0.29590074848642367, 0.1942013161125711, 0.18502791388362477, 0.040684016422892454, 0.07421958480942217, 0.11532389109100526, 0.2876810742995869, 0.15775386306942785, 0.1802928254329821, 0.19640307396184653, 0.21037912775774475, 0.123150386923402, 0.27854035359412205, 0.14813359311471383, 0.10151004200187427, 0.32055412164578834, 0.11500439614367983, 0.25867987647652624, 0.11205504357882698, 0.1594414713349016, 0.22582484461988012, 0.0852368893401669, 0.09466746756030868, 0.23705757968127728, 0.16134060873882844, 0.24258380959735723, 0.16644819869702174, 0.05151275448830954, 0.5493847278685831, 0.13583867914442505, 0.23211706300665225, 0.21196009164224522, 0.22689392265792074, 0.11901563382513511, 0.15666550242712196, 0.1462563242855002, 0.08803365738228118, 0.1471741186469003, 0.1902542996242465, 0.21507872610042494, 0.22970568008410436, 0.13043461230053152, 0.16149807955870138, 0.1347593189823921, 0.14184308132389561, 0.41588498346973213, 0.29054486698337967, 0.24058923036368055, 0.16808637492358686, 0.23191821764251502, 0.11945010211784393, 0.19737929143253471, 0.07277159905255151, 0.2057210441153401, 0.17955859757917508, 0.1471837133790056, 0.26853317473656857, 0.20517129130435713, 0.20632056575268506, 0.15224985172972083, 0.1853670709533617, 0.1130195044132768, 0.19985344136865543, 0.2057789764261212, 0.34334300245557514, 0.1976055982005265, 0.21005368067417293, 0.35139660100932374, 0.20446503545539693, 0.24057098384664366, 0.31817569735770423, 0.2045309751545294, 0.2617669748057696, 0.19324370366521182, 0.12231108208781936, 0.16450985750145836, 0.1725285075811876, 0.21475025128262737, 0.20901944351249507, 0.1571095960186512, 0.21870863686005276, 0.22373096070562798, 0.24231319770407983, 0.17823134038286903, 0.19466333680532194, 0.37491410556766724, 0.3048343393020332, 0.14764978897772613, 0.21976912214627697, 0.5881137526283662, 0.15053153051994742, 0.34984919186681507, 0.1474152462331183, 0.1268020150916917, 0.25505454188819526, 0.1629068750422448, 0.11064655243729551, 0.26041720618183417, 0.32023823846442, 0.27114071417599916, 0.24358297381550073, 0.19876114663978417, 0.18497138686167697, 0.17066162871196866, 0.20651108915400174, 0.15278944039924278, 0.2832803716106961, 0.17549438268567125, 0.16365484871026692, 0.42196594870516235, 0.16454858305524028, 0.34307814184576274, 0.2867450122056263, 0.17868998545842865, 0.24063217383809388, 0.21291387345020968, 0.14607031860699257, 0.24201897392049432, 0.3529961852356791, 0.3581108652055264, 0.2571677390486002]
2025-12-20 06:39:07 - fedrand - INFO - loss data:
2025-12-20 06:39:07 - fedrand - INFO - [0.6757579339238313, 0.41320572192840377, 0.33507914741834005, 0.22269778799403597, 0.27809432430801767, 0.23071693926739198, 0.15248288358714263, 0.3310771934640331, 0.16601975632484364, 0.4163046423345804, 0.3440056909703546, 0.3128245384121935, 0.13517077297437935, 0.19359501610387167, 0.30036909203116713, 0.22530543770020206, 0.150063655730516, 0.2742795672327024, 0.1973639377830337, 0.12731261660183707, 0.1813359880664696, 0.15855765244774284, 0.1688273864920484, 0.27243398821124665, 0.27947276167571544, 0.2510349966633396, 0.2457179669290781, 0.24730411842465402, 0.22833863894144693, 0.1187689071506611, 0.41393653613825643, 0.17259620407033557, 0.2123684258681542, 0.14770728150550794, 0.06377961208322543, 0.28023380717107405, 0.23661197929953537, 0.21946354241420823, 0.15897618206131653, 0.15533917662459334, 0.17379335604417018, 0.1807871662363844, 0.38189399166343113, 0.2532059770077467, 0.12952010108011353, 0.19018979154837629, 0.2591895780836543, 0.20293896365910769, 0.1821836517735695, 0.23214290731896958, 0.10238630801128844, 0.18756051886593922, 0.18299583789892493, 0.21601344853018722, 0.043106731477105975, 0.1218970100938653, 0.15285801966965662, 0.20374815165996552, 0.2329338924648861, 0.22387658573687075, 0.16846413430620863, 0.1315191197975505, 0.13388529664021917, 0.17282816897301626, 0.13057655883021652, 0.16903323896229266, 0.11371053179296163, 0.11992455729477418, 0.12608938673145922, 0.1511938810196524, 0.12477998443646357, 0.13061886314384605, 0.2919490473965804, 0.2050757222235776, 0.23185555326441926, 0.18703934748967488, 0.24019168699781102, 0.20192304846520226, 0.1120107038012625, 0.16790846976218743, 0.22400023359805346, 0.21152392635121942, 0.20160963517637587, 0.15472254309659966, 0.18626138318855412, 0.18328957725937167, 0.18217753821518273, 0.12521209940915773, 0.154626720410306, 0.20686011640063953, 0.151691716518977, 0.13508449770806458, 0.621907700256755, 0.11440528764425978, 0.23823539489880202, 0.23175764873098487, 0.24801144016285737, 0.2166973615810275, 0.1812422235496342, 0.15393604467002053, 0.18416808402786652, 0.23078501665343842, 0.1046038073580712, 0.11793382958741859, 0.1460257751125313, 0.1765759556912459, 0.1342478044874345, 0.22814147433798226, 0.15257900389532247, 0.25628615094141827, 0.23213200566048425, 0.13440092136928192, 0.1471870260205693, 0.23746829694136978, 0.19259883124115212, 0.21140581021706262, 0.21172072710469364, 0.14128305034657174, 0.19599446381131808, 0.17738494898607074, 0.22813438439653033, 0.21454698203441996, 0.1863492533005774, 0.16041763155371883, 0.14166652852048475, 0.22252909412297112, 0.10444571834386271, 0.19225650367327035, 0.15091201521796532, 0.32448610552690094, 0.11624502960474825, 0.3255400272086263, 0.1988979942475756, 0.23880811613053082, 0.21751202050596474, 0.11242093461893361, 0.09775753131136299, 0.1993680736766763, 0.11568906312222005, 0.1798316516447812, 0.1815290632471442, 0.09587695699058602, 0.10321652789403182, 0.2958258799204201, 0.1809735868229634, 0.17818406270816922, 0.2498951071045465, 0.15767154646917986, 0.13823207317575537, 0.21120572586854297, 0.16810497529183824, 0.14496647722886077, 0.20232542105950416, 0.1464401472170182, 0.22742397105321288, 0.21475724667241727, 0.18368516456491002, 0.14072670825601866, 0.18151617962014832, 0.10990102139508559, 0.09309630633081095, 0.30082145002192984, 0.1999810141697526, 0.21140285693729918, 0.20310310842469334, 0.20178809640381268, 0.14693719992885748, 0.23593845683342174, 0.19559160348027943, 0.16147658121944578, 0.19135483627518018, 0.219948275697728, 0.1951161373468737, 0.1950759652484622, 0.2250542491142239, 0.21855313838101348, 0.2100690927149521, 0.23155337327470382, 0.24698716575900714, 0.24675153158605098, 0.25830130754038694, 0.16904697340602676, 0.18164886618033052, 0.20158789239452973, 0.1712979644909501, 0.1311806409090407, 0.16672330591389362, 0.22879378888756036, 0.20423156732741077, 0.2750047521665692, 0.23445201593761644, 0.20305553461680664, 0.20468406427354247, 0.1971357127962013, 0.2053889316573207, 0.24190677795857668, 0.24062811688830454, 0.19401478270689648, 0.1942655015612642, 0.22226276186605293]
2025-12-20 09:07:38 - fedrand - INFO - loss data:
2025-12-20 09:07:38 - fedrand - INFO - [0.3185831667057105, 0.6102160619854373, 0.45014422269360654, 0.21920308933282892, 0.5250092819953958, 0.5515734074016412, 0.4873772770931412, 0.6274647936224937, 0.41668758328471867, 0.3687214501659598, 0.2873046325519681, 0.22892391566948073, 0.3245097478851676, 0.25855332585215046, 0.16337006750982253, 0.24314372388956448, 0.17912760081221463, 0.7678770239076887, 0.21988547610143494, 0.17577028936003425, 0.3186123825944005, 0.10219796604554479, 0.25488501057719887, 0.1559122211336359, 0.2739987451583147, 0.09864792211557782, 0.47520665515912697, 0.27363037758817277, 0.2678507079503366, 0.15837652313611691, 0.045145081903978104, 0.21335394313646247, 0.2334655455879721, 0.16030034400346702, 0.25603739191537495, 0.20017424849793314, 0.15319744179335731, 0.3297740312293172, 0.24941957394282022, 0.10282238401871707, 0.1344925471174065, 0.26379183346316926, 0.2146244175732136, 0.12083296319802425, 0.24649220347558531, 0.3462687493301928, 0.2201569403987378, 0.31622694780429206, 0.2452780496600705, 0.21236766964452816, 0.17494107938061157, 0.1821956518739599, 0.24013360356912017, 0.3532726034463849, 0.16362112623256897, 0.4236186090235909, 0.23355711357693326, 0.1812200177269655, 0.26214631171180647, 0.2539759990759194, 0.16047458514124932, 0.181809269527245, 0.12866439375211486, 0.28475215466072157, 0.14618148045322182, 0.20724269549633995, 0.1961724347822989, 0.15405358836093608, 0.3122318768402494, 0.14890100981463633, 0.27465073811870655, 0.17466018548501389, 0.08890154502265718, 0.22969615932619364, 0.1662359275534982, 0.17627793389812604, 0.09269260650811097, 0.167935491994112, 0.20059223683395733, 0.16172169838100672, 0.1716939008135038, 0.14572001711154978, 0.4118570492913326, 0.14275394497616659, 0.3986530192686539, 0.15501463858175327, 0.276967087155208, 0.21879081301657216, 0.2013994220760651, 0.2698611877415152, 0.220252091002961, 0.15945315791537895, 0.22736553353856184, 0.3193731749252904, 0.551196779523577, 0.3126046137884259, 0.1697053883651582, 0.3150937104752908, 0.4298472809100834, 0.13434614690818958, 0.26098296718583225, 0.1807469836075026, 0.3136556717966284, 0.1896460244411623, 0.1971529509860258, 0.18529385877967192, 0.10852474566282971, 0.1331951611098096, 0.12978528591542782, 0.16130794640630483, 0.2316236018269722, 0.3646399622417188, 0.2611695286585018, 0.1623959006378538, 0.4029918874126105, 0.2268326677931234, 0.19892506630470355, 0.25516551134104914, 0.21590781072542692, 0.23584795245425957, 0.11122085160293084, 0.1885127489747224, 0.19079696841848393, 0.2607930541822785, 0.12466158432597739, 0.10457022417020717, 0.06635094505715339, 0.2246478528355337, 0.2433781157892484, 0.23952196796114245, 0.1443474350037009, 0.24760142996674403, 0.18949884112720727, 0.20511487185334165, 0.1471510092550445, 0.3543600956288477, 0.1574326574050805, 0.17960537916147395, 0.13592704679285103, 0.25486493525734427, 0.17399152590272327, 0.3005512838225024, 0.2090024351646813, 0.45812574496456215, 0.18236653410427855, 0.17446936847021183, 0.18921753757780319, 0.18970426776047264, 0.3774807753895099, 0.2002767129503027, 0.15505778297471504, 0.38178663896396753, 0.16936223811159531, 0.17567138305554786, 0.46469724501172704, 0.20719674631642798, 0.22029025684416045, 0.1359244198538363, 0.1673921566766997, 0.10132430933299474, 0.24807131774945274, 0.2174909229002272, 0.29397192287613594, 0.2730922340397157, 0.1792645202949643, 0.21393582820892332, 0.24087354963502058, 0.1793453819561927, 0.14043238059440186, 0.20801191128169497, 0.18292694936196008, 0.26070796890805165, 0.17064720587804913, 0.12922809870159696, 0.26114388546418577, 0.3089320604467676, 0.23613378076503677, 0.2707755233782033, 0.24855028772726656, 0.22717449318928024, 0.392956511250564, 0.2126500689579795, 0.3475685673278002, 0.2397677863482386, 0.1877143587828392, 0.3405431881546974, 0.21943189422508666, 0.2246219885535538, 0.22879062267907319, 0.20600808591253178, 0.2084709343409129, 0.2328617276623845, 0.238473082985729, 0.2623068943815796, 0.24273021310745252, 0.2249902571600519, 0.30674143756429356, 0.24140069133469036, 0.2282920966022893, 0.22180783168989276]
