2025-11-12 17:12:48 - fedrand - INFO - loss data:
2025-11-12 17:12:48 - fedrand - INFO - [11.776457965373993, 0.5711762987077236, 0.37349606640636923, 0.3672176733613014, 0.35737167075276377, 0.3540213964879513, 0.33067113608121873, 0.3384114572778344, 0.3608320765197277, 0.34147329144179817, 0.3136418327689171, 0.3280704766511917, 0.32618428152054546, 0.3295253155753016, 0.34298819974064826, 0.3236796161159873, 0.33617288134992124, 0.3736662272363901, 0.3381302757188678, 0.3666736029088497, 0.3313950438052416, 0.30665407292544844, 0.34491736348718405, 0.33042995519936086, 0.3291759129613638, 0.3342851098626852, 0.3472746979445219, 0.33519423715770247, 0.32038791812956335, 0.34260059222579, 0.3407016593962908, 0.30121215935796497, 0.3555649543181062, 0.3470388865098357, 0.3177724791690707, 0.3029834823682904, 0.32816708199679856, 0.3430676218122244, 0.3160117384046316, 0.31489561684429646, 0.3105908242985606, 0.3202969811856747, 0.31002450324594977, 0.307663563080132, 0.31187851205468176, 0.31604317482560873, 0.3213964559137821, 0.33192443661391735, 0.3222901731729507, 0.34781428296118977, 0.29205912444740534, 0.30600790269672873, 0.3370024645701051, 0.3081937383860349, 0.32397832795977594, 0.31211174093186855, 0.3097816318273544, 0.3587746635079384, 0.32500731237232683, 0.2984482444822788, 0.30516924019902947, 0.34525952860713005, 0.32215458154678345, 0.2890156013891101, 0.32757879607379436, 0.3088280552998185, 0.31789417527616026, 0.3223146928474307, 0.3070191450417042, 0.29946231506764887, 0.3026120882481337, 0.35563662834465504, 0.3210957072675228, 0.3194533701986074, 0.32242657076567416, 0.30980914197862147, 0.29351568669080735, 0.30853920914232735, 0.317402458563447, 0.28979164026677606, 0.31341044586151834, 0.32031884975731373, 0.3146635141223669, 0.3089163139462471, 0.3294287763535977, 0.3136684276163578, 0.32224983833730225, 0.32634148262441154, 0.3200555853545666, 0.31797608602792027, 0.31135047134011984, 0.32663975488394503, 0.3115771042183042, 0.31227563321590424, 0.29875800795853136, 0.3188079399988055, 0.2954909412190318, 0.2756545523181558, 0.3171416465193033, 0.31305696815252304, 0.31761916875839236, 0.28400935186073184, 0.3096853569149971, 0.31900224722921844, 0.299454053863883, 0.3088754784315825, 0.29235558370128273, 0.30019287560135127, 0.33273984808474777, 0.3141613311134279, 0.30089897103607655, 0.319622852653265, 0.31853619841858744, 0.2988894982263446, 0.2889561515301466, 0.31685180515050887, 0.33100803531706335, 0.3291047863662243, 0.31342621240764856, 0.2889690754935145, 0.31111780516803267, 0.3285401131957769, 0.3201074246317148, 0.28745236378163097, 0.3288718067109585, 0.31575987096875907, 0.3201771101914346, 0.3331831959076226, 0.3066708166152239, 0.3158411826938391, 0.3202653493732214, 0.2732692326419055, 0.30832894053310156, 0.30671719163656236, 0.27445322936400773, 0.33117852099239825, 0.34807875081896783, 0.2790185119956732, 0.2965440444648266, 0.30575832407921555, 0.33827457278966905, 0.3039283026009798, 0.3273405222222209, 0.3193454725667834, 0.31660385280847547, 0.30062688458710907, 0.32042879126966, 0.29968175906687977, 0.29596137888729573, 0.29486656840890646, 0.28141227532178165, 0.2971723411232233, 0.2735975693911314, 0.3206158373504877, 0.2880464382469654, 0.28159167151898146, 0.30685445182025434, 0.3105401400476694, 0.3241599094122648, 0.29913514386862516, 0.3013964105397463, 0.33783004004508255, 0.30672945752739905, 0.3081092985346914, 0.32490383423864844, 0.3057480834424495, 0.3153757352381945, 0.30439981110394, 0.2803134525194764, 0.3227095571346581, 0.3297386730089784, 0.31589625198394056, 0.27537013217806816, 0.30519117321819067, 0.33565346449613576, 0.3185933995991945, 0.3057499933987856, 0.2890132684260607, 0.3256356682628393, 0.299541437253356, 0.32292873710393905, 0.307277780212462, 0.3147400803864002, 0.3108921814709902, 0.31043626107275485, 0.3010081078857183, 0.3313428871333599, 0.2993650084361434, 0.3085374454036355, 0.3223283175379038, 0.2979304876178503, 0.31049253810197114, 0.2708778642117977, 0.2962394641712308, 0.29880065098404884, 0.30891667101532216, 0.3000094207003713, 0.3088731851428747, 0.31336121670901773, 0.30187560915946965]
2025-11-13 07:19:45 - fedrand - INFO - loss data:
2025-11-13 07:19:45 - fedrand - INFO - [11.54034997522831, 0.6675937537103891, 0.43463668376207354, 0.3582946231588721, 0.33637858238071205, 0.352427664026618, 0.34976146388798957, 0.36169468574225905, 0.36613522097468376, 0.32351943999528887, 0.37316370755434036, 0.36190399564802644, 0.3058364998549223, 0.33547125905752184, 0.35348966885358096, 0.3514308288693428, 0.34975830316543577, 0.33487510681152344, 0.3604234382510185, 0.30707390997558837, 0.35281543694436546, 0.34391352757811544, 0.3534908646717667, 0.3458612697198987, 0.31241142340004446, 0.36783110573887823, 0.3390482574701309, 0.31296501532196996, 0.307469479739666, 0.3252214858308434, 0.3673030573874712, 0.3340650092810392, 0.3304231032729149, 0.3455996848642826, 0.29654174763709307, 0.3294117610901594, 0.35000327564775946, 0.31614386644214393, 0.30381121709942815, 0.338830279931426, 0.33614288326352837, 0.34044606480747464, 0.32407557163387535, 0.30357449129223824, 0.3435474745929241, 0.32892141956835985, 0.310616659745574, 0.29654616247862575, 0.322820033505559, 0.32772694490849974, 0.2993064302951097, 0.3040219895541668, 0.30576740466058255, 0.3225410183891654, 0.3029954252764583, 0.31791931465268136, 0.32300599738955493, 0.30767817534506325, 0.34570692684501414, 0.3086717683821917, 0.31652040202170606, 0.30603181160986426, 0.3572880875319242, 0.296137896925211, 0.33225152380764483, 0.3020910255610943, 0.31477665025740864, 0.3362356275320053, 0.3254383828490972, 0.2899672955274582, 0.3231204517185688, 0.3392697419971228, 0.3461170820519328, 0.3106957634910941, 0.29572630636394026, 0.28306023180484774, 0.2985559584572911, 0.33102108296006916, 0.3178491769358516, 0.3294220227748156, 0.3342072473838925, 0.3120003867894411, 0.30632150378078227, 0.3044552579522133, 0.3181351128965616, 0.3421735089272261, 0.3148585021495819, 0.32420997098088267, 0.3055647132918239, 0.337328613922, 0.31231032162904737, 0.3206790229305625, 0.3118361935019493, 0.310386592335999, 0.34976607672870164, 0.30983780398964883, 0.312215955555439, 0.2748714489862323, 0.3173921190202236, 0.303528293967247, 0.33522244058549405, 0.3193067628890276, 0.2945865958929062, 0.2790042543783784, 0.3080226227641105, 0.33510236758738754, 0.3277596043422818, 0.2928029228001833, 0.27777530811727047, 0.3358107840642333, 0.33087959531694655, 0.29940301906317474, 0.30970509592443707, 0.2986568439751863, 0.3230091087520123, 0.31666206307709216, 0.34515542183071374, 0.33821974471211436, 0.30967326890677216, 0.30531838610768314, 0.308100925758481, 0.32973498329520223, 0.2915731135755777, 0.30963274165987964, 0.2907160695642233, 0.3151130143553018, 0.321191868185997, 0.31271422486752276, 0.28581571355462077, 0.35426132529973986, 0.27213766034692527, 0.3123539987951517, 0.2920237496495247, 0.3009504843503237, 0.3004524152725935, 0.3062098009511829, 0.3147020284086466, 0.2752299402840436, 0.2875545743852854, 0.3142744652926922, 0.27251754198223355, 0.3107959257438779, 0.29009921550750734, 0.31793226711452005, 0.2960401436313987, 0.3066997159272432, 0.3121928995475173, 0.3242856849916279, 0.29166317768394945, 0.3023903025314212, 0.29403581116348504, 0.31163501366972923, 0.3246920259669423, 0.301348851621151, 0.3131037477403879, 0.30057419892400505, 0.32444205023348327, 0.32711797170341017, 0.30450612492859364, 0.32188954409211873, 0.3322862764820457, 0.2667375927790999, 0.32296843230724337, 0.30593361482024195, 0.2874217614531517, 0.30273846760392187, 0.32293368177488446, 0.2952453285455704, 0.33471252098679544, 0.3008074270561337, 0.3097793996334076, 0.2933585004881024, 0.29733838252723216, 0.30543894357979295, 0.30507602244615556, 0.3205583641305566, 0.30442208852618935, 0.2813837150111794, 0.3163729697465897, 0.32755050230771304, 0.3159212145954371, 0.3348405100405216, 0.3148155754432082, 0.2759166982024908, 0.32089930605143313, 0.31689615212380884, 0.329311004281044, 0.2890083130449057, 0.31285909153521063, 0.30779880881309507, 0.29577151611447333, 0.2997813381254673, 0.28977928813546894, 0.3176316739991307, 0.29034792445600033, 0.3148011205717921, 0.27071955390274527, 0.2905187273398042, 0.3080833844840527, 0.2836072530597448]
2025-11-13 11:30:13 - fedrand - INFO - loss data:
2025-11-13 11:30:13 - fedrand - INFO - [12.1304419785738, 0.6305138163268567, 0.4104485288262367, 0.3767931215465069, 0.31677405741065745, 0.324188507348299, 0.3561026621609926, 0.32615975681692366, 0.3393729204311967, 0.34957423731684684, 0.3531860847957432, 0.3521051499992609, 0.3105164749547839, 0.35925656016916035, 0.3521698697470128, 0.3444784373044968, 0.3056423915550113, 0.3369311563670635, 0.3214696366339922, 0.3086048370227218, 0.3063970971852541, 0.3324638683348894, 0.32559086028486495, 0.3478732395917177, 0.3136409655213356, 0.33345980048179624, 0.3265217814594507, 0.3171530563384295, 0.30937214773148297, 0.3267210103571415, 0.33987661488354204, 0.3396631971001625, 0.33586426749825476, 0.33225578591227534, 0.31947479732334616, 0.32956964522600174, 0.3100831687450409, 0.3443442982621491, 0.31192449331283567, 0.3471245180815458, 0.3386855725198984, 0.3579140990972519, 0.33378112614154815, 0.32018038919195535, 0.3008566972799599, 0.34155900962650776, 0.32536372970789673, 0.3261268366128206, 0.31361562553793193, 0.3095424358732998, 0.3221928834915161, 0.3242325415834785, 0.3096241654828191, 0.30629624351859097, 0.3193030200898648, 0.3185615845024586, 0.3106230489909649, 0.3123126739636064, 0.3247608583420515, 0.3224987588822842, 0.32890424877405167, 0.3200117705389858, 0.32920290548354386, 0.2881906924769282, 0.33103766404092316, 0.3246066328138113, 0.3076757607981563, 0.32503476832062006, 0.3029904471710324, 0.34052187856286764, 0.3011017544195056, 0.3333228657022118, 0.31694243140518663, 0.32317134104669093, 0.3002840656787157, 0.29532746272161603, 0.30567948501557113, 0.31031802482903004, 0.31308887656778095, 0.31084403675049543, 0.30463356636464595, 0.31321880761533977, 0.30490914741531017, 0.30764482840895657, 0.30877466984093194, 0.32955135907977817, 0.3666145006194711, 0.3302517168223858, 0.33051543720066545, 0.289089447632432, 0.279258631542325, 0.31461486089974644, 0.32772794403135774, 0.35137744769454005, 0.32507878858596084, 0.3504657052457333, 0.3306089716032148, 0.29229925833642484, 0.2883531279861927, 0.33055780827999115, 0.31757203340530393, 0.3044172581285238, 0.30743007827550173, 0.34672330208122726, 0.2756412424147129, 0.3241116201505065, 0.29893921315670013, 0.3169034579768777, 0.3218229745514691, 0.3056913500651717, 0.290662526525557, 0.2937990855425596, 0.3130170462653041, 0.32598739825189116, 0.31418713210150595, 0.3002323444932699, 0.29879440944641833, 0.30267718620598316, 0.33050455637276177, 0.3192451173439622, 0.3227688118815422, 0.33307697977870704, 0.2881712498143315, 0.3100884331390261, 0.3060347391292453, 0.301397879421711, 0.3351264424622059, 0.3221328238025307, 0.31368797998875375, 0.2979444460943341, 0.31628558300435544, 0.32267289981245995, 0.32251987643539903, 0.3026233606040478, 0.3104290273971856, 0.33527059480547905, 0.3030954606831074, 0.2895168174058199, 0.3051297122612595, 0.3090911591425538, 0.3049858307465911, 0.30423525385558603, 0.2972224816679955, 0.30092031620442866, 0.28583667315542693, 0.29980496875941753, 0.31886580772697926, 0.3013710640370846, 0.3177861860021949, 0.3262600909918547, 0.30945246405899524, 0.2885203953832388, 0.3181790096685291, 0.3023890607059002, 0.31578833516687155, 0.3103311944752931, 0.3165285781025886, 0.31272955276072023, 0.310964659973979, 0.3189451552927494, 0.3284278828650713, 0.33114606775343414, 0.34507830180227755, 0.3072736818343401, 0.2992155078798533, 0.30385240335017444, 0.32153402995318175, 0.31066920422017574, 0.29664722494781015, 0.31507378201931713, 0.30487213162705307, 0.30180995762348173, 0.34613811522722243, 0.2890277409926057, 0.2997486228123307, 0.3134836295619607, 0.32135043703019617, 0.30309904031455515, 0.28335115071386097, 0.339870885387063, 0.32230344973504543, 0.32319396995007993, 0.3070273069664836, 0.29651374407112596, 0.2941157840192318, 0.31859754659235473, 0.3094384828582406, 0.2787179060280323, 0.2974923513829708, 0.30368387792259455, 0.30530329290777447, 0.2763346103951335, 0.32087534591555594, 0.28689850568771363, 0.32252630926668646, 0.27670512441545725, 0.3049656795337796, 0.32114841006696226, 0.2963777487166226, 0.3454420387744903]
2025-11-26 08:26:28 - fedrand - INFO - loss data:
2025-11-26 08:26:28 - fedrand - INFO - [11.499764478206634, 0.5144875470548869, 0.38041209429502487, 0.3590793743729591, 0.34927506111562256, 0.3138240862637758, 0.3555483087897301, 0.328268376365304, 0.39345909729599954, 0.3428108297288418, 0.3304932238534093, 0.31765645630657674, 0.354670200496912, 0.3246223729103804, 0.36828987766057253, 0.33684229468926785, 0.3307639366015792, 0.3507666066288948, 0.32854982279241085, 0.33100064396858214, 0.3349813185632229, 0.3248141944408417, 0.34819418005645275, 0.34429123587906363, 0.3368095774203539, 0.32619827464222906, 0.33785124905407427, 0.3631155829876661, 0.30623170025646684, 0.31348528154194355, 0.3543054942041636, 0.2875221258029342, 0.35918964389711616, 0.29645449854433537, 0.2988805057480931, 0.3240815907716751, 0.31788166984915733, 0.31921865278854966, 0.34033758752048016, 0.33091549314558505, 0.3339011114090681, 0.3085841353982687, 0.321099098585546, 0.31882185656577344, 0.3538720978423953, 0.2921616155654192, 0.3393450824543834, 0.29911194257438184, 0.3381624840199947, 0.31722383908927443, 0.3072195227257908, 0.3136514721438288, 0.3153918568044901, 0.3293750973418355, 0.3219207961112261, 0.3318222958594561, 0.3006523985415697, 0.293159550242126, 0.32962412349879744, 0.33290565498173236, 0.30199943445622923, 0.3167761188000441, 0.3152340993285179, 0.330304149352014, 0.31313336715102197, 0.3535424668341875, 0.33872533515095715, 0.35389364790171385, 0.3151336891576648, 0.32801446653902533, 0.31744459718465806, 0.32394442316144706, 0.34363370202481747, 0.32904646582901476, 0.29688416216522456, 0.3165306642651558, 0.3200057428330183, 0.32310848478227855, 0.2877715644426644, 0.32707178667187686, 0.3253781201317907, 0.34223343078047036, 0.3182979874312878, 0.33059351332485676, 0.32780148219317196, 0.28936500288546085, 0.30374237671494486, 0.3052331730723381, 0.30997477769851683, 0.3409265983849764, 0.3114376235753298, 0.28432378731667995, 0.3094096176326275, 0.3049457691609859, 0.29888541623950005, 0.2974876057356596, 0.3291704151779413, 0.3005441389977932, 0.293519239872694, 0.32621640693396325, 0.31326467562466864, 0.2982350137084723, 0.33752935864031314, 0.3129573162645102, 0.3092634798027575, 0.2791098572313786, 0.2858051430433989, 0.3139644123613834, 0.3194496355950832, 0.30461143441498284, 0.296092751249671, 0.31991973258554934, 0.3141278313472867, 0.3421319659799337, 0.3313166934996843, 0.29828281952068214, 0.32287064306437974, 0.3336997512727976, 0.3214033368974924, 0.3172166120260954, 0.305099244043231, 0.33243455961346624, 0.2758686497807503, 0.2953567551448941, 0.32037724517285826, 0.32351680658757687, 0.31061926297843456, 0.2925057154148817, 0.3278647381812334, 0.29525385499000545, 0.32294421046972277, 0.3078671565279365, 0.3081663116812706, 0.29790987372398375, 0.3060085752978921, 0.3075346555560827, 0.3140402175486088, 0.32512869872152805, 0.33132341094315054, 0.2878673667088151, 0.31137422956526284, 0.31091457363218067, 0.3066234398633242, 0.30315313339233396, 0.3350816160440445, 0.30578537359833713, 0.30050999075174334, 0.31698091775178905, 0.30755435526371, 0.31837045345455406, 0.2981282420456409, 0.3226976078003645, 0.30396770089864733, 0.29919333904981615, 0.35347889717668296, 0.30321307852864265, 0.2900268446654081, 0.316978688724339, 0.30944426264613867, 0.2713887070305645, 0.3223509922623634, 0.3107534650713205, 0.3279821783304214, 0.3382990162819624, 0.3235780842602253, 0.3329639468342066, 0.2817685384303331, 0.31181259229779246, 0.3033579284325242, 0.32997714169323444, 0.30864481292665, 0.3011995662003756, 0.321965966001153, 0.2854126155376434, 0.30317308139055965, 0.27442351877689364, 0.30860675536096094, 0.28224020786583426, 0.2961706817150116, 0.2944985900074244, 0.2707722349092364, 0.31851932741701605, 0.3039834059774875, 0.29859541486948726, 0.3144808400422335, 0.3210841437801719, 0.3081039570271969, 0.3193396650254726, 0.2979924556799233, 0.32103310823440556, 0.32350964061915877, 0.31397643145173787, 0.30437882207334044, 0.3106281584128737, 0.27656822130084036, 0.307412420026958, 0.2811200048774481, 0.2953108225017786, 0.2938343038782477, 0.2997634716331959]
2025-12-07 06:01:14 - fedrand - INFO - loss data:
2025-12-07 06:01:14 - fedrand - INFO - [14.948415899276734, 5.244633562862873, 0.5207439575344324, 0.3802223391830921, 0.36982927694916723, 0.35118747167289255, 0.362535098940134, 0.3366472315043211, 0.35902061834931376, 0.36427348032593726, 0.3282073516398668, 0.35650013014674187, 0.3341712586581707, 0.34042379036545756, 0.344025469198823, 0.3752395221963525, 0.3733394704759121, 0.321635365486145, 0.334965274296701, 0.3140835702419281, 0.3382325164973736, 0.3352419566363096, 0.334290611371398, 0.31188918072730304, 0.33004854768514635, 0.33555751144886015, 0.31665607839822774, 0.32826374713331463, 0.33085572328418494, 0.3523220609873533, 0.3106631806120277, 0.34349723607301713, 0.3330049563199282, 0.31824756115674974, 0.32394661121070384, 0.3166222531348467, 0.33883175626397133, 0.3344112975522876, 0.3084711331874132, 0.3654117986559868, 0.33769123796373607, 0.33657495584338903, 0.3528319258242846, 0.33643479570746426, 0.3243103891611099, 0.2971943706274033, 0.3456429038196802, 0.3155674334615469, 0.31510567497462033, 0.30798945808783174, 0.28511164523661137, 0.29095782674849036, 0.30529542863368986, 0.3190063823014498, 0.31513993851840494, 0.3409584302455187, 0.2949682898819447, 0.30000526756048207, 0.3421066274866462, 0.3149948375299573, 0.31382185555994513, 0.3349624045193195, 0.325735966488719, 0.3104986894875765, 0.3238454222679138, 0.3452983912080526, 0.3361995697021485, 0.32932977881282566, 0.33400312475860117, 0.3486708290874958, 0.31148876231163736, 0.33063757233321667, 0.30894022397696974, 0.3126543547958136, 0.32330812960863115, 0.34633416756987573, 0.3155547630041838, 0.29382835552096365, 0.35168214719742535, 0.3072205953299999, 0.3090952651575208, 0.3203797657042742, 0.3405404523015022, 0.2966050697490573, 0.2648182064294815, 0.2972097352147102, 0.3160878594964742, 0.313267695531249, 0.2976235354319215, 0.30471415650099515, 0.3150635689496994, 0.349743640050292, 0.3231738466769457, 0.3189717408269644, 0.32208137661218644, 0.3201252963393927, 0.3310436399653554, 0.3032530754804611, 0.2856529107317328, 0.3134976988658309, 0.29211248159408565, 0.31255871877074237, 0.2680837828665972, 0.3109023403376341, 0.32421077601611614, 0.325331646669656, 0.31963648870587347, 0.35560701675713063, 0.3197017595171928, 0.30902294646948575, 0.2866374131292105, 0.3128753000870347, 0.2870196674019099, 0.2818713005632162, 0.31797732748091223, 0.3047487314790487, 0.31743871681392194, 0.3002631966024637, 0.28832996301352976, 0.29185216613113885, 0.3114855634048581, 0.31609355770051484, 0.3297135837376117, 0.27968817576766014, 0.31826147306710484, 0.2993247900158167, 0.3216399304568768, 0.3349263496696949, 0.30404792856425045, 0.28446175437420607, 0.32404956393875184, 0.30480017475783827, 0.29819172210991385, 0.33129594549536706, 0.31572432555258273, 0.3020637858659029, 0.3157072411850095, 0.32447668369859456, 0.3217951525002718, 0.3112574195489287, 0.2856392515823245, 0.2930626081302762, 0.27771044671535494, 0.30676485896110534, 0.2921609222888947, 0.3259389473125338, 0.31587205454707146, 0.30665588974952696, 0.2916425749659538, 0.3277265693992376, 0.29290402941405774, 0.31416545864194634, 0.3165883768349886, 0.2937472317367792, 0.30435120481997724, 0.30111319851130247, 0.33960051387548446, 0.29476770311594014, 0.30023870784789325, 0.3100456864573061, 0.3046140544116497, 0.3225997315719724, 0.32304045855999, 0.3118049047887325, 0.30100074801594023, 0.31837706472724675, 0.31282726749777795, 0.3353412538766861, 0.31441161409020424, 0.3066257435828448, 0.29393719099462035, 0.34760875441133976, 0.3237330339848995, 0.3272288180887699, 0.29310441166162493, 0.27907140254974366, 0.3163043210282922, 0.30477415304630995, 0.31638522185385226, 0.2981386134400964, 0.3117794560268521, 0.3150285091251135, 0.31707299016416074, 0.33227951005101203, 0.3127225525677204, 0.3240396581590176, 0.31150033939629795, 0.3263359993696213, 0.27871937286108733, 0.27914919350296263, 0.31280065383762123, 0.3032849796116352, 0.2947261154651642, 0.2956445140764117, 0.3555427448824048, 0.2983378045260906, 0.27507323939353223, 0.31800302527844904, 0.28362393882125614, 0.29567861892282965]
2025-12-07 09:36:17 - fedrand - INFO - loss data:
2025-12-07 09:36:17 - fedrand - INFO - [15.111251771450043, 6.910528394579888, 0.47224029526114464, 0.377881408855319, 0.3954261254519224, 0.33003996014595033, 0.36036127693951125, 0.328337973728776, 0.2993615819141269, 0.3261955067515373, 0.3656476367264986, 0.35630568452179434, 0.34368785312399264, 0.3437757160514593, 0.34850550815463066, 0.34252603761851785, 0.34098542183637615, 0.33870093189179895, 0.32650127150118347, 0.34359776265919206, 0.3310706730931997, 0.32607046067714696, 0.3569071877747774, 0.3504845298826694, 0.3611957751214504, 0.3386689249426127, 0.3290776973590255, 0.3422441381961107, 0.33077177889645104, 0.34051170814782383, 0.3377657111734152, 0.3382649186998606, 0.35964557379484174, 0.3067069506272674, 0.34480851590633393, 0.32757434751838443, 0.34256911352276803, 0.35445187520235777, 0.3201800897717476, 0.3162925835698843, 0.29849943295121195, 0.2997078739106655, 0.32000522483140226, 0.3295513432472944, 0.31660335417836905, 0.3204043280333281, 0.3736226495355368, 0.3185021048411727, 0.3264109592884779, 0.3512713134288788, 0.3114935612305999, 0.3239984191954136, 0.28995305579155684, 0.32831853982061143, 0.31621808763593434, 0.31963082794100045, 0.3153454065322876, 0.3213445385918021, 0.31481776516884563, 0.3193024881184101, 0.33913126476109023, 0.3025868898257613, 0.31792600341141225, 0.32690364122390747, 0.3200162028893828, 0.32580142058432104, 0.28351204916834827, 0.3055201025679708, 0.31562437443062663, 0.30591390244662764, 0.3103977197781205, 0.2825273826718331, 0.30968499965965746, 0.30421789996325965, 0.31731459256261585, 0.36933703869581225, 0.33066040761768817, 0.32565087601542475, 0.32124794125556944, 0.3134427659213543, 0.29445673115551474, 0.31516260355710984, 0.3273369736969471, 0.3396646536886692, 0.3528738234192133, 0.28967243656516073, 0.3217592483386397, 0.3240004476159811, 0.3231594108045101, 0.3271851615980268, 0.3115949176251888, 0.31353805363178255, 0.31264254841953515, 0.2981610121205449, 0.3090643897652626, 0.28312818082049485, 0.3057253619655967, 0.318354818597436, 0.3095831640064716, 0.3129386007785797, 0.31064601950347426, 0.32441357858479025, 0.31337037980556487, 0.2698463311418891, 0.31766237393021585, 0.3004522271454334, 0.30848514968529345, 0.30716803316026925, 0.3203836916014552, 0.3066080776974559, 0.30690974090248346, 0.33302921690046783, 0.3519739668816328, 0.29357227981090545, 0.3012297544628382, 0.32776108421385286, 0.30328654423356055, 0.2997535686939955, 0.28263649921864276, 0.3437887839972973, 0.34672078788280486, 0.3117046678438783, 0.3018694560974836, 0.31190204340964556, 0.3139686627313495, 0.3049566300585866, 0.29484982043504715, 0.29942456148564817, 0.3110176812857389, 0.30442960020154713, 0.3432912055402994, 0.30547977797687054, 0.3144067918881774, 0.31927268113940954, 0.2886339807882905, 0.3279745768755674, 0.2923096212558448, 0.31486198399215937, 0.30716200117021797, 0.28996218405663965, 0.3201847933232784, 0.2810713803395629, 0.29964563362300395, 0.3016833933070302, 0.2979335591197014, 0.31158859133720396, 0.3061706700362265, 0.2989281792193651, 0.28895050212740897, 0.30123572926968334, 0.28292069882154464, 0.28291074335575106, 0.30718398112803696, 0.30183257460594176, 0.32198330387473106, 0.3091664833948016, 0.3251433867961169, 0.3175572007894516, 0.3689110640436411, 0.3072444170713425, 0.32324381526559587, 0.3350395327433944, 0.32936121672391894, 0.2956495774909854, 0.29381677396595474, 0.3293058522045612, 0.3239712487906218, 0.2781050361692905, 0.3176008965820074, 0.3177916031330824, 0.2972496887668967, 0.3200078047811985, 0.298326101526618, 0.3052533123642206, 0.30724607352167366, 0.26631735600531103, 0.30197659954428674, 0.2948909534141421, 0.32623974047601223, 0.30500240921974187, 0.3135058850049972, 0.3173873726278543, 0.31902238233014946, 0.28620947934687135, 0.3061278678476811, 0.3287574052810669, 0.30602660290896894, 0.30932246083393694, 0.267197722569108, 0.30079262927174566, 0.30361769869923594, 0.27208854760974643, 0.3063124902546406, 0.30865004044026134, 0.29485419020056725, 0.2958155507221818, 0.326951602101326, 0.2864541050046682, 0.3182306453585625, 0.27742827329784636]
