2025-11-05 10:46:24 - fedrand - INFO - loss data:
2025-11-05 10:46:24 - fedrand - INFO - [17.000569301843644, 0.1833724270341918, 0.005166904523503035, 0.0030615795112680644, 0.0026266223983839156, 0.0028540247789351266, 0.0027761357778217643, 0.002806380082620308, 0.0027506259473739194, 0.0027757350355386732, 0.0027613446640316398, 0.002665668053668924, 0.0026186825183685866, 0.002853120330837555, 0.0026904039928922433, 0.002717202069470659, 0.0026138143090065568, 0.00281755686737597, 0.002561931480886415, 0.002833064351580106, 0.00264992599550169, 0.002472797821974382, 0.002673540893010795, 0.002454530526301823, 0.002389402253902517, 0.0024625998514238743, 0.0026504341280087825, 0.002264170817215927, 0.0020742943917866795, 0.002241688087815419, 0.002075756299018394, 0.00220084608590696, 0.0022625841083936393, 0.0023613521538209167, 0.002019723023113329, 0.001892128080362454, 0.0019234223902458325, 0.0021977245720336213, 0.0021821692629600876, 0.0016332404811691958, 0.0019099243232631124, 0.001751008818973787, 0.0019080948142800478, 0.0015717188129201532, 0.001712184026837349, 0.0018141812674002723, 0.0016561604832531886, 0.0016306344041367993, 0.001643971817975398, 0.001483756881498266, 0.0017107371415477246, 0.0015259765714290552, 0.0015662412799429147, 0.0015303982319892385, 0.001541828113840893, 0.0014594377338653431, 0.0014230676228180529, 0.001332966967311222, 0.001337551607139176, 0.001542285862888093, 0.0013237212275271303, 0.0013460968155413866, 0.0013392508277320302, 0.001355136041274818, 0.0014353487713378854, 0.001469541546248365, 0.0014312111641629599, 0.0013834729194059036, 0.0010769554299258743, 0.0013476626270858105, 0.001209058477979852, 0.0014222567659544437, 0.0011646915532764978, 0.0014619940597185633, 0.001118187770316581, 0.0012470574431063142, 0.0013087529063341209, 0.001382254748023115, 0.0014581342111341655, 0.001166184196335962, 0.0010925332016995526, 0.0012222024437505753, 0.0011472397831312265, 0.0012189310455141822, 0.0012670134332438466, 0.0011453923307271907, 0.0010430271355289732, 0.0011565350883756763, 0.001081329440421541, 0.0012951425531355198, 0.0008599034092185321, 0.0010626617082380107, 0.0012597482254932402, 0.0012197153540910223, 0.00115856663469458, 0.0008283307906822301, 0.0010425540942378575, 0.0011764952527300921, 0.0011733232502592727, 0.0010845705808605998, 0.001135270353552187, 0.001126356266104267, 0.0008616955212801258, 0.0010356764159951126, 0.0009707481745863334, 0.0009598127384379041, 0.0008644770881801378, 0.0010153934850677614, 0.0010906498046097113, 0.0008086270623607561, 0.0008414995370912947, 0.0009307331725722179, 0.001041996301864856, 0.0007544452225374699, 0.0009351121261715889, 0.0009636670605686959, 0.0010158472552575404, 0.0009329256165074184, 0.0008121266228044988, 0.0008418074878136395, 0.0010026862257291214, 0.0008234763628934161, 0.0010894351034949068, 0.0010960320141748525, 0.0009041000743309269, 0.0010316168394638226, 0.0008782833128861967, 0.0008035886487050448, 0.0009439914794711513, 0.0010797405877383426, 0.0008218975119234529, 0.0010459383564011661, 0.000690602210306679, 0.0008124462759951711, 0.0007889937231084331, 0.0008057789758822764, 0.0008346172540768748, 0.0008293854356452358, 0.0007160352921346202, 0.0007711225210186967, 0.0006526918762574496, 0.0005477847802467295, 0.0007677408868403291, 0.0009545087445076206, 0.0008179555792594328, 0.0010347856477892492, 0.0007284649555913348, 0.0008506291109370069, 0.0010129350559509474, 0.0009294761397541151, 0.0007220631066957139, 0.0006072241134006618, 0.0007781835422065341, 0.0006762895625797682, 0.0006525700163820148, 0.0007055760540424672, 0.0012572826235555112, 0.0007326537792323507, 0.0007202812992090912, 0.0005622007389320061, 0.0007262718112542643, 0.0008942157800447603, 0.0007225818388178595, 0.0007277307661752274, 0.0006356397659146751, 0.0008537770949260449, 0.0007229231256133062, 0.0008472023835565778, 0.0006041506702786137, 0.0007358763079537312, 0.001000339852362231, 0.0005859702574525727, 0.0006211639933098923, 0.0007577591095468961, 0.000938012127244292, 0.0006528650714244577, 0.0006890774107887409, 0.0008746776300540659, 0.0007570987604140101, 0.0008542371258954517, 0.0006289666025622864, 0.000672573567226209, 0.0008352447654942808, 0.0006400798691174713, 0.0006793978449422866, 0.0008292621275359124, 0.0007085529854521156, 0.0006347956826175504, 0.0009831922145167483, 0.0008432237169017753, 0.0009104513202146336, 0.00046683510809089054, 0.0005483892111442402, 0.0006382990078236617, 0.0006666692886028614, 0.0008390901346501777, 0.0007930915495308, 0.0008592403640250267, 0.0007346683778450824, 0.000603633030277706]
2025-11-06 05:43:41 - fedrand - INFO - loss data:
2025-11-06 05:43:41 - fedrand - INFO - [16.95547322332859, 0.23279198552481828, 0.009529648977331818, 0.003444534647860564, 0.0028235424862941725, 0.003077055001631379, 0.0027022588619729504, 0.0027207048435229806, 0.002973982066032477, 0.002799739415058866, 0.002573948760982603, 0.0026300453115254644, 0.0026768436568090693, 0.002833748259581626, 0.0027268621837720276, 0.0027052857738453897, 0.0026574497896945104, 0.002927837416063994, 0.0027314531267620622, 0.002770383792812936, 0.0027388174523366613, 0.0028090159554267306, 0.0027316634892486035, 0.002585134204127826, 0.0023769372754031794, 0.0026583907834719866, 0.0024154523242032157, 0.002385531071922742, 0.002478277438785881, 0.0023739250900689512, 0.002197000000160187, 0.002099501533666626, 0.0019700517616001887, 0.0021455876951222306, 0.0020048113176017067, 0.0019116182404104618, 0.002003583873738535, 0.001873954205075279, 0.0017505916861409788, 0.0016061044989328366, 0.001794793174485676, 0.0017751666411641052, 0.0015352100715972483, 0.0016637172095215645, 0.0015528557931247635, 0.0018663620336155872, 0.0014398037579667288, 0.0017957631818717344, 0.001676778537512291, 0.0014282432792242616, 0.0014642070862464608, 0.0014614131534472106, 0.001519522099988535, 0.0012434200805728323, 0.0013677559298230337, 0.0013774914586974774, 0.0013259741484944244, 0.001678457358502783, 0.0015071666799485683, 0.0014671849632577505, 0.0012751622838550248, 0.0014717038269736805, 0.0014752567629329862, 0.0013936227464000695, 0.0012371502009045797, 0.0013184150346205572, 0.001165870842669392, 0.0013242911521956558, 0.0010732816204836126, 0.0010275347263814182, 0.0009713842842757003, 0.001368771624402143, 0.0011950506748689804, 0.0012461707829061197, 0.0011119366503407947, 0.0012921247052872786, 0.0010504949486858095, 0.001140240921085933, 0.0011334911538142477, 0.0010422028568427776, 0.0012392099415592384, 0.0010425695254525635, 0.0012024274987197715, 0.0009343069094029489, 0.0012153617899457458, 0.001010026652511442, 0.0012807737017283215, 0.0010716422482801135, 0.001046680002764333, 0.000953600328284665, 0.0011089914612966822, 0.0009824564534937964, 0.0010291291387147794, 0.0009359937985209399, 0.0013342195645236643, 0.0010785725238747546, 0.0011077176306571346, 0.0011441713824751787, 0.001098048736093915, 0.0009200985612551448, 0.0011562642524950207, 0.0010064364709251095, 0.0009329063529548876, 0.0012998237507417798, 0.0008580191492001177, 0.0007083351110850344, 0.000989427002332377, 0.000940849955259182, 0.0010575043866992927, 0.0008025318366890133, 0.0008004566119780066, 0.0009184252579871099, 0.0007962749005855585, 0.0008417148777880356, 0.00085703092681797, 0.0008335225386872481, 0.000887465870619053, 0.0012007308556349016, 0.000706446011645312, 0.0006906224978138198, 0.0008693414644767472, 0.0008684003576490795, 0.0008440270774372038, 0.0007719085991993779, 0.000987642229119956, 0.0008124563380079053, 0.0008856000161358679, 0.000983519310830161, 0.0008231449790400802, 0.0006343193772408995, 0.0006727703341312008, 0.0007269828404787404, 0.0010125293681085168, 0.0008063276614848292, 0.0007750202124952922, 0.0005847950003953883, 0.0007733793871011585, 0.0005838192525061458, 0.0007154145314416382, 0.0008087893535048352, 0.0008310042512675864, 0.0007787543805989116, 0.0007225678087252163, 0.0010423666700489775, 0.00081186407860514, 0.0008485771575578837, 0.000806199990438472, 0.001068545985253877, 0.0008346817129222472, 0.0010804181110870559, 0.0006013828818140609, 0.0007195345581749279, 0.0008373090339773625, 0.0008500210078636883, 0.0006922088141436689, 0.0006918674951521097, 0.0007586182265185926, 0.0007502167361963074, 0.000629240687158017, 0.0006849819620356357, 0.000897254527626501, 0.0007782503803355212, 0.0009601049433513254, 0.0007590941657326766, 0.0008234554446062247, 0.0006097255092072373, 0.0008937698225963686, 0.0009949423738362384, 0.0009087975793590885, 0.0006991188196479925, 0.0004951522038027178, 0.0008091308309303713, 0.0007654405206722003, 0.0004933942469506292, 0.0005879290774828405, 0.0008623700331554573, 0.0006906982946929929, 0.0006977955025831761, 0.0007027065888905781, 0.0007630646372035699, 0.0008490698469358904, 0.0007711105045018485, 0.0006037639217538527, 0.0007321207592212885, 0.0007065506940307387, 0.0005843580537657544, 0.0008762011777434964, 0.0008668252361530904, 0.0005231026164892683, 0.0007157098407333251, 0.0009299113960878457, 0.000828700703823415, 0.0007986186758898838, 0.0005902457925913041, 0.000663752790842409, 0.0008885117095815076, 0.0007305613734388316, 0.00047622219030927224, 0.0008221352574764751, 0.0007388335475297936]
2025-11-06 13:51:32 - fedrand - INFO - loss data:
2025-11-06 13:51:32 - fedrand - INFO - [16.941583150625227, 0.15610412606038154, 0.00667007040756289, 0.0029661670851055533, 0.002818800203385763, 0.0029760433419141917, 0.0028011040965793656, 0.0027034911327064037, 0.002663275442318991, 0.002701664864434861, 0.0027350782795110716, 0.0026939758594380693, 0.002784858390805311, 0.0026470560434972866, 0.002894366189138964, 0.0026389193459181114, 0.002546970287221484, 0.0025829940219409763, 0.002639622904825956, 0.0025447243446251374, 0.0023765463221934622, 0.002273288244032301, 0.002251378106302582, 0.0022557964752195404, 0.002347004812327214, 0.00224586931290105, 0.0021976690739393236, 0.002085000147053506, 0.0020928692218149083, 0.002199823418050073, 0.002110250158875715, 0.0018484529660781845, 0.0018679549597436563, 0.0017142623124527744, 0.0017756876550265588, 0.001736760999483522, 0.0019435232505202293, 0.001709189663233701, 0.0016497306816745548, 0.0015861676052736583, 0.0015440467817825266, 0.0014521480068651726, 0.0016501048092322891, 0.0013874092863261469, 0.0014585804077796639, 0.0015856402198551223, 0.0015997575581423007, 0.001472293927508872, 0.0015126408987271136, 0.0014725237619131804, 0.0013606442807940766, 0.0016173216456081719, 0.0015297638419724535, 0.0013314876036019997, 0.001421625335206045, 0.0012168233828560916, 0.0012692384494584984, 0.0013968837294669357, 0.0013410436265985483, 0.0012181186291854828, 0.001515050137822982, 0.0012546482408652081, 0.0011310277768643573, 0.0011685279809171335, 0.001407442536947201, 0.001208759703877149, 0.001251084611430997, 0.0013822159497067334, 0.0013907689433835912, 0.0013456124972435646, 0.0011565321288799168, 0.0011725143756848412, 0.0014289617662143427, 0.0010849690024770098, 0.0010453010465425905, 0.001071567261169548, 0.001173392845521448, 0.0014406732727366034, 0.0011452569237007993, 0.0010644264941220172, 0.0009220320320309839, 0.0011566967967155505, 0.0011886995088389086, 0.0011606047675741138, 0.0010227533899524132, 0.001165076934012177, 0.0013005939188587945, 0.001150828244863078, 0.001074224299918569, 0.0010978806487401014, 0.0012105225378036266, 0.0009746483512572012, 0.001092224141029874, 0.0011871129278006264, 0.0008584104149122141, 0.0009488533777584962, 0.001014805314662226, 0.000819129848969169, 0.0008856914420903195, 0.0008622512625152013, 0.001189818418060895, 0.00092942380142631, 0.0009028800643136492, 0.001081293031165842, 0.0010193269405135651, 0.0008904779238946502, 0.0008601443666520936, 0.0009807469208681142, 0.000983454145898577, 0.0010671999290934762, 0.0008725194356884458, 0.0010484954884304898, 0.000982269189262297, 0.0009505580877885222, 0.0009304312778112944, 0.0009793841152713869, 0.000900783412544115, 0.0008164970013240236, 0.0008619272818577884, 0.0008315162865983439, 0.0007160622924857307, 0.0008587502150930959, 0.000674097021419584, 0.0010136082279132096, 0.0009799042429222027, 0.0006696007844766427, 0.0009351376799713762, 0.0008461848699880647, 0.001046616184976301, 0.0008592332143962267, 0.0007462136893991555, 0.000720557910244679, 0.0006375392393238144, 0.0006189138323861698, 0.0006225439421541524, 0.0008784442678461345, 0.0007105105036316673, 0.0007875572161538003, 0.0007168396400629717, 0.0008482895310407911, 0.0008534198454071884, 0.0007711886490142205, 0.0007424451984661574, 0.0008000874555364135, 0.000727244881727529, 0.0007838169409296825, 0.0006763657963347214, 0.000658442642634327, 0.000916502651944029, 0.0006729996648573433, 0.0005848574263382034, 0.0006167297257889004, 0.0007082066845214285, 0.000782125089517649, 0.0007239553440740564, 0.0006018959764787724, 0.000516322903240507, 0.0007676733812331804, 0.0008208146928154747, 0.0006192213086251286, 0.0007125306198531689, 0.0007052616425426094, 0.0006214079468463752, 0.000731749089754885, 0.0009953130767826224, 0.0007941298534205998, 0.0005099456800735425, 0.0006667524580734607, 0.0006806423134094076, 0.0007810285673258477, 0.0006438858682486171, 0.0006183766104186361, 0.0007049390573683923, 0.0006890568761264149, 0.0008033179396988999, 0.0005111901461532398, 0.0008956136622146004, 0.0006291052345204662, 0.000468055605142581, 0.0006161789036923437, 0.0009154423160453006, 0.00047354656994684773, 0.0007991062240762403, 0.0008416008564381628, 0.0006105485348143702, 0.0006217181666215766, 0.0007331121136303409, 0.0004296869511563273, 0.000795579534405988, 0.0007551883672931581, 0.0007597760673888843, 0.0007434127440319571, 0.00037447804411385734, 0.0008457371700387739, 0.0006230900040463894, 0.000758326106097229, 0.0008490675373195699, 0.0008790977937223943, 0.0007265257821018167, 0.0010205657855294702]
2025-11-23 20:54:09 - fedrand - INFO - loss data:
2025-11-23 20:54:09 - fedrand - INFO - [16.91586830615997, 0.1501167684327811, 0.005050603483687155, 0.003956854122225195, 0.002880374633241445, 0.0028037970449076967, 0.0027847965830005705, 0.002826027589617297, 0.002765980368712917, 0.0026416947308462117, 0.0025761621858691798, 0.002610643717343919, 0.002652942654094659, 0.0026603075210005047, 0.002712494012666866, 0.0026049052219605075, 0.0026880971068749208, 0.0027084063796792178, 0.002613506789202802, 0.002602926053805277, 0.002477464370895177, 0.0025105498032644393, 0.002244399490882643, 0.00247998608101625, 0.0024381057970458645, 0.002304449325310998, 0.002225271420320496, 0.002184830425539985, 0.0020873834757367147, 0.0022831842332379894, 0.0020790677808690816, 0.0019174311237293296, 0.002109054120955989, 0.0017685439524939284, 0.001877968810731545, 0.0018708759918808935, 0.0017740982730174437, 0.0017195214430103078, 0.0018474043725291267, 0.0015918450240860692, 0.0018577892624307424, 0.0017495222055003978, 0.001615352746739518, 0.0016512816262547858, 0.0016976341074041556, 0.0016764734740718269, 0.0014846941165160387, 0.0016254541449598036, 0.0015916911099338902, 0.0017466987232182874, 0.001501468003698392, 0.0014428195827349555, 0.0017678063319181091, 0.0013011886687309016, 0.0013736926033743658, 0.001425787322659744, 0.0013649400207214057, 0.0013871613555238582, 0.0013571060495451092, 0.0014278550628660015, 0.001547151437989669, 0.001262695580953732, 0.0012325263072852977, 0.001608990100794472, 0.001311944356712047, 0.0013099755728035235, 0.0011878170116688125, 0.0014132951495412272, 0.0013107938179018675, 0.0012381486332742498, 0.0012458239019906615, 0.0012196324329124763, 0.001152329750766512, 0.0008630877706309547, 0.0011496221561174025, 0.0009575900196068688, 0.0012132349773310124, 0.0012542824544652831, 0.001047042130448972, 0.0012819697956729214, 0.0013130212479154578, 0.0013808436880935915, 0.001195924998319242, 0.0011580128440982663, 0.001136104038960184, 0.0011813989807706094, 0.0011570295979254296, 0.001231392797853914, 0.001023701106896624, 0.0011129084898129802, 0.0010052516641735564, 0.0011792943158070556, 0.0011057970352339908, 0.0010733649436588167, 0.0010121576035089675, 0.0009879259647277649, 0.0012133155203628123, 0.0010052937735054001, 0.0010096917036207741, 0.0009888943092846603, 0.0010028106468780605, 0.0007221639905765188, 0.0010038070955033617, 0.000893396259743895, 0.0010450236771248455, 0.0010448917425492255, 0.000830827249592403, 0.0008771697383963329, 0.0010653023609847878, 0.0010485123570106226, 0.0013382349596213316, 0.0008856211075908505, 0.0010780779923152293, 0.0009025015435327078, 0.0009549557370519324, 0.0009255470504285768, 0.0010109452288816101, 0.000950308463688998, 0.000836653589794878, 0.0009373527478601317, 0.0006741572135979367, 0.0008334599100635388, 0.0008115717751934426, 0.0009303024544351501, 0.0007568357521449797, 0.0006944443167412828, 0.0008727093421839527, 0.0007841966079467966, 0.0006487032829681994, 0.0011107551041277474, 0.0008043953775086266, 0.000811374891873129, 0.0008396808274483192, 0.000771641673418344, 0.000788728008774342, 0.000879380900914839, 0.000807317899307236, 0.0007392269963020226, 0.0006862057962280232, 0.0008452209105598741, 0.0008418612289460726, 0.0008452689198747976, 0.0008770438042120076, 0.0008771995184361003, 0.0006402196051567444, 0.0007275864782059216, 0.0007886712053277734, 0.0006787686590541853, 0.0006967022259459554, 0.0007390392076558783, 0.0008508643330969789, 0.0007623031063303642, 0.0006454467988078249, 0.0007028579959751369, 0.0006392439297087549, 0.0008442605084383104, 0.00081399075193076, 0.0007315402321182773, 0.0005995711489049427, 0.0009281741752602101, 0.0007166765457441216, 0.0010352678847084461, 0.0007376420443961252, 0.0006399380388756981, 0.0008087124738267448, 0.0005734687193580612, 0.0006679991925921057, 0.0006903255928136787, 0.0006749981991561072, 0.0006171579539113736, 0.000800319959398621, 0.0005923781152887386, 0.0005281587772969943, 0.0007645398599379405, 0.0007914213374533574, 0.0007425066286941729, 0.0007699061605308088, 0.000763480078558132, 0.0007755546721455175, 0.0006515426558962646, 0.0005021832544343851, 0.0008269050472335948, 0.0005976812596145464, 0.0006972564119905655, 0.0005988637136283615, 0.0006205238208849551, 0.0007671385550565901, 0.0007952593837217137, 0.000649129910107149, 0.0006023026291131828, 0.0005181533159884566, 0.0005230519407632527, 0.0006314729442692624, 0.0008126075330437743, 0.0007120741020116839, 0.0007948937018227298, 0.0005983075373819703, 0.0006766778363271441, 0.000525140842592009, 0.0006756620690794079]
2025-11-23 23:27:02 - fedrand - INFO - loss data:
2025-11-23 23:27:02 - fedrand - INFO - [17.044555696845055, 0.2310866904910654, 0.008202094124862924, 0.0030482002475764602, 0.0028378091199556367, 0.0026740890694782137, 0.002836046475567855, 0.002624705620110035, 0.002891721864580177, 0.00289937304914929, 0.0027547456265892833, 0.002693184820236638, 0.002627837657928467, 0.0026181648543570192, 0.002729142116731964, 0.0027526349062100054, 0.0026838856778340415, 0.002695673401467502, 0.002609338381444104, 0.002503458427963778, 0.0025689536036225032, 0.0025109076930675657, 0.002457465961924754, 0.0023467446211725474, 0.005313329679484013, 0.0022922068994375875, 0.00225923616962973, 0.0021377009892603383, 0.002206526284862775, 0.002120342367561534, 0.0018261552046169526, 0.002015141189622227, 0.002001719523104839, 0.0017191531384014524, 0.0021366417844546955, 0.002090263825812144, 0.0017253165038709994, 0.001764081018336583, 0.0018196271324995906, 0.001631451638240833, 0.001762515545124188, 0.0015990175714250654, 0.0015276227466529235, 0.0018197986224549822, 0.0016240620061580557, 0.0017083782906411214, 0.0016153770004166288, 0.0017276300997764338, 0.001481641135615064, 0.0016393278172472491, 0.001480092063138727, 0.0015083974045410286, 0.0013565940862463322, 0.0014347817057569045, 0.0012699119448370765, 0.0016312001116602914, 0.0012849668361013754, 0.0014660293072665809, 0.001480264040583279, 0.0013443107600323856, 0.0013637082316563464, 0.0011381302945665083, 0.001350487741001416, 0.0011154998559504748, 0.0011565777247596997, 0.0013382156426814617, 0.0012740793990815291, 0.0014077734886086546, 0.0014804991784330922, 0.0011632332447334194, 0.0011168506607646123, 0.0013253642067866168, 0.0011932535999221727, 0.0012343929971393663, 0.0012879641632025595, 0.0011845096099023069, 0.0011571747567359126, 0.0010568088498985162, 0.0010501517052034614, 0.0012546688930342499, 0.0012456079391995447, 0.0010432604714878835, 0.0010537906659010333, 0.0009252916697732871, 0.0009247515828974429, 0.0009236014647285628, 0.0012667618004343238, 0.001037176212776103, 0.00100798125467918, 0.0009755974724612315, 0.0012769125063641696, 0.0008837777271764935, 0.0013176446718716761, 0.0010687786954804324, 0.0010443297580422948, 0.001252006173308473, 0.001006759167830751, 0.001048348517724662, 0.0010063390822324437, 0.0009371247248054715, 0.000924929012035136, 0.0010994719387781514, 0.0011736645559722093, 0.0011669447882013627, 0.0010564079464529643, 0.0010134688134712632, 0.0008686477389346693, 0.0009959815022739348, 0.0011118958862425645, 0.000949399621822522, 0.0008712002623724401, 0.0007953593036290839, 0.0010001367425502396, 0.0007674920010686038, 0.0007834845973775373, 0.0011213251282242709, 0.0009374197652505245, 0.00104756827786332, 0.0008034206788579467, 0.0007784550353790109, 0.0009092240065001533, 0.0008293980941743938, 0.0007806605150562973, 0.0009209610572725069, 0.0007165705989791605, 0.0007650590905541321, 0.0008632513769953221, 0.000993043785729242, 0.0007808477534126724, 0.0011413948985136812, 0.0007523273757215065, 0.0007722613998339511, 0.0005884718406377942, 0.0007672061065250092, 0.0011663323473840137, 0.0008855673488142201, 0.0008260840347247723, 0.0007490354847504932, 0.0007245990924275248, 0.0008212364819883077, 0.0008396589075346129, 0.0007252480259012373, 0.0005316135827797552, 0.00062864806413927, 0.0008689411643899802, 0.0007923923051748715, 0.0005134845210250205, 0.0006772043583623599, 0.0007859522161652421, 0.0007230053634202704, 0.0008461905426884186, 0.000524976296856039, 0.0007134906486726322, 0.00072344213440374, 0.0006482005457201012, 0.0006745676739228657, 0.0007142869015297037, 0.000521151187876967, 0.0006829932528489735, 0.0007789962920469407, 0.000636043772828998, 0.0007789112623868277, 0.000842343436875126, 0.0006485747870101477, 0.000819910668360535, 0.0007203301135632501, 0.0006662170428171521, 0.0005655396349766306, 0.0008035355094762053, 0.0007771803786454257, 0.0008049596700402616, 0.0006307965295491158, 0.0006652392499518101, 0.0006744098497620144, 0.0008243988864705897, 0.0006941807097973652, 0.0007608594890371023, 0.000674711474130163, 0.0005647244572173804, 0.0007629953290233971, 0.000699458196231717, 0.0005411085792729863, 0.0005412273687397829, 0.0006306040862909867, 0.00039710805781396625, 0.0006914511495779152, 0.0006620067100811867, 0.0007308331291824288, 0.0007658508546228404, 0.0007579885794257279, 0.0009969582404664834, 0.0007187180382061341, 0.0006683608945422748, 0.0007256443712776673, 0.000512189226310511, 0.000637017957660646, 0.0006716383743423648, 0.0005143967024196172, 0.0006514606231576181, 0.0005902383511966036]
2025-11-24 02:03:41 - fedrand - INFO - loss data:
2025-11-24 02:03:41 - fedrand - INFO - [16.72872285246849, 0.18504110821522773, 0.005900191958062351, 0.0029569058562628923, 0.0027866582124261184, 0.0028388998558511957, 0.002862961668870412, 0.0027823519427329305, 0.0027434391668066382, 0.002915643324377015, 0.0027787200873717667, 0.0026391304592834784, 0.0026139516703551635, 0.0027094421559013425, 0.0026726333337137474, 0.0026243103697197513, 0.0027113701100461183, 0.002651726649492048, 0.002825912967091426, 0.00271263417089358, 0.00275914705125615, 0.0027353457757271827, 0.0026769422373035924, 0.0026238258928060532, 0.0026032327325083314, 0.0025003041577292603, 0.002573412799392827, 0.0024245707114459946, 0.0024566104199038818, 0.002314239356201142, 0.002379733879934065, 0.00233581007050816, 0.0022464369802037256, 0.0021321172709576784, 0.0023098912992281836, 0.002194333245279267, 0.002094296904397197, 0.002103166021697689, 0.0021192855390836486, 0.002074464637553319, 0.0020380243862746284, 0.00211952273893985, 0.0018952566373627632, 0.0019218321962398478, 0.0017146053418400698, 0.0017757313544279896, 0.0017850097479822579, 0.0017176081513753162, 0.001601015003689099, 0.0017496109481726307, 0.0016009747472708114, 0.0014079025844694116, 0.0015378091811726335, 0.0015653264490538277, 0.00175848662329372, 0.001548175249627093, 0.0013627208572870586, 0.0015486837066418955, 0.001386894558891072, 0.0014674514553917107, 0.0014480652680504136, 0.0013929361544796847, 0.0013552417694882024, 0.001417127182139666, 0.0013581087900092826, 0.0012051324498315807, 0.0015745698285172694, 0.0013191622394515435, 0.0013926173811341868, 0.0014920625944796484, 0.001346933028253261, 0.0010308849305147305, 0.0013276408484671266, 0.0012119909129978622, 0.0012822858538129368, 0.0013648981439473573, 0.0010948495895718225, 0.0014027318960870617, 0.001266482255414303, 0.0013297981371579227, 0.0010575932068604744, 0.0014168459383654408, 0.0011308800583719858, 0.0009715492782561342, 0.00101287728502939, 0.0009443934231967432, 0.0011886028351000277, 0.0013387982326094061, 0.001149158177577192, 0.001041106608317932, 0.00083729333437077, 0.0011447234192019096, 0.0011674756329739465, 0.001134912993438775, 0.0010090527885040501, 0.0008638460689326166, 0.001157602737293928, 0.0009603722675819882, 0.0009728206505315029, 0.0010122712159500225, 0.0009600202796718805, 0.0009418370251296436, 0.0009898145090119215, 0.0012766375715727919, 0.0010203800738963764, 0.0012950226830071188, 0.001145133665704634, 0.0009305731542553985, 0.0011549332426511682, 0.0009071709316231136, 0.0009154066488918033, 0.001031640112705645, 0.0009502675024123164, 0.0009833784362854204, 0.0011324080507620238, 0.0010368024572017021, 0.0009246936859199195, 0.0008532193358405493, 0.0010525720304940477, 0.0009198902220305172, 0.0009698528004719265, 0.0008627694127426366, 0.0008409206395299407, 0.0008455034789221828, 0.0007487997942007496, 0.0009046250825122115, 0.0011112091945506108, 0.0012116875685023842, 0.0010315525321857421, 0.0008453927264781668, 0.0010382893993664765, 0.001080128665853408, 0.0009865380778137478, 0.0008775231992331101, 0.0008205684338463471, 0.0007365828427282395, 0.0006944489739908021, 0.0007778554613651067, 0.0006986976592088468, 0.0009521323763692635, 0.0008705355652637082, 0.0007654940945940325, 0.0009049531929122168, 0.000738891625587712, 0.001046578018940636, 0.0006098148731325636, 0.0006919153080161776, 0.0007026975015378412, 0.0007345803457610601, 0.0008158353282397002, 0.0012285633483770653, 0.0006664804104730138, 0.00096103735354518, 0.0008327509028276835, 0.0007343242047681997, 0.0008466733228488011, 0.000656358596188511, 0.0007185420504356443, 0.0007300255514564925, 0.0008240067968017684, 0.0007436808303282305, 0.0008208439178815751, 0.0007445781304340926, 0.0007215336259832838, 0.0009472164677390538, 0.0006002970246299811, 0.0010845735974726266, 0.0009284250056225574, 0.0007459738049874432, 0.000855639382643858, 0.000689605630668666, 0.0006824452673754422, 0.0008415909214818384, 0.000807104739760689, 0.0006386937990100704, 0.0009293152208556422, 0.0006050432770280167, 0.000818570967658161, 0.0009883251203063991, 0.0005662728178322141, 0.0006702323786157648, 0.0005943050217865675, 0.0005478843806486112, 0.000669382517799022, 0.0006245541673706612, 0.0006421768316613452, 0.0007059792448671943, 0.0008406864583776041, 0.0007747904874122469, 0.000747170116756024, 0.0008207696896533889, 0.0006517208681543707, 0.0008008452414287603, 0.0006700105510390131, 0.0007568832034849038, 0.000836144695404073, 0.0005813209161715349, 0.0009234563416612218, 0.0008445483541436261, 0.0006936882105947007]
